0	0.5	5.5	0.1	0
-0.000208341	-0.0175664	-0.101102	-0.0789794	-0
-0.00103354	-0.0476518	-0.104354	-0.178243	1.91879
-0.00142419	0.0197912	-0.107725	-0.0679411	2.35537
0.000189587	0.106254	-0.10743	0.086234	2.35501
0.00416961	0.196515	-0.103009	0.248077	2.10703
0.011213	0.285394	-0.0934395	0.405348	1.98469
0.0196404	0.360394	-0.0811058	0.5398	1.68371
0.0307289	0.429107	-0.0642096	0.663494	1.34865
0.042563	0.479678	-0.0457432	0.755383	0.944845
0.0560406	0.516861	-0.0243879	0.82426	0.543665
0.0702831	0.537703	-0.00158818	0.865171	0.118828
0.0848615	0.542239	0.0219338	0.878602	-0.355332
0.0984702	0.50424	0.0438386	0.80647	-0.94019
0.111381	0.458684	0.0643209	0.725748	-1.15969
0.122702	0.414735	0.0821889	0.654405	-1.41951
0.133872	0.358013	0.0997912	0.564736	-1.68206
0.142676	0.296752	0.113668	0.468319	-1.9457
0.149705	0.226484	0.12474	0.356608	-2.14716
0.154729	0.148887	0.13261	0.232218	-2.29069
0.157601	0.0668776	0.13703	0.100361	-2.36984
0.158218	-0.0178578	0.13782	-0.0365169	-2.38496
0.156546	-0.102887	0.134907	-0.174381	-2.21327
0.152875	-0.176698	0.128803	-0.29101	-2.10443
0.147341	-0.246537	0.119759	-0.401495	-2.06556
0.139666	-0.319853	0.107262	-0.521716	-1.86831
0.130873	-0.381574	0.0929112	-0.623915	-1.58875
0.119781	-0.437543	0.0747674	-0.717276	-1.28338
0.108287	-0.480066	0.0559293	-0.788126	-0.91646
0.0948756	-0.51199	0.0339078	-0.841942	-0.554505
0.0818647	-0.528523	0.0125124	-0.870384	-0.152926
0.06754	-0.532023	-0.0110831	-0.877656	0.227481
0.0541477	-0.495161	-0.0330211	-0.804291	0.878129
0.0419206	-0.451338	-0.0526959	-0.722796	1.03706
0.030347	-0.408529	-0.0711602	-0.650867	1.26151
0.0207312	-0.363218	-0.0864476	-0.577376	1.52083
0.0120434	-0.307768	-0.100222	-0.487671	1.74206
0.00463354	-0.243607	-0.111933	-0.384631	1.93231
-0.000600664	-0.178082	-0.120162	-0.279093	2.08522
-0.00424891	-0.105342	-0.125829	-0.161658	2.17648
-0.00596439	-0.0297067	-0.128373	-0.039297	2.21727
-0.00565154	0.0498724	-0.127627	0.0896851	2.08643
-0.0032875	0.12249	-0.123603	0.204262	2.01695
0.000995583	0.192387	-0.116552	0.314811	1.91437
0.00711716	0.258935	-0.106583	0.421003	1.84981
0.0150278	0.325135	-0.0937098	0.53043	1.63418
0.0250075	0.386112	-0.0774103	0.632423	1.35034
0.0352353	0.430763	-0.0606475	0.707453	1.00774
0.0469023	0.465109	-0.0414815	0.765117	0.674328
0.0597886	0.488429	-0.020276	0.805105	0.31534
0.0731046	0.49796	0.00167749	0.822547	-0.0385154
0.085607	0.461107	0.0221274	0.745712	-0.980703
0.0973373	0.411084	0.0408239	0.647123	-0.833293
0.107167	0.377941	0.0562156	0.590305	-0.980001
0.116844	0.340786	0.0712998	0.531617	-1.18671
0.125419	0.296749	0.0846478	0.462383	-1.76712
0.132143	0.225815	0.0949038	0.337497	-1.61752
0.137401	0.166566	0.102658	0.242551	-1.6844
0.141062	0.107038	0.107891	0.149291	-1.77424
0.143031	0.0468719	0.110488	0.0545973	-1.83188
0.14341	-0.0152271	0.110577	-0.0438534	-1.84205
0.142173	-0.0776026	0.108098	-0.143295	-1.80462
0.139471	-0.136291	0.1033	-0.237265	-1.63412
0.135005	-0.192301	0.0956687	-0.324769	-1.59667
0.129283	-0.246099	0.0860679	-0.411641	-1.43745
0.12194	-0.296387	0.0738296	-0.493461	-1.23161
0.11402	-0.335976	0.0606715	-0.558091	-0.980648
0.104488	-0.369298	0.0448693	-0.612324	-0.722548
0.094971	-0.391482	0.0291076	-0.648709	-0.427444
0.084629	-0.403851	0.0119915	-0.668698	-0.145132
0.0740834	-0.406986	-0.00546487	-0.674345	0.14637
0.0638795	-0.37673	-0.0222197	-0.612639	0.721913
0.0546703	-0.337809	-0.0369881	-0.537313	0.74897
0.0463047	-0.307593	-0.0502328	-0.485848	0.886591
0.0382156	-0.272143	-0.0629778	-0.428818	1.06781
0.0314309	-0.232375	-0.0736499	-0.365728	1.25578
0.0258098	-0.186077	-0.0824716	-0.291778	1.41179
0.0216478	-0.136249	-0.0889643	-0.211682	1.53039
0.0187534	-0.0804435	-0.0934079	-0.121557	1.60457
0.0173973	-0.022297	-0.0953667	-0.0274459	1.63731
0.0175859	0.0345821	-0.0948333	0.0648673	1.53989
0.0191812	0.0856086	-0.0920503	0.145642	1.4896
0.0219589	0.134216	-0.0874146	0.222081	1.41693
0.0260841	0.181483	-0.0806388	0.297055	1.38363
0.0316716	0.230902	-0.0714958	0.378424	1.23792
0.0382541	0.273843	-0.0607002	0.44997	1.03554
0.045845	0.309066	-0.0482293	0.508545	0.807135
0.0545773	0.337124	-0.0338649	0.555429	0.559537
0.0642979	0.356909	-0.0178493	0.589204	0.288175
0.0740594	0.366091	-0.00172983	0.605764	0.00104595
0.0839317	0.364823	0.0146166	0.605163	-0.84249
0.0927666	0.319252	0.0290132	0.512601	-0.673274
0.100931	0.288321	0.0420183	0.457269	-0.763125
0.108545	0.257141	0.0540594	0.406446	-0.924069
0.114991	0.222154	0.0642292	0.350577	-1.09932
0.120229	0.182598	0.0724719	0.287057	-1.18633
0.124553	0.139647	0.0792626	0.219648	-1.35924
0.127451	0.0937765	0.0837955	0.145719	-1.38486
0.129285	0.0441451	0.08662	0.066988	-1.49455
0.129715	-0.0102775	0.0871875	-0.0216221	-1.51167
0.128667	-0.0653253	0.0853431	-0.111809	-1.47562
0.126273	-0.116929	0.0812952	-0.196564	-1.32568
0.122124	-0.167303	0.0743836	-0.277402	-1.27849
0.117392	-0.209781	0.0665511	-0.34742	-1.08134
0.111193	-0.247891	0.0563106	-0.409186	-0.949845
0.104597	-0.278886	0.0454316	-0.460415	-0.74448
0.0970047	-0.304112	0.0329023	-0.502302	-0.52969
0.0881894	-0.324145	0.0183296	-0.53673	-0.29318
0.0796412	-0.333324	0.00417377	-0.552911	-0.0273506
0.0706493	-0.332909	-0.0107413	-0.553087	0.356605
0.0617364	-0.305072	-0.0254142	-0.498603	0.585166
0.0541438	-0.280594	-0.0377691	-0.455613	0.73215
0.0467258	-0.250684	-0.0497857	-0.40601	0.898097
0.0404425	-0.216491	-0.0599468	-0.350367	1.07029
0.0351631	-0.176407	-0.0684761	-0.285117	1.21412
0.0312911	-0.134966	-0.0747237	-0.217635	1.2633
0.0282002	-0.0878238	-0.079714	-0.142531	1.39773
0.0265794	-0.03881	-0.0823369	-0.0626121	1.45187
0.0262461	0.0101394	-0.0828564	0.0177009	1.45501
0.0271339	0.0589246	-0.0813734	0.0977977	1.34718
0.0293914	0.106322	-0.077668	0.173604	1.28297
0.0327339	0.149278	-0.0722353	0.242258	1.19354
0.037343	0.190751	-0.064771	0.308936	1.1309
0.0430549	0.231107	-0.055504	0.376099	0.972655
0.049516	0.26462	-0.0449732	0.432406	0.773261
0.0570438	0.29194	-0.0326614	0.478499	0.557253
0.0648763	0.310122	-0.0198208	0.509343	0.318387
0.073065	0.319604	-0.00637376	0.525587	0.0840937
0.0817215	0.321356	0.00786769	0.529602	-0.16117
0.0897797	0.297962	0.0210417	0.483154	-0.532883
0.0971984	0.274275	0.032998	0.440339	-0.638065
0.103732	0.249859	0.0434513	0.399242	-0.787788
0.109828	0.220376	0.0531683	0.35097	-0.934448
0.11509	0.18609	0.0615253	0.295246	-1.07235
0.119255	0.148785	0.0681069	0.2346	-1.18604
0.122661	0.105535	0.0734459	0.164145	-1.26735
0.124722	0.0617213	0.0766142	0.0931719	-1.32201
0.125682	0.0169023	0.077991	0.0201628	-1.34116
0.125486	-0.0300943	0.0774803	-0.0564461	-1.32682
0.12408	-0.0763246	0.0749971	-0.131869	-1.27806
0.121499	-0.120613	0.0705981	-0.204191	-1.19586
0.117645	-0.163424	0.0641149	-0.27422	-1.0822
0.112898	-0.200521	0.056176	-0.335048	-0.933621
0.107028	-0.233395	0.0463916	-0.388941	-0.764629
0.100618	-0.258995	0.0357273	-0.431031	-0.568407
0.0939151	-0.276734	0.0245881	-0.459988	-0.364108
0.0865734	-0.287809	0.0124019	-0.477899	-0.162265
0.078735	-0.292538	-0.000608928	-0.486101	0.0451165
0.0713669	-0.271839	-0.0127467	-0.44292	0.542816
0.0646548	-0.245898	-0.0235571	-0.39215	0.498723
0.05877	-0.226298	-0.0328976	-0.358337	0.595464
0.0533958	-0.204887	-0.0413862	-0.323471	0.721449
0.0482404	-0.178126	-0.0495117	-0.28078	0.845432
0.0440162	-0.148223	-0.0561563	-0.233119	0.964868
0.0405108	-0.112967	-0.0616475	-0.176563	1.05796
0.0380756	-0.0759432	-0.065426	-0.116944	1.12629
0.0366695	-0.0381528	-0.0675504	-0.0557848	1.16306
0.0362257	0.00372731	-0.0681056	0.0121137	1.16948
0.0368241	0.0425869	-0.0669826	0.0752504	1.08622
0.0384214	0.0788636	-0.0642546	0.132487	1.0392
0.0408222	0.111965	-0.0602687	0.184708	0.976277
0.0443121	0.14548	-0.0545466	0.237902	0.938272
0.0483442	0.176109	-0.0479552	0.288273	0.819114
0.0535007	0.205063	-0.0395138	0.336264	0.678249
0.0591349	0.227744	-0.030275	0.374076	0.505844
0.0655201	0.244845	-0.0197903	0.402666	0.325838
0.0720198	0.254936	-0.00910284	0.41981	0.13239
0.0784307	0.257917	0.00145047	0.425029	-0.0535365
0.0849239	0.239658	0.0120573	0.38723	-0.488359
0.0906114	0.21673	0.0211352	0.342323	-0.438604
0.0961894	0.197819	0.029896	0.309802	-0.515535
0.101068	0.178543	0.0375178	0.278933	-0.632977
0.10524	0.156418	0.0440214	0.243687	-0.746795
0.109071	0.12861	0.0499668	0.199246	-0.842094
0.112009	0.0987423	0.0544935	0.15146	-0.924011
0.114263	0.0636373	0.0579079	0.095019	-0.980341
0.115452	0.029239	0.0596255	0.0395355	-1.01274
0.115733	-0.00619301	0.0598771	-0.0178703	-1.01579
0.115136	-0.0402061	0.0587135	-0.073087	-0.991685
0.113551	-0.0759346	0.0559291	-0.131195	-0.94393
0.111138	-0.108501	0.0518072	-0.184283	-0.86649
0.107918	-0.138151	0.0463716	-0.232589	-0.768196
0.103807	-0.165424	0.0394731	-0.277205	-0.650133
0.0990257	-0.188137	0.031481	-0.314439	-0.508388
0.0941154	-0.20422	0.0232887	-0.340708	-0.352127
0.0886512	-0.215548	0.014185	-0.359125	-0.199989
0.0829722	-0.221262	0.00473484	-0.368379	-0.0399572
0.0769888	-0.221814	-0.00522415	-0.369612	0.129573
0.0716359	-0.206104	-0.0140769	-0.338265	0.373021
0.0665019	-0.189859	-0.0224558	-0.308793	0.451835
0.0619798	-0.172872	-0.0297881	-0.28012	0.558104
0.0577687	-0.152057	-0.0365936	-0.24561	0.661155
0.0541386	-0.128142	-0.0424466	-0.206548	0.755645
0.0511763	-0.10096	-0.0472083	-0.162133	0.834501
0.0489548	-0.0712158	-0.0507606	-0.113516	0.892104
0.0475703	-0.0408595	-0.0529488	-0.0638608	0.92687
0.046957	-0.00951901	-0.0538761	-0.0125635	0.937623
0.0471519	0.0232204	-0.053479	0.0410025	0.877706
0.0481029	0.0516815	-0.0518661	0.0862143	0.845222
0.0498268	0.0798998	-0.0490243	0.130951	0.802952
0.052264	0.106657	-0.0450494	0.173633	0.777966
0.0553932	0.133217	-0.0399531	0.21741	0.691904
0.0593348	0.157884	-0.033514	0.258502	0.579804
0.0637009	0.177422	-0.0263635	0.291131	0.444605
0.0685085	0.191998	-0.0184767	0.315428	0.302703
0.0734247	0.201066	-0.0104034	0.330545	0.15502
0.0787064	0.205197	-0.0017257	0.337488	0.013009
0.0840301	0.204473	0.00702874	0.336745	-0.223712
0.0891282	0.188509	0.0153501	0.305491	-0.355182
0.0938178	0.17323	0.0229103	0.278435	-0.434693
0.0982435	0.155619	0.0300008	0.2491	-0.533648
0.101882	0.136447	0.0358104	0.217761	-0.634213
0.105225	0.112299	0.0411272	0.178336	-0.715829
0.107884	0.0856615	0.0453332	0.135137	-0.78546
0.10973	0.0575758	0.0482238	0.0894081	-0.835711
0.110877	0.0255956	0.0499657	0.0372206	-1.04727
0.111003	-0.0145155	0.0499806	-0.0337601	-0.863798
0.110253	-0.0436552	0.0484965	-0.0820293	-0.801577
0.108811	-0.0704599	0.0458905	-0.124943	-0.747409
0.106639	-0.0957409	0.0421007	-0.165424	-0.683865
0.103722	-0.119643	0.0371048	-0.203843	-0.601125
0.100342	-0.139725	0.0313767	-0.23622	-0.498082
0.0966472	-0.155396	0.0251535	-0.261319	-0.385068
0.0922698	-0.168373	0.0178117	-0.282156	-0.26822
0.0876053	-0.177023	0.0100095	-0.296167	-0.135149
0.0829546	-0.180705	0.00223796	-0.302113	-7.07653e-05
0.0780963	-0.179301	-0.00587528	-0.299623	0.327208
0.0736804	-0.161859	-0.013164	-0.264567	0.321942
0.0695194	-0.147313	-0.0199242	-0.238461	0.383524
0.0660286	-0.132801	-0.0255569	-0.214019	0.469622
0.0628138	-0.115221	-0.030724	-0.184986	0.547821
0.0600928	-0.0950418	-0.0350784	-0.151871	0.618513
0.0579269	-0.0725705	-0.0385235	-0.115059	0.674369
0.0564172	-0.04923	-0.0408986	-0.0768141	0.713139
0.0554782	-0.0239176	-0.0423376	-0.0354188	0.73288
0.0552094	0.00299797	-0.0426766	0.0086265	0.735282
0.0556078	0.027877	-0.0419315	0.0493791	0.717312
0.0567254	0.0539445	-0.0400018	0.0920922	0.648266
0.0584237	0.0758714	-0.0371379	0.127072	0.62602
0.0606848	0.0973647	-0.0333661	0.162218	0.562176
0.0634776	0.116735	-0.0287214	0.194129	0.47883
0.0667294	0.132931	-0.0233225	0.220781	0.381367
0.070209	0.14508	-0.0175513	0.240716	0.27448
0.0741032	0.15407	-0.0110957	0.255529	0.165954
0.0783341	0.159294	-0.00408444	0.264262	0.0502014
0.0824885	0.160345	0.00280593	0.266306	-0.07446
0.0868031	0.147544	0.00990569	0.24052	-0.34922
0.0902865	0.132022	0.0155183	0.210596	-0.313381
0.0935445	0.119525	0.0206897	0.189302	-0.366605
0.0964711	0.10622	0.0253159	0.167898	-0.437067
0.0990236	0.0907522	0.0293443	0.143222	-0.505173
0.101216	0.0723412	0.0327959	0.113773	-0.563151
0.102828	0.0525398	0.0353187	0.0818856	-0.609167
0.103907	0.0312635	0.0369825	0.0474805	-0.637396
0.104427	0.00814939	0.0377369	0.00995073	-0.649147
0.104334	-0.0144113	0.0374997	-0.0267606	-0.643136
0.103659	-0.0366414	0.0363161	-0.0629817	-0.620197
0.102478	-0.0571138	0.0343102	-0.0963462	-0.581089
0.100647	-0.0777428	0.0312401	-0.130016	-0.529358
0.0983852	-0.0956523	0.0274699	-0.159306	-0.459059
0.0956897	-0.11109	0.0229898	-0.184571	-0.378911
0.0926362	-0.123463	0.0179267	-0.20473	-0.288906
0.0893042	-0.13262	0.0124103	-0.21963	-0.192523
0.08578	-0.138371	0.00658117	-0.228981	-0.0922479
0.0821533	-0.140614	0.000585376	-0.232645	0.007906
0.0786127	-0.130523	-0.0052164	-0.211273	0.327785
0.0754475	-0.113848	-0.0102399	-0.177302	0.225854
0.0726384	-0.103535	-0.0145721	-0.158866	0.246796
0.0699794	-0.094002	-0.0186406	-0.143783	0.297965
0.0676801	-0.083431	-0.022152	-0.127495	0.359359
0.0656833	-0.0707724	-0.0251946	-0.107743	0.414202
0.0640409	-0.0562158	-0.0276814	-0.08477	0.459479
0.0628364	-0.0409399	-0.0294791	-0.0603404	0.493235
0.0620117	-0.0234157	-0.0306651	-0.0323371	0.513283
0.0616451	-0.00550195	-0.0311156	-0.00352559	0.521443
0.0617603	0.0133272	-0.0307853	0.026862	0.515837
0.0623166	0.030501	-0.0297536	0.0546476	0.474773
0.0632784	0.045838	-0.0280742	0.0788438	0.46441
0.0646216	0.0610659	-0.0257864	0.103443	0.426636
0.0664841	0.0762918	-0.022647	0.128281	0.375644
0.068638	0.0890069	-0.0190366	0.149073	0.308925
0.0710892	0.0992629	-0.0149414	0.165775	0.236217
0.073665	0.106599	-0.0106478	0.177664	0.158059
0.0765046	0.111592	-0.00592112	0.185771	0.0799995
0.0794379	0.113902	-0.00104116	0.189625	-0.00159354
0.0821889	0.105516	0.00348961	0.171611	-0.241435
0.084765	0.0932051	0.00760673	0.146474	-0.177376
0.0870706	0.0850712	0.0111969	0.131803	-0.195428
0.0892585	0.0774315	0.0145771	0.119565	-0.237639
0.0911548	0.0688965	0.0175004	0.106267	-0.288052
0.0928066	0.0586579	0.0200412	0.0901618	-0.333087
0.0941716	0.0468738	0.0221291	0.0714551	-0.370424
0.0952485	0.0333934	0.0237562	0.0499616	-0.398486
0.0959272	0.0194019	0.0247499	0.0274956	-0.417209
0.0962393	0.00426454	0.0251504	0.0030838	-0.423998
0.0961503	-0.0105291	0.0249072	-0.0208701	-0.419279
0.0956545	-0.0256527	0.0240011	-0.0454175	-0.403319
0.0948394	-0.0390479	0.0225844	-0.0671904	-0.375447
0.0936513	-0.0518953	0.0205588	-0.0880366	-0.340095
0.0920812	-0.0639737	0.0179085	-0.107733	-0.294982
0.0902838	-0.073998	0.0148904	-0.124135	-0.239379
0.0882545	-0.0818883	0.011495	-0.136943	-0.179112
0.0861337	-0.0875085	0.007954	-0.146075	-0.115114
0.0838098	-0.0910725	0.00408005	-0.151825	-0.0511599
0.0814261	-0.092311	0.000110789	-0.153805	0.0147416
0.0791025	-0.0856841	-0.0037257	-0.139865	0.185463
0.0769995	-0.076613	-0.00711052	-0.121792	0.154674
0.0750996	-0.0701217	-0.0101122	-0.110457	0.180266
0.0733668	-0.0635138	-0.0128363	-0.0998389	0.219508
0.0718227	-0.0556703	-0.0152592	-0.0873849	0.26015
0.0705468	-0.0468188	-0.017257	-0.0732601	0.296116
0.0694334	-0.03606	-0.0189924	-0.056037	0.324088
0.0686496	-0.0247176	-0.0202008	-0.0377994	0.34612
0.0681694	-0.0126753	-0.0209208	-0.0183571	0.358383
0.0680105	-0.00163838	-0.0211277	-0.000454792	0.361393
0.0681479	0.0113449	-0.0208453	0.0206253	0.355983
0.0686327	0.0241	-0.0199984	0.0413998	0.340514
0.0694172	0.0357951	-0.0186653	0.0604838	0.315236
0.0705399	0.0469587	-0.0167786	0.0787123	0.282357
0.0718882	0.0564489	-0.0145264	0.0942022	0.240427
0.0735267	0.0646968	-0.0117994	0.107637	0.193786
0.0752925	0.0709726	-0.00886699	0.117877	0.140393
0.0771985	0.0754358	-0.00570504	0.125173	0.0854022
0.0791916	0.0778478	-0.0024021	0.129067	0.0288297
0.0811427	0.0782582	0.000829482	0.12969	-0.0273826
0.0831038	0.0723822	0.00404875	0.117614	-0.133606
0.0848985	0.0660695	0.00693804	0.105616	-0.140057
0.0865983	0.0601704	0.00964368	0.0955837	-0.170785
0.0881297	0.0535679	0.0120712	0.0849098	-0.208257
0.0894185	0.0459505	0.0141092	0.0726295	-0.243944
0.0904932	0.0371178	0.0158013	0.0583188	-0.272742
0.0913253	0.0273189	0.0171003	0.0423988	-0.2945
0.0918764	0.0172081	0.0179446	0.0259317	-0.30861
0.0921821	0.00586561	0.0183856	0.00745145	-0.314513
0.0921901	-0.00479324	0.0183456	-0.00993694	-0.312447
0.0919177	-0.015741	0.0178463	-0.0278069	-0.302616
0.0913664	-0.0262738	0.0168923	-0.0450101	-0.284621
0.090551	-0.0361064	0.0155071	-0.0610716	-0.259146
0.089493	-0.0449786	0.0137263	-0.0755611	-0.226903
0.0882207	-0.0526578	0.0115957	-0.088095	-0.188776
0.0867676	-0.0589448	0.00917055	-0.0983461	-0.145822
0.0851718	-0.0636945	0.00651285	-0.106086	-0.0992725
0.0834746	-0.0667962	0.00369007	-0.111141	-0.0505288
0.0817197	-0.0681899	0.000773155	-0.113421	-0.00152408
0.0800207	-0.0677646	-0.00205035	-0.112679	0.0984327
0.0783404	-0.0620186	-0.00481461	-0.101226	0.118176
0.0768562	-0.0570358	-0.00722343	-0.092246	0.142754
0.0753989	-0.0512082	-0.00957226	-0.0824083	0.173285
0.0742462	-0.0451677	-0.0114223	-0.0724338	0.205917
0.0731368	-0.0373176	-0.0131958	-0.0595415	0.231441
0.0722521	-0.0285993	-0.0146012	-0.0453073	0.254449
0.0716325	-0.0194523	-0.0155754	-0.0303569	0.270897
0.0712475	-0.00943895	-0.0161653	-0.0139822	0.279563
0.0711362	0.000476692	-0.016309	0.00225882	0.280868
0.0712718	0.00986599	-0.01605	0.0177259	0.274493
0.0716604	0.0196115	-0.0153754	0.0336145	0.261242
0.0722638	0.0283305	-0.0143508	0.0478842	0.241381
0.0731131	0.0366727	-0.0129223	0.0615463	0.21613
0.0741655	0.0440438	-0.0111618	0.0736169	0.184277
0.0753433	0.0499952	-0.00919769	0.0833376	0.147665
0.0767098	0.0549188	-0.00692364	0.0913876	0.109067
0.0781841	0.058415	-0.00447382	0.0971068	0.0662883
0.0796687	0.0603184	-0.0020085	0.100209	0.0224042
0.0813055	0.0608696	0.000709324	0.101171	-0.0196024
0.0828352	0.0564917	0.00323077	0.0922247	-0.106527
0.0841847	0.0517741	0.00541537	0.0832751	-0.11196
0.0854695	0.0473277	0.00747379	0.0756961	-0.13582
0.0866308	0.0422844	0.009327	0.0674719	-0.164384
0.087649	0.0363383	0.0109484	0.0578583	-0.191292
0.0884713	0.0297575	0.0122541	0.0471991	-0.214161
0.0891648	0.0219022	0.0133493	0.0344729	-0.231163
0.0896101	0.0140645	0.0140444	0.0217443	-0.243586
0.0898606	0.005533	0.0144221	0.00785751	-0.249047
0.0898872	-0.00315195	0.0144353	-0.00629717	-0.248355
0.0896889	-0.0117739	0.0140818	-0.0203691	-0.241204
0.0892502	-0.0204134	0.0133353	-0.0344835	-0.227727
0.0886145	-0.0282132	0.012268	-0.0472417	-0.207435
0.087751	-0.0355147	0.0108276	-0.0591784	-0.182313
0.0867874	-0.0413823	0.00922568	-0.0687675	-0.151308
0.0856438	-0.046386	0.00732884	-0.0769222	-0.118868
0.0843369	-0.0503364	0.00516523	-0.0833717	-0.0823923
0.0829416	-0.0529765	0.00285656	-0.0877342	-0.0425494
0.0815494	-0.0541176	0.000552605	-0.0896431	-0.00204932
0.0801444	-0.0539198	-0.00177449	-0.089402	0.0681687
0.0788034	-0.0495482	-0.00397679	-0.0807776	0.0949865
0.0776176	-0.0455781	-0.00589976	-0.0736687	0.115742
0.0764956	-0.0409952	-0.00770658	-0.0659135	0.140422
0.0755021	-0.0356996	-0.00929915	-0.0571724	0.165325
0.0746568	-0.0296129	-0.0106485	-0.0471968	0.187227
0.074002	-0.0230656	-0.0116872	-0.0364717	0.204736
0.0735024	-0.015684	-0.0124706	-0.0243736	0.216623
0.0731994	-0.00794544	-0.0129323	-0.0117058	0.223397
0.0730996	-3.72548e-05	-0.0130618	0.00123157	0.224436
0.0732135	0.00816924	-0.0128406	0.0146668	0.219684
0.0735296	0.0158571	-0.0122899	0.0272629	0.208614
0.07404	0.023121	-0.0114209	0.039168	0.19231
0.0747913	0.0302913	-0.0101547	0.0509443	0.170926
0.0756936	0.03637	-0.00864152	0.0609558	0.142724
0.0767034	0.0411679	-0.00695297	0.0688233	0.111209
0.0778224	0.0448076	-0.00508612	0.0747522	0.0781816
0.0790674	0.0473719	-0.00301232	0.0789366	0.0436091
0.0802671	0.0485834	-0.0010152	0.0809241	0.00713661
0.0815283	0.0484549	0.00108292	0.0806403	-0.0301581
0.0827413	0.0448282	0.00308489	0.0733825	-0.0801853
0.0838576	0.0412617	0.00490151	0.0669039	-0.0975429
0.0848775	0.0373955	0.00655	0.060356	-0.120473
0.0858198	0.0326532	0.00806655	0.0525196	-0.14349
0.0865967	0.0273606	0.00931271	0.0438505	-0.164585
0.0872266	0.0213612	0.0103182	0.0340149	-0.181081
0.0876937	0.0148579	0.0110572	0.0234077	-0.192856
0.0879781	0.0081806	0.0114979	0.0124008	-0.199925
0.0880958	0.000806044	0.0116632	0.000304797	-0.201167
0.0880208	-0.00629612	0.0115138	-0.0113408	-0.197343
0.0877638	-0.0132127	0.0110664	-0.0226784	-0.188397
0.0873517	-0.0195106	0.0103662	-0.0329927	-0.174529
0.0867629	-0.025548	0.00937554	-0.0428801	-0.15694
0.0860577	-0.0306945	0.00819572	-0.0512953	-0.134627
0.0851625	-0.0354416	0.00670311	-0.0590732	-0.109966
0.0841923	-0.0390978	0.00508861	-0.065082	-0.0803099
0.083183	-0.0415768	0.00341097	-0.0691224	-0.0487513
0.0820814	-0.0430733	0.00158163	-0.0715464	-0.0195045
0.080956	-0.0435144	-0.000286145	-0.072282	0.0115018
0.0797847	-0.039996	-0.00221163	-0.0650129	0.0828568
0.0787975	-0.0361426	-0.00379876	-0.0575722	0.0775713
0.0779008	-0.0330515	-0.00522092	-0.0523132	0.0928184
0.077058	-0.0295469	-0.0065525	-0.0466914	0.112404
0.0763191	-0.0253875	-0.00771806	-0.0400743	0.13224
0.0757226	-0.0207106	-0.00865725	-0.0325871	0.149285
0.0752395	-0.0152772	-0.00941418	-0.0238479	0.16199
0.0749187	-0.00961499	-0.00991048	-0.0147029	0.170884
0.0747533	-0.00385951	-0.010156	-0.00534929	0.174978
0.0747377	0.00246827	-0.0101562	0.00495176	0.174421
0.0749012	0.00898232	-0.00986374	0.0155796	0.203317
0.075237	0.0166053	-0.00927879	0.029047	0.158502
0.0757436	0.0221034	-0.00840051	0.038102	0.136748
0.0763791	0.0266265	-0.0073134	0.045351	0.116569
0.0770914	0.0302409	-0.00610675	0.0510828	0.0947641
0.077919	0.0332984	-0.00471355	0.055945	0.071922
0.0788493	0.0355729	-0.00315529	0.0595379	0.0463068
0.0797546	0.0368267	-0.00164311	0.0614957	0.0188507
0.0807549	0.0372329	2.48769e-05	0.062091	-0.00642841
0.0816538	0.0345188	0.00150934	0.0563811	-0.0651087
0.0825395	0.0312438	0.00293972	0.0499746	-0.0620193
0.0832873	0.0287527	0.00413015	0.0456559	-0.0752549
0.0839952	0.025871	0.00525087	0.0409191	-0.0912687
0.084622	0.0225099	0.00623952	0.0354892	-0.107397
0.0851365	0.0188	0.00704858	0.0295134	-0.121528
0.085566	0.0144295	0.00771902	0.0224276	-0.132503
0.085877	0.00970298	0.00819763	0.0147569	-0.140418
0.0860619	0.00472485	0.00847144	0.00666327	-0.144747
0.0861158	-0.000377643	0.00853225	-0.00164494	-0.145301
0.0860372	-0.00546994	0.00837751	-0.00994529	-0.142044
0.0858283	-0.0104169	0.00801044	-0.018014	-0.135061
0.0854946	-0.0150873	0.00743998	-0.0256338	-0.124539
0.0850449	-0.0193578	0.00668054	-0.0326006	-0.110766
0.0844912	-0.0231159	0.00575158	-0.038729	-0.0941154
0.0838217	-0.0263903	0.00463295	-0.0440745	-0.0750466
0.0831025	-0.0288645	0.00343411	-0.0481252	-0.0531897
0.0823274	-0.0306414	0.0021426	-0.0510684	-0.0307481
0.0815189	-0.0315363	0.000796839	-0.052524	-0.00758069
0.0807304	-0.0315567	-0.000514976	-0.0525145	0.0164342
0.0799376	-0.0292886	-0.00182402	-0.0479298	0.0524818
0.0792094	-0.0268838	-0.00300721	-0.0434679	0.0611076
0.0785689	-0.0245003	-0.00403871	-0.0393825	0.0750736
0.0779709	-0.0216427	-0.00499687	-0.0346549	0.0891535
0.0774536	-0.0183258	-0.00582205	-0.0291953	0.102526
0.0770425	-0.0147273	-0.00647425	-0.0233033	0.113452
0.0767153	-0.0106268	-0.00698851	-0.0165894	0.121372
0.0764978	-0.00628275	-0.00732323	-0.00948638	0.126513
0.0763953	-0.00178816	-0.00747024	-0.00213614	0.128426
0.07641	0.0027439	-0.00742561	0.00527766	0.126993
0.0765414	0.00719534	-0.0071903	0.0125609	0.122235
0.0767746	0.011294	-0.00678928	0.0192688	0.114277
0.0771371	0.0154041	-0.00617534	0.025996	0.103784
0.0775854	0.0189607	-0.00542188	0.0318249	0.0896407
0.0781189	0.0219871	-0.00452901	0.0367696	0.0735788
0.0787723	0.0246247	-0.00343882	0.0410918	0.0637577
0.0794691	0.0269576	-0.00227423	0.045194	0.034884
0.080157	0.02802	-0.00112194	0.0469631	0.0119889
0.0809168	0.0282666	0.000149622	0.0473246	-0.00789053
0.0816253	0.0261324	0.00132464	0.0428881	-0.0486297
0.0822724	0.023794	0.00237644	0.0383812	-0.0500826
0.0828625	0.0217259	0.00332388	0.0348061	-0.0609928
0.0833953	0.0193936	0.00417509	0.0309568	-0.0738501
0.0838623	0.0166607	0.00491837	0.0265	-0.0859593
0.0842394	0.0136488	0.00551607	0.0215912	-0.0962419
0.084547	0.0101728	0.00599992	0.015917	-0.10387
0.0847612	0.00645652	0.00633125	0.00985504	-0.109137
0.084879	0.00243178	0.00650492	0.00328729	-0.11162
0.084889	-0.0015066	0.00650342	-0.00314481	-0.111131
0.0847972	-0.00540363	0.00633582	-0.00951379	-0.107692
0.084597	-0.00927608	0.00599049	-0.015809	-0.101422
0.0843208	-0.0126847	0.00552206	-0.0214302	-0.0923009
0.0839155	-0.016129	0.00484017	-0.027087	-0.0810574
0.0834592	-0.0188877	0.00407587	-0.0316207	-0.0662595
0.0829387	-0.02109	0.00320653	-0.0352104	-0.0506964
0.0823685	-0.0227306	0.00225641	-0.0378761	-0.0340666
0.0817149	-0.023908	0.00116846	-0.0398258	-0.0167422
0.0810872	-0.0243794	0.000123346	-0.0406338	0.00221551
0.0804985	-0.022586	-0.000847571	-0.0368138	0.0583831
0.0799522	-0.0195951	-0.0017201	-0.0306859	0.0395301
0.0794687	-0.0178008	-0.00246997	-0.0274564	0.0427445
0.0790279	-0.0161974	-0.00314783	-0.0248878	0.0514529
0.0786464	-0.0144175	-0.00373273	-0.0221016	0.0614989
0.0782881	-0.0121921	-0.00428082	-0.0186283	0.0703952
0.0779947	-0.00964113	-0.00472722	-0.0146166	0.0785674
0.0777883	-0.00698509	-0.00503707	-0.0103809	0.0847332
0.0776471	-0.00400416	-0.00524181	-0.0055844	0.0882297
0.0775833	-0.000676788	-0.00532004	-0.000215299	0.108562
0.077621	0.00344263	-0.00522854	0.00702943	0.0882777
0.0777528	0.00654767	-0.00497656	0.0121076	0.0805177
0.0779598	0.00927341	-0.00460342	0.0164591	0.0734645
0.0782339	0.0117258	-0.00412358	0.0203552	0.0652096
0.0785676	0.0138785	-0.00354909	0.023772	0.055419
0.0789525	0.0156813	-0.00289347	0.0266294	0.0442352
0.0793619	0.0170314	-0.00220103	0.0287557	0.0319445
0.0798176	0.0180009	-0.00143412	0.0302608	0.019454
0.0802927	0.0185446	-0.000637115	0.0310971	0.00623077
0.0807755	0.0186007	0.000171033	0.0311359	-0.00727137
0.0812415	0.0171866	0.000943722	0.0282195	-0.0314099
0.0816678	0.0157025	0.00163773	0.0253983	-0.0339624
0.0820425	0.0143622	0.00224139	0.0230875	-0.0416618
0.082394	0.0127631	0.00280465	0.0204322	-0.0499012
0.0827006	0.0109134	0.00329409	0.0174063	-0.0577965
0.082938	0.00896458	0.00367145	0.0142194	-0.064485
0.0831398	0.00664238	0.00398966	0.0104233	-0.069211
0.0832789	0.00416385	0.00420557	0.00637543	-0.072618
0.0833522	0.00158234	0.00431412	0.00215744	-0.0741644
0.0833579	-0.00103696	0.00431232	-0.00212462	-0.0737764
0.083296	-0.00362559	0.00420002	-0.00635801	-0.0714547
0.0831743	-0.00601887	0.00399044	-0.0102705	-0.06726
0.0829863	-0.00835005	0.00367215	-0.0140821	-0.0615784
0.0827406	-0.010472	0.0032594	-0.0175579	-0.0540906
0.0824438	-0.0123046	0.0027632	-0.020553	-0.045145
0.0821175	-0.0137487	0.00221955	-0.0229045	-0.0350841
0.0817449	-0.0148854	0.00160006	-0.0247458	-0.0246313
0.0813471	-0.0156792	0.000939401	-0.0260519	-0.0132821
0.08095	-0.0160616	0.000279978	-0.0266877	-0.00164634
0.0805328	-0.0160224	-0.000412891	-0.0266198	0.0107356
0.0801316	-0.0148315	-0.00107402	-0.0242564	0.0275804
0.0797766	-0.0136514	-0.00165129	-0.022109	0.0332954
0.07944	-0.0123152	-0.00219414	-0.0198271	0.0404405
0.0791516	-0.0108352	-0.00265701	-0.017369	0.0478264
0.0788847	-0.00901073	-0.00308361	-0.0143757	0.0541545
0.0786772	-0.00704172	-0.00341329	-0.0111566	0.0597546
0.0785233	-0.0048868	-0.00365525	-0.00762733	0.0636526
0.078427	-0.00262059	-0.00380303	-0.00393439	0.065867
0.0783905	-0.000273541	-0.00385299	-7.08686e-05	0.0664694
0.0784172	0.0021626	-0.00379901	0.00392422	0.0784894
0.0785128	0.00512083	-0.00362772	0.00915122	0.0620124
0.0786841	0.0074269	-0.00332576	0.0129824	0.0545155
0.078902	0.0092749	-0.00294837	0.0159693	0.0470161
0.079164	0.0108324	-0.00250021	0.0184585	0.039115
0.0794626	0.0121023	-0.0019938	0.0204787	0.0303881
0.0797901	0.0130638	-0.00144161	0.0220015	0.0209487
0.0801244	0.0136684	-0.000879961	0.0229454	0.0110487
0.080484	0.0139699	-0.000277388	0.0234066	0.00148324
0.0808601	0.0139046	0.000351883	0.0232724	-0.0137138
0.0812067	0.0127993	0.000926678	0.021062	-0.0234265
0.0815251	0.0117637	0.00144782	0.0191904	-0.028921
0.0818256	0.010567	0.00193637	0.0171586	-0.0356403
0.0820819	0.00921618	0.00235145	0.0149203	-0.0424203
0.0822925	0.00770212	0.00269139	0.0124195	-0.0481305
0.0824691	0.00595038	0.00297515	0.0095365	-0.0524709
0.082594	0.00412354	0.00317413	0.00653092	-0.0556903
0.0826743	0.00213031	0.00329962	0.0032562	-0.0574014
0.082702	8.71182e-06	0.0033386	-0.000228135	-0.0577261
0.0826747	-0.00203108	0.00328745	-0.00357803	-0.056459
0.0825951	-0.00401391	0.00315055	-0.00683432	-0.0537235
0.0824713	-0.0058163	0.00294133	-0.00979298	-0.0495715
0.0822969	-0.00753161	0.00264894	-0.0126053	-0.044354
0.0820805	-0.00905587	0.00228766	-0.0151089	-0.0378136
0.0818177	-0.0103796	0.00185005	-0.0172806	-0.0302544
0.081523	-0.0114241	0.00136017	-0.0190029	-0.0216129
0.0812046	-0.0121501	0.00083118	-0.020206	-0.0131691
0.0808955	-0.0125606	0.000316974	-0.0209156	-0.00285769
0.0805683	-0.0125895	-0.000227528	-0.0209604	0.00645581
0.080238	-0.0117475	-0.000774188	-0.0192873	0.0214245
0.0799352	-0.010747	-0.0012681	-0.0174497	0.0255594
0.0796796	-0.00975668	-0.0016815	-0.015756	0.031551
0.0794252	-0.00847234	-0.00209115	-0.0136257	0.0371875
0.0792236	-0.00710074	-0.00241449	-0.0113793	0.0428259
0.0790602	-0.00553712	-0.00267521	-0.00881122	0.0471011
0.0789394	-0.00383371	-0.00286616	-0.00601359	0.0501183
0.078864	-0.00203644	-0.00298242	-0.00306268	0.0518238
0.078836	-0.000192121	-0.00302105	-3.53675e-05	0.0521736
0.0788559	0.0016505	-0.00298117	0.00298794	0.051157
0.078923	0.00344477	-0.00286388	0.00593134	0.0488039
0.0790303	0.00507724	-0.00268103	0.00860666	0.045172
0.0791902	0.00670163	-0.00241157	0.0112707	0.0405785
0.0793749	0.00803583	-0.00210176	0.0134592	0.0345034
0.0796089	0.00925257	-0.00171075	0.0154539	0.0280071
0.0798725	0.0102336	-0.00127115	0.0170774	0.0202563
0.0801582	0.0109165	-0.000794938	0.0182082	0.011866
0.0804472	0.0112922	-0.000313111	0.0188413	0.00328894
0.0807416	0.0113432	0.000177884	0.0189271	-0.00564231
0.0810267	0.0105283	0.000649797	0.0172778	-0.017881
0.0812988	0.00968637	0.00109358	0.0157356	-0.0217671
0.0815298	0.00884394	0.0014676	0.0143031	-0.0273478
0.0817531	0.00775909	0.00182776	0.0125018	-0.0325843
0.0819319	0.00659852	0.00211506	0.0105972	-0.0375924
0.0820901	0.00517179	0.0023682	0.0082559	-0.0414324
0.0822043	0.00367654	0.00254946	0.00580917	-0.0444623
0.0822803	0.00202295	0.00266812	0.00310056	-0.0462441
0.0823107	0.000378766	0.00271223	0.000406469	-0.0468033
0.0822968	-0.00133822	0.00268378	-0.0024088	-0.046091
0.0822372	-0.00301831	0.00258026	-0.00516591	-0.0440612
0.0821426	-0.00449394	0.00241984	-0.00758619	-0.0407674
0.0820069	-0.0058983	0.00219191	-0.00988285	-0.0366916
0.0818365	-0.00715957	0.00190722	-0.0119522	-0.0315617
0.0816275	-0.00827682	0.00155908	-0.0137899	-0.0255603
0.081401	-0.00912681	0.00118225	-0.0151869	-0.0186003
0.0811554	-0.00973876	0.000773957	-0.0161947	-0.0114434
0.0809077	-0.0100673	0.000362612	-0.0167274	-0.00405807
0.0806452	-0.0101288	-7.29504e-05	-0.0168102	0.00290399
0.080382	-0.00933611	-0.000505386	-0.0151715	0.0189322
0.0801602	-0.00845997	-0.000861817	-0.0134709	0.0181853
0.0799507	-0.00770599	-0.00119355	-0.0121637	0.0214042
0.0797684	-0.00692448	-0.00148045	-0.0108837	0.0257614
0.079601	-0.0059864	-0.00174273	-0.00937103	0.0298601
0.079465	-0.00494898	-0.00195489	-0.00769704	0.0335774
0.0793524	-0.00375236	-0.00212879	-0.00576383	0.0363852
0.0792749	-0.00250695	-0.00224642	-0.00374476	0.038417
0.079228	-0.00115066	-0.00231402	-0.0015429	0.0394193
0.0792169	0.000236514	-0.00232361	0.000713237	0.0394628
0.07924	0.00156416	-0.00227771	0.00287473	0.0384683
0.0793017	0.00295492	-0.00216845	0.0051413	0.0365625
0.0794043	0.00432157	-0.00199225	0.00737753	0.0335071
0.0795375	0.00551311	-0.00176614	0.00932433	0.0292826
0.0796877	0.00647134	-0.00151289	0.010893	0.0243778
0.079867	0.00728842	-0.00121193	0.0122211	0.0192054
0.0800569	0.00788638	-0.000894264	0.0131872	0.0134113
0.0802675	0.00830102	-0.000542905	0.0138507	0.00758761
0.0804774	0.00849025	-0.000193195	0.0141435	0.00149148
0.0806979	0.00847367	0.000173545	0.0141014	-0.0050525
0.08091	0.00783709	0.000523531	0.0128216	-0.0134672
0.0811126	0.00721595	0.000853209	0.0116998	-0.0165985
0.0812979	0.00654001	0.00115274	0.0105687	-0.0208715
0.0814574	0.00576164	0.00141004	0.00929441	-0.0251713
0.0815945	0.00483157	0.00163069	0.00776871	-0.0288452
0.0817098	0.00374778	0.00181548	0.00599741	-0.031766
0.0817968	0.00251645	0.00195389	0.00398444	-0.0415665
0.0818405	0.000903751	0.00201892	0.001121	-0.0352715
0.0818467	-0.000364988	0.00201938	-0.00097691	-0.0338254
0.0818228	-0.00149563	0.00197117	-0.0028059	-0.0326024
0.0817689	-0.00261546	0.00187398	-0.00460938	-0.0308851
0.0816867	-0.00366937	0.0017314	-0.00630866	-0.0283784
0.081583	-0.00459253	0.00155457	-0.00779661	-0.0251354
0.0814523	-0.00543251	0.00133395	-0.00914772	-0.0214117
0.0812893	-0.00619702	0.00106039	-0.0103854	-0.0170227
0.0811207	-0.00675456	0.000778519	-0.0112945	-0.0117635
0.0809402	-0.00712134	0.000477278	-0.0118841	-0.00653151
0.0807455	-0.00729779	0.000152998	-0.0121581	-0.00126822
0.0805557	-0.0072979	-0.000163019	-0.012158	0.00457974
0.0803657	-0.00675501	-0.000477252	-0.0110784	0.012793
0.080198	-0.00618725	-0.000750487	-0.0100258	0.0152341
0.0800456	-0.0055693	-0.000996645	-0.0089792	0.0184769
0.0799104	-0.00486599	-0.00121388	-0.00781007	0.0218419
0.079799	-0.00408651	-0.00139212	-0.00652415	0.0247939
0.0797018	-0.00315126	-0.00154663	-0.00498948	0.0270795
0.0796353	-0.00221139	-0.00165115	-0.00344872	0.0288642
0.0795906	-0.00114082	-0.00171963	-0.00169391	0.0298037
0.0795754	-0.000162574	-0.00174018	-8.95857e-05	0.0300123
0.0795884	0.00101823	-0.00171377	0.00184645	0.0294801
0.0796288	0.00205321	-0.00164289	0.00354679	0.0279634
0.0796953	0.00302572	-0.0015293	0.00514112	0.0257997
0.0797859	0.0039146	-0.00137619	0.00659699	0.0229797
0.0798982	0.00469773	-0.00118765	0.00787865	0.0195678
0.08004	0.00540805	-0.000950581	0.00904443	0.0156545
0.0801816	0.00590818	-0.000714072	0.00986842	0.0106855
0.0803459	0.00625461	-0.000440216	0.0104232	0.00651025
0.0805109	0.00643584	-0.00016561	0.0107162	0.00172251
0.0806786	0.00645912	0.000113492	0.0107566	-0.00319652
0.0808344	0.00599468	0.000370822	0.00981556	-0.00999792
0.080984	0.00554168	0.000614282	0.00898761	-0.0122174
0.0811213	0.00505082	0.000836241	0.00815558	-0.0153176
0.0812446	0.00446841	0.0010349	0.00719422	-0.0184543
0.081359	0.0037351	0.00121855	0.00599631	-0.026384
0.0814393	0.00273176	0.00134516	0.00421305	-0.0237572
0.0814967	0.00189765	0.00143227	0.00283584	-0.0243169
0.0815344	0.00103832	0.00148711	0.00144575	-0.0250077
0.0815495	0.000164235	0.00150564	3.59699e-05	-0.0252694
0.0815412	-0.000749378	0.00148594	-0.00144086	-0.0249194
0.0815101	-0.00161337	0.00142981	-0.00284122	-0.0238679
0.0814571	-0.00243748	0.00133795	-0.00417867	-0.0222128
0.0813803	-0.0032264	0.00120739	-0.00545989	-0.0199695
0.0812873	-0.00390391	0.00105079	-0.00656193	-0.0170902
0.0811781	-0.00447461	0.000867969	-0.00748709	-0.013852
0.0810558	-0.00492817	0.000663709	-0.00822082	-0.0102792
0.080918	-0.00526872	0.000434375	-0.00877288	-0.00646228
0.0807731	-0.00546247	0.000193457	-0.0090857	-0.00235357
0.0806305	-0.00550467	-4.33923e-05	-0.00915128	0.00172181
0.0804926	-0.00508863	-0.000270482	-0.00829091	0.0110029
0.0803631	-0.00453605	-0.000478692	-0.00720987	0.010078
0.080251	-0.00411874	-0.000655892	-0.0064859	0.011775
0.0801499	-0.0036766	-0.000814545	-0.00576449	0.0140679
0.0800581	-0.00314777	-0.00095813	-0.00491585	0.0163341
0.0799842	-0.00256056	-0.00107298	-0.00397157	0.0183755
0.0799285	-0.00192803	-0.00115882	-0.00294752	0.0198906
0.0798879	-0.00122259	-0.00121997	-0.00180326	0.0208485
0.079866	-0.000487009	-0.0012507	-0.000608663	0.0213182
0.0798635	0.000262877	-0.00125002	0.000612003	0.0212372
0.0798803	0.00100563	-0.0012178	0.0018224	0.020593
0.0799144	0.00169346	-0.00115773	0.00294336	0.019408
0.0799675	0.00236445	-0.0010665	0.00403728	0.017793
0.0800371	0.00297284	-0.000948312	0.00502923	0.0156574
0.080118	0.00348119	-0.000812012	0.00585634	0.0131157
0.0802184	0.00393869	-0.000643591	0.00660231	0.0103631
0.0803254	0.00427832	-0.000464697	0.00715812	0.00710851
0.0804396	0.0045001	-0.000273774	0.0075181	0.00379504
0.0805625	0.0046028	-6.88242e-05	0.007684	0.00047599
0.0806819	0.00458672	0.000130296	0.00765556	-0.00973439
0.0807979	0.0040468	0.000320791	0.00655001	-0.00760828
0.0808983	0.00370606	0.000482166	0.00593785	-0.00896622
0.0809966	0.00333602	0.000639293	0.00533011	-0.0110442
0.0810778	0.00292962	0.000768795	0.00467666	-0.0133516
0.0811473	0.0024438	0.000879567	0.00388988	-0.0152523
0.0812034	0.00189367	0.000968475	0.0029961	-0.0167557
0.0812445	0.00129363	0.00103306	0.002019	-0.0178236
0.0812695	0.000659398	0.0010715	0.000984576	-0.0184251
0.0812779	7.76755e-06	0.0010827	-7.94199e-05	-0.0185425
0.0812699	-0.000618924	0.00106741	-0.00110332	-0.0181725
0.081244	-0.00127855	0.00102255	-0.00218169	-0.0173671
0.0812026	-0.00188136	0.000952602	-0.00316843	-0.0160235
0.0811438	-0.00245663	0.000853933	-0.00411134	-0.014294
0.0810763	-0.00292473	0.000741343	-0.00487724	-0.0120926
0.0809947	-0.00333294	0.000605628	-0.00554328	-0.00975928
0.0809002	-0.0036599	0.000448787	-0.00607367	-0.00710024
0.0807983	-0.00389003	0.0002798	-0.006449	-0.00418324
0.0806955	-0.00400848	0.000109728	-0.00664163	-0.0011718
0.080591	-0.00402624	-6.33242e-05	-0.00667161	0.00170688
0.080486	-0.00373027	-0.000235913	-0.00607432	0.00769058
0.080394	-0.00337135	-0.00038429	-0.00539148	0.00795298
0.0803108	-0.00304762	-0.000516625	-0.0048334	0.00940832
0.0802365	-0.0026911	-0.000634118	-0.00424582	0.0111403
0.0801744	-0.002297	-0.000731747	-0.00360348	0.0127697
0.0801208	-0.00183694	-0.000815281	-0.00285622	0.0140839
0.0800799	-0.00133625	-0.000878389	-0.00204938	0.0151237
0.0800526	-0.000793126	-0.000919437	-0.0011582	0.0158182
0.0800395	-0.000234026	-0.000937235	-0.000246651	0.0160249
0.080041	0.000329757	-0.000931222	0.000673014	0.0158498
0.0800571	0.000883776	-0.000901547	0.00157716	0.0152609
0.0800858	0.00139295	-0.000851377	0.00240783	0.0142734
0.0801305	0.00190503	-0.00077472	0.00324409	0.0129754
0.080186	0.00234868	-0.000680718	0.00396973	0.011218
0.0802522	0.00272658	-0.000569353	0.00458588	0.0092197
0.0803271	0.0030263	-0.000443758	0.00507064	0.00699705
0.0804119	0.00325509	-0.000301897	0.00544021	0.00462885
0.080495	0.00338672	-0.000163292	0.00565218	0.00207319
0.0805837	0.00343714	-1.53004e-05	0.00573153	-0.000283396
0.0806699	0.00317409	0.000126847	0.00517284	-0.00492093
0.080746	0.0029342	0.000249763	0.0047074	-0.00521489
0.0808193	0.00271687	0.00036685	0.00433456	-0.0065385
0.0808866	0.00247059	0.000474016	0.00393628	-0.00819461
0.0809489	0.00216149	0.000573256	0.00344212	-0.00980906
0.0809985	0.00182059	0.000652049	0.00289365	-0.0112834
0.0810403	0.00141446	0.000718271	0.00223482	-0.0123759
0.0810721	0.000955814	0.00076808	0.00149033	-0.0131802
0.0810906	0.000488554	0.000796512	0.000730618	-0.0136601
0.0810968	6.55584e-06	0.000804873	-5.50511e-05	-0.0137611
0.0810894	-0.000513208	0.000791042	-0.000903415	-0.0162984
0.0810668	-0.00114977	0.000751208	-0.0020275	-0.0128132
0.0810323	-0.00158313	0.000691145	-0.00274246	-0.0111554
0.0809841	-0.00197535	0.000608288	-0.00337335	-0.00971681
0.0809285	-0.0022929	0.00051389	-0.00387894	-0.00801049
0.0808705	-0.0025302	0.000416205	-0.00425334	-0.00619168
0.0807994	-0.00272916	0.000297116	-0.00456325	-0.00439282
0.0807267	-0.00285718	0.000175949	-0.00476306	-0.0022877
0.0806517	-0.00291166	5.11757e-05	-0.00484323	-0.000217016
0.0805763	-0.00289499	-7.41527e-05	-0.00480977	0.00193376
0.0805009	-0.00268151	-0.00019852	-0.00438895	0.0060365
0.080435	-0.00240565	-0.000305372	-0.00386877	0.00629296
0.0803759	-0.00215211	-0.000399854	-0.0034317	0.00737344
0.0803238	-0.00187264	-0.000482648	-0.00296786	0.00859177
0.0802778	-0.00154453	-0.000555106	-0.00243053	0.00970017
0.0802436	-0.0012068	-0.00060861	-0.00187914	0.0106334
0.0802183	-0.000839007	-0.000647692	-0.00127703	0.0112497
0.0802019	-0.000438922	-0.000672046	-0.000623158	0.0115879
0.080196	-2.95474e-05	-0.000679211	4.563e-05	0.0116523
0.0802011	0.000395761	-0.000668246	0.000741063	0.0114164
0.080216	0.000779053	-0.000641596	0.00136802	0.0108532
0.0802402	0.00114001	-0.000599787	0.00195707	0.0100575
0.0802745	0.00148646	-0.000541303	0.00252306	0.00902922
0.0803172	0.00179073	-0.000469115	0.00301861	0.00772564
0.0803693	0.00205678	-0.000381695	0.00345171	0.00623401
0.0804209	0.00224296	-0.000295182	0.00375358	0.00452014
0.0804837	0.00239406	-0.000190375	0.0039988	0.00290466
0.0805471	0.0024816	-8.45123e-05	0.00414351	0.00103721
0.0806118	0.00250018	2.34994e-05	0.00417321	-0.000860994
0.0806745	0.00231116	0.000127074	0.00378365	-0.00340743
0.08073	0.00214708	0.000217445	0.00347943	-0.00432986
0.0807854	0.00196723	0.000306979	0.00317674	-0.00548215
0.080832	0.00176716	0.000382064	0.00284972	-0.00678709
0.080873	0.00152587	0.000448094	0.00245545	-0.0078887
0.0809064	0.00126192	0.000501617	0.0020248	-0.00880631
0.0809358	0.000933383	0.000548734	0.00148891	-0.00949619
0.0809555	0.000594599	0.00057993	0.000937047	-0.0100232
0.0809662	0.000239164	0.000596422	0.000356844	-0.0102731
0.0809675	-0.000122993	0.000597696	-0.000234991	-0.010251
0.0809594	-0.000482171	0.000583666	-0.000822355	-0.00995907
0.0809422	-0.000827561	0.000554699	-0.00138667	-0.00940547
0.0809164	-0.00115073	0.000511578	-0.00191439	-0.00861068
0.080884	-0.00143195	0.000457827	-0.0023728	-0.00759475
0.0808433	-0.00168805	0.000390544	-0.00279021	-0.00643812
0.0807965	-0.00190017	0.000313454	-0.00313558	-0.00507401
0.080745	-0.00206311	0.000228475	-0.00340051	-0.00358627
0.0806898	-0.00217619	0.000137602	-0.00358586	-0.00201728
0.0806347	-0.0022285	4.69591e-05	-0.0036699	-0.000406163
0.0805745	-0.00222976	-5.21282e-05	-0.00367294	0.0011124
0.0805207	-0.00207418	-0.000140148	-0.00336258	0.00479312
0.0804698	-0.00184982	-0.000221574	-0.00293142	0.00463393
0.0804243	-0.00166067	-0.000293184	-0.00260342	0.00530085
0.0803839	-0.00146074	-0.000356303	-0.00227465	0.00619047
0.080349	-0.00123477	-0.0004104	-0.00190868	0.00705252
0.0803203	-0.000981154	-0.000454409	-0.00149878	0.00778114
0.0802986	-0.000703855	-0.000487255	-0.00105004	0.00832682
0.0802843	-0.000409196	-0.000508063	-0.000572404	0.00866381
0.0802778	-0.000104594	-0.000516246	-7.79585e-05	0.0087788
0.0802792	0.000202036	-0.000511543	0.00042026	0.00866705
0.0802885	0.000502643	-0.000494036	0.000908951	0.008331
0.0803046	0.000778222	-0.00046559	0.00135659	0.00777958
0.0803274	0.00103374	-0.000426302	0.00177152	0.00706381
0.0803588	0.00128227	-0.000372861	0.00217554	0.00617993
0.0803949	0.00148835	-0.000311861	0.00251102	0.00505855
0.0804358	0.00165294	-0.000243079	0.00277746	0.0038435
0.0804821	0.0017789	-0.000165355	0.0029813	0.00254434
0.0805294	0.00185477	-8.62789e-05	0.00310453	0.00114311
0.0805779	0.00188094	-5.09479e-06	0.00314592	-0.000225078
0.0806251	0.00173681	7.29286e-05	0.00284092	-0.00226264
0.0806683	0.00160232	0.000143073	0.0025822	-0.00283578
0.0807084	0.00148643	0.000207426	0.00238704	-0.00366067
0.0807451	0.00134794	0.000266343	0.00216324	-0.00461093
0.0807779	0.00117846	0.000318801	0.00189039	-0.0055042
0.0808058	0.000980967	0.000363628	0.00157266	-0.00627353
0.0808283	0.000755743	0.000399526	0.00120784	-0.00689483
0.0808451	0.000501819	0.000426351	0.000796193	-0.00733127
0.0808544	0.000252183	0.000440945	0.000389962	-0.00758817
0.0808574	-1.46523e-05	0.000445209	-4.50463e-05	-0.00763121
0.0808534	-0.000281656	0.000438156	-0.000480823	-0.00747891
0.0808431	-0.000531371	0.000420854	-0.000888371	-0.00712999
0.080826	-0.00077671	0.000392393	-0.00128838	-0.00662037
0.0808027	-0.00100361	0.000353915	-0.00165923	-0.00592562
0.0807752	-0.00119549	0.00030843	-0.0019718	-0.00507117
0.0807418	-0.00136478	0.000253478	-0.00224748	-0.00413377
0.0807045	-0.00149874	0.000192197	-0.00246532	-0.00305691
0.0806643	-0.00159437	0.000126092	-0.00262067	-0.00190879
0.0806237	-0.00164702	5.95456e-05	-0.00270545	-0.000723348
0.0805806	-0.00166542	-1.12365e-05	-0.00274415	0.00040592
0.0805389	-0.00154035	-7.91538e-05	-0.00247784	0.00224061
0.0805005	-0.001426	-0.000140493	-0.00226392	0.00365959
0.0804668	-0.0012721	-0.000193303	-0.0019805	0.00370098
0.0804358	-0.00112763	-0.000241394	-0.00173706	0.00420217
0.0804085	-0.000973092	-0.000283094	-0.00148677	0.00481555
0.0803864	-0.000806482	-0.000316723	-0.0012189	0.00538356
0.080368	-0.000615812	-0.000344257	-0.000912604	0.00582438
0.0803548	-0.000411008	-0.000363523	-0.000583296	0.00614875
0.0803468	-0.000186917	-0.00037418	-0.000221649	0.00632226
0.080345	4.18099e-05	-0.000374988	0.000148082	0.00632862
0.080349	0.000261386	-0.00036634	0.000503916	0.00616042
0.0803592	0.000481844	-0.000347752	0.00086156	0.0058334
0.0803744	0.000681368	-0.000321013	0.0011856	0.00533366
0.0803945	0.000861664	-0.000286291	0.00147784	0.00470996
0.080418	0.00101246	-0.000246231	0.00172151	0.00396894
0.0804461	0.00114178	-0.000198737	0.00192939	0.0031655
0.0804783	0.00124678	-0.000144361	0.00209891	0.0022603
0.080513	0.00131929	-8.61261e-05	0.00221697	0.00126115
0.0805477	0.00135394	-2.77937e-05	0.00227327	0.000247006
0.0805816	0.0013527	2.89475e-05	0.00227038	-0.00151379
0.0806178	0.00123742	8.91691e-05	0.00203883	-0.00197811
0.0806465	0.0011576	0.00013624	0.00189873	-0.00264872
0.0806773	0.00104777	0.000186711	0.00171652	-0.00332489
0.0807019	0.000927961	0.000227007	0.00152093	-0.00407573
0.080724	0.000778741	0.000263226	0.00127655	-0.00466238
0.0807413	0.00061525	0.000291604	0.00100823	-0.00515136
0.0807553	0.000423085	0.000314396	0.000693346	-0.0054911
0.0807636	0.000227006	0.0003281	0.0003721	-0.00571199
0.0807668	1.70642e-05	0.000333325	2.81475e-05	-0.00577391
0.0807645	-0.000186178	0.000329555	-0.00030519	-0.00567816
0.080757	-0.000384589	0.000317236	-0.000630602	-0.00543226
0.0807439	-0.000580488	0.000295724	-0.000952166	-0.00504422
0.0807265	-0.000753649	0.000267172	-0.00123632	-0.00449981
0.0807048	-0.00090703	0.000231652	-0.00148791	-0.00385632
0.0806795	-0.00103534	0.000190199	-0.00169753	-0.00311304
0.0806512	-0.00113649	0.000143905	-0.00186243	-0.0022972
0.0806207	-0.00120847	9.39677e-05	-0.00197964	-0.0014281
0.0805887	-0.0012515	4.15581e-05	-0.0020507	-0.000531101
0.080556	-0.00126327	-1.20201e-05	-0.00207115	0.000369055
0.080523	-0.00117032	-6.55771e-05	-0.00188071	0.00139909
0.0804938	-0.00108514	-0.000112208	-0.00172375	0.00289402
0.0804664	-0.000954921	-0.000155307	-0.00148503	0.00296415
0.0804431	-0.00083981	-0.000191214	-0.00129109	0.00335873
0.0804222	-0.000712355	-0.00022313	-0.00108431	0.00380518
0.0804056	-0.000575718	-0.000248305	-0.000864403	0.00422859
0.0803931	-0.000430866	-0.000266843	-0.000630558	0.00454714
0.0803846	-0.000282117	-0.000278944	-0.00038963	0.00474644
0.0803794	-0.000109123	-0.000285535	-0.000109575	0.00483058
0.0803789	6.59063e-05	-0.000284519	0.000173913	0.00480232
0.0803826	0.000225971	-0.000276803	0.000433426	0.00464212
0.0803915	0.00039859	-0.000260609	0.000713756	0.00437837
0.0804033	0.00054245	-0.000239751	0.000947578	0.00395688
0.0804192	0.000675557	-0.000212248	0.0011627	0.00347871
0.0804383	0.000791081	-0.000179547	0.00134943	0.00290234
0.080461	0.000890684	-0.000140905	0.00151101	0.00225187
0.0804861	0.000965191	-9.84806e-05	0.00163218	0.00151282
0.0805098	0.00100689	-5.85121e-05	0.00169882	0.000739187
0.0805383	0.0010287	-1.0427e-05	0.00173376	3.30358e-05
0.080566	0.00102435	3.62837e-05	0.00172847	-0.000992731
0.0805916	0.00094658	7.91592e-05	0.00157723	-0.00173152
0.0806152	0.000873503	0.000118362	0.00145021	-0.00226468
0.0806359	0.000788224	0.000152691	0.00130713	-0.00283105
0.0806556	0.000677114	0.000185332	0.00112276	-0.00332617
0.0806716	0.000554567	0.000211753	0.000921148	-0.0037759
0.0806842	0.00041793	0.000232658	0.00069669	-0.00411696
0.080693	0.00027012	0.000247482	0.000453826	-0.00435236
0.0806979	0.000114453	0.000255804	0.000197696	-0.00447308
0.0806988	-4.42593e-05	0.00025741	-6.33867e-05	-0.00447328
0.0806955	-0.000201687	0.00025227	-0.000322208	-0.00435576
0.0806885	-0.000348038	0.000241093	-0.000562694	-0.00394821
0.0806767	-0.000492465	0.000221973	-0.000794758	-0.00380052
0.0806621	-0.00062266	0.000198458	-0.00100886	-0.00336904
0.0806437	-0.000741348	0.000168531	-0.00120435	-0.00284846
0.080624	-0.000832745	0.000136508	-0.00135487	-0.00222836
0.0806023	-0.000901776	0.000101218	-0.00146729	-0.00159971
0.0805781	-0.000952337	6.1969e-05	-0.00155026	-0.000945792
0.080553	-0.000978994	2.11193e-05	-0.00159437	-0.000244556
0.0805275	-0.000981247	-2.03486e-05	-0.00159891	0.000448933
0.0805029	-0.000909706	-6.00912e-05	-0.00145544	0.00131836
0.0804793	-0.000844294	-9.76383e-05	-0.00133952	0.00242772
0.0804595	-0.000744208	-0.000128692	-0.00115673	0.00250829
0.0804415	-0.000647441	-0.000156479	-0.000983099	0.00278056
0.0804267	-0.000547554	-0.000179096	-0.000828158	0.00306285
0.0804135	-0.00043394	-0.000198869	-0.000645403	0.0033856
0.0804038	-0.000313582	-0.000213	-0.000451168	0.00362959
0.0803972	-0.000180404	-0.000222142	-0.000235645	0.00377278
0.0803944	-5.30479e-05	-0.000225341	-2.92435e-05	0.00381936
0.0803949	8.53189e-05	-0.000222986	0.000195262	0.00376853
0.0803989	0.0002159	-0.000215054	0.000407335	0.00361271
0.0804061	0.000340015	-0.000201761	0.000608791	0.00336712
0.0804161	0.000450101	-0.000184243	0.000787202	0.00303581
0.0804291	0.000551947	-0.000161587	0.000951793	0.00264537
0.080444	0.000636067	-0.000136061	0.0010876	0.00210764
0.0804615	0.000703938	-0.000106342	0.00119518	0.00162947
0.0804812	0.000756143	-7.29698e-05	0.00127788	0.00112531
0.0805021	0.000791215	-3.77223e-05	0.00133508	0.000535395
0.0805237	0.000806535	-1.3214e-06	0.00136157	-0.000589365
0.0805446	0.000738144	3.35189e-05	0.00121709	-0.000838162
0.080563	0.000681633	6.36127e-05	0.00110945	-0.00119269
0.08058	0.000633964	9.13349e-05	0.00103099	-0.00157714
0.0805957	0.000575794	0.00011686	0.00093854	-0.00200719
0.0806102	0.000499737	0.000140447	0.000816884	-0.00240811
0.0806228	0.000406552	0.000161107	0.000667449	-0.00276108
0.080632	0.000307972	0.000176286	0.000508345	-0.00305043
0.0806384	0.000203337	0.000186762	0.000337967	-0.00323675
0.0806423	8.00904e-05	0.000193304	0.000137038	-0.0033301
0.0806428	-3.71203e-05	0.000194278	-5.43222e-05	-0.00333926
0.0806402	-0.000153925	0.00019029	-0.00024527	-0.0032565
0.0806344	-0.000272472	0.000181002	-0.000440779	-0.00308774
0.0806263	-0.000373591	0.000167921	-0.000604642	-0.00281807
0.0806149	-0.000473543	0.000149324	-0.000767871	-0.00251457
0.0806014	-0.000558291	0.000127519	-0.000906659	-0.00211168
0.080586	-0.00062802	0.000102447	-0.00102044	-0.00166575
0.0805689	-0.000681593	7.47773e-05	-0.00110771	-0.00118075
0.0805507	-0.000718395	4.5191e-05	-0.00116789	-0.000668578
0.0805318	-0.000737715	1.44041e-05	-0.00119996	-0.000141984
0.0805118	-0.00073886	-1.80218e-05	-0.0012029	0.000381631
0.0804933	-0.00068532	-4.7932e-05	-0.0010965	0.000975639
0.0804761	-0.00063843	-7.5247e-05	-0.00101437	0.00214492
0.0804608	-0.000543815	-9.91699e-05	-0.000836316	0.00200478
0.0804482	-0.000467355	-0.000118308	-0.000703959	0.00213111
0.0804372	-0.000388106	-0.000134805	-0.000572957	0.00231971
0.0804285	-0.000307687	-0.000147409	-0.0004425	0.00250704
0.0804215	-0.000215239	-0.000157245	-0.000293323	0.0026473
0.0804173	-0.000125789	-0.000162694	-0.000149253	0.00273759
0.0804153	-3.03618e-05	-0.000164496	4.57976e-06	0.00275888
0.0804159	6.89692e-05	-0.000162129	0.000164904	0.00271344
0.0804189	0.000162574	-0.000155803	0.000316255	0.00259315
0.0804244	0.00025144	-0.000145646	0.000459983	0.00240858
0.0804317	0.000329764	-0.00013252	0.00058634	0.00216218
0.0804416	0.000405229	-0.000114998	0.000708153	0.00187516
0.080453	0.000467137	-9.52666e-05	0.000808154	0.00151494
0.0804658	0.000515812	-7.3233e-05	0.0008862	0.00112802
0.0804802	0.000552898	-4.84859e-05	0.000945944	0.000717996
0.0804949	0.000573582	-2.34776e-05	0.000978946	0.000280308
0.0805099	0.000578843	2.05066e-06	0.000986689	-0.000228208
0.0805244	0.000535763	2.66205e-05	0.000896848	-0.000650644
0.0805378	0.000495271	4.88405e-05	0.000820802	-0.000934245
0.0805501	0.000457888	6.92963e-05	0.000758712	-0.00123049
0.0805614	0.000411519	8.79694e-05	0.000683555	-0.00154504
0.0805717	0.000353191	0.00010509	0.000589513	-0.00182974
0.08058	0.000286918	0.000118942	0.000482056	-0.00208094
0.0805864	0.000211947	0.000129804	0.000359733	-0.00226692
0.0805908	0.000130831	0.000137351	0.000227076	-0.00239072
0.0805931	4.26565e-05	0.000141451	8.27608e-05	-0.00245077
0.080593	-4.37595e-05	0.000141688	-5.8763e-05	-0.00244491
0.0805906	-0.000132655	0.000138065	-0.000204441	-0.00237382
0.0805861	-0.000215157	0.000130932	-0.00033973	-0.00223389
0.0805794	-0.000292032	0.000120413	-0.00046565	-0.00203903
0.0805705	-0.000364164	0.000106208	-0.000583851	-0.00179207
0.0805603	-0.000424496	8.97155e-05	-0.000682844	-0.00148633
0.0805481	-0.000476022	7.01079e-05	-0.000767579	-0.00115186
0.0805357	-0.000512272	5.01495e-05	-0.000827352	-0.000772374
0.0805221	-0.000536556	2.80988e-05	-0.000867204	-0.000401942
0.080509	-0.000546543	7.08427e-06	-0.000883468	-1.19741e-05
0.0804943	-0.000543406	-1.66852e-05	-0.000878125	0.000341307
0.0804802	-0.000503083	-3.93307e-05	-0.000799433	0.000744655
0.0804676	-0.000469999	-5.92988e-05	-0.000743467	0.00228117
0.0804564	-0.000363229	-7.64855e-05	-0.000533172	0.0016355
0.0804473	-0.000289475	-8.93754e-05	-0.000401641	0.0015674
0.0804427	-0.000251454	-9.56281e-05	-0.000338696	0.00153929
0.0804367	-0.000195757	-0.000103529	-0.000251553	0.00159153
0.080432	-0.000136245	-0.000109453	-0.000161274	0.00175815
0.0804291	-7.16918e-05	-0.000112509	-5.99539e-05	0.00183213
0.0804281	-8.84571e-06	-0.000112725	3.94451e-05	0.00184255
0.0804287	5.64869e-05	-0.000110208	0.000143463	0.00180351
0.0804311	0.000120218	-0.000104916	0.000245326	0.00171345
0.0804351	0.000178114	-9.72968e-05	0.000337974	0.00157547
0.0804404	0.000230759	-8.73884e-05	0.00042206	0.00140155
0.0804473	0.000279164	-7.49186e-05	0.000499562	0.00119309
0.0804554	0.000319492	-6.05518e-05	0.000564064	0.00094284
0.0804641	0.000349309	-4.52685e-05	0.000611421	0.000666724
0.0804738	0.000370001	-2.83323e-05	0.000643733	0.000390033
0.080484	0.000380838	-1.07416e-05	0.00066051	7.44975e-05
0.0804942	0.000380738	7.07494e-06	0.000659531	-0.000232584
0.0805038	0.000351595	2.34546e-05	0.000600705	-0.000535906
0.0805129	0.000325968	3.89875e-05	0.0005554	-0.000736715
0.080521	0.000297072	5.27508e-05	0.000507492	-0.000965527
0.0805279	0.00026192	6.4662e-05	0.000449458	-0.00117489
0.0805341	0.000218718	7.53797e-05	0.000378382	-0.00134742
0.0805392	0.000169495	8.41081e-05	0.000297411	-0.00149304
0.0805428	0.000115506	9.0629e-05	0.000208585	-0.00159894
0.0805451	5.81866e-05	9.47701e-05	0.000114281	-0.00166241
0.0805458	1.32512e-06	9.64064e-05	2.07236e-05	-0.0016819
0.080545	-5.79951e-05	9.56284e-05	-7.6813e-05	-0.0016587
0.0805427	-0.000116112	9.23428e-05	-0.000172384	-0.00159217
0.0805389	-0.000171513	8.66341e-05	-0.000263506	-0.00148368
0.0805338	-0.000222508	7.8663e-05	-0.000347269	-0.00133612
0.0805277	-0.000266094	6.90648e-05	-0.000418722	-0.00115455
0.0805202	-0.000304582	5.73462e-05	-0.000481625	-0.000952753
0.0805119	-0.00033485	4.41593e-05	-0.000522779	-0.000720663
0.0805029	-0.000358693	2.98213e-05	-0.000570369	-0.000513203
0.0804933	-0.000374897	1.46382e-05	-0.000598268	-0.000207738
0.0804835	-0.000379846	-1.0158e-06	-0.000606711	6.66489e-05
0.080474	-0.000351353	-1.60504e-05	-0.000547041	0.0003302
0.0804652	-0.000324843	-2.95479e-05	-0.000496553	0.000490325
0.0804568	-0.000304321	-4.24585e-05	-0.000464138	0.000682065
0.0804495	-0.000280359	-5.35591e-05	-0.00042716	0.00179042
0.0804433	-0.00020014	-6.25475e-05	-0.000270893	0.00131602
0.0804388	-0.000146954	-6.82645e-05	-0.000176396	0.00121565
0.0804356	-0.000102213	-7.18266e-05	-0.000102	0.00118051
0.0804335	-6.105e-05	-7.35847e-05	-3.63606e-05	0.00116833
0.0804324	-2.13796e-05	-7.36895e-05	2.56801e-05	0.00115435
0.0804324	1.72973e-05	-7.22104e-05	8.57651e-05	0.00112518
0.0804333	5.3192e-05	-6.93459e-05	0.000141402	0.00107478
0.0804352	8.86557e-05	-6.49304e-05	0.000196391	0.00100481
0.0804379	0.000121626	-5.91372e-05	0.000247633	0.000909662
0.0804415	0.000151031	-5.20939e-05	0.000293223	0.000793148
0.0804459	0.000177296	-4.36216e-05	0.000333923	0.00074987
0.0804509	0.000202771	-3.43801e-05	0.000376508	0.00068624
0.0804567	0.000228587	-2.35878e-05	0.000422842	0.000293911
0.0804625	0.000236417	-1.28631e-05	0.000434007	6.69231e-05
0.0804689	0.000235688	-1.2018e-06	0.000429862	-0.000116674
0.080475	0.000215355	9.8215e-06	0.000386733	-0.000302746
0.0804804	0.000198547	1.94148e-05	0.000354772	-0.000425867
0.0804853	0.000180818	2.82024e-05	0.000323907	-0.000554663
0.0804897	0.000159156	3.61129e-05	0.000287254	-0.000681928
0.0804933	0.000134314	4.27411e-05	0.000245582	-0.00079391
0.0804964	0.000104822	4.84567e-05	0.000196291	-0.000881933
0.0804986	7.37268e-05	5.2684e-05	0.000144587	-0.000950164
0.0805001	3.93634e-05	5.56691e-05	8.75744e-05	-0.000992422
0.0805006	3.78509e-06	5.71467e-05	2.86631e-05	-0.00101069
0.0805002	-3.21224e-05	5.70889e-05	-3.07197e-05	-0.00100244
0.0804989	-6.74287e-05	5.55038e-05	-8.90526e-05	-0.000967875
0.0804967	-0.000101214	5.2439e-05	-0.000144827	-0.000907981
0.0804938	-0.000131374	4.8177e-05	-0.000194547	-0.000824424
0.08049	-0.000159663	4.24928e-05	-0.000241181	-0.000724174
0.0804855	-0.00018428	3.56775e-05	-0.000281873	-0.00060148
0.0804805	-0.000204171	2.79179e-05	-0.000314663	-0.000462516
0.080475	-0.000219037	1.94176e-05	-0.000339186	-0.000312687
0.0804698	-0.000227353	1.14601e-05	-0.000352745	-0.000155314
0.0804634	-0.000232334	1.45093e-06	-0.000361247	-1.45501e-05
0.0804576	-0.000231557	-7.56025e-06	-0.00036048	0.000158614
0.0804515	-0.00021513	-1.68792e-05	-0.000328707	0.000309247
0.0804461	-0.000201142	-2.50812e-05	-0.000305089	0.000425027
0.0804413	-0.000185709	-3.23747e-05	-0.000280559	0.000548374
0.0804368	-0.00016558	-3.92227e-05	-0.000248504	0.000711623
0.0804328	-0.000139397	-4.50997e-05	-0.00020534	0.0013792
0.08043	-8.07555e-05	-4.89563e-05	-9.2679e-05	0.00112855
0.0804285	-3.4263e-05	-5.01834e-05	-7.52549e-06	0.0010445
0.0804282	7.86861e-06	-4.93299e-05	6.73376e-05	0.000941307
0.0804289	4.30165e-05	-4.6753e-05	0.000128112	0.000925891
0.0804305	7.9016e-05	-4.24156e-05	0.000191328	0.000814115
0.080433	0.000108943	-3.67436e-05	0.000243501	0.000435562
0.0804359	0.000120759	-3.04446e-05	0.00025843	0.000303837
0.0804391	0.000126384	-2.36586e-05	0.000254783	0.000211343
0.0804425	0.000130598	-1.68127e-05	0.000263903	0.00015643
0.080446	0.000133266	-9.68337e-06	0.000265049	2.4837e-05
0.0804494	0.000131188	-2.88832e-06	0.000258321	-8.34786e-05
0.0804528	0.00011877	3.71281e-06	0.000231201	-0.000181842
0.0804557	0.000109112	9.2283e-06	0.000212098	-0.000250697
0.0804583	9.80535e-05	1.44575e-05	0.00019183	-0.000320924
0.0804607	8.49972e-05	1.91253e-05	0.000168861	-0.000390763
0.0804627	6.97837e-05	2.31539e-05	0.000142639	-0.000452122
0.0804643	5.2781e-05	2.64695e-05	0.000113742	-0.000502041
0.0804654	3.41172e-05	2.89959e-05	8.21977e-05	-0.000539441
0.0804659	1.8852e-05	3.03681e-05	5.6445e-05	-0.000562203
