0	0.5	5.5	0.4	0.1
-0.000580796	-0.0356604	-0.10192	-0.118737	-0
-0.00213919	-0.0709654	-0.107098	-0.235415	0.31278
-0.00429122	-0.0881491	-0.114509	-0.311957	0.432113
-0.00685644	-0.101471	-0.123916	-0.383025	0.520294
-0.00952119	-0.111637	-0.134312	-0.447342	0.608405
-0.0125394	-0.120619	-0.14683	-0.514673	0.692761
-0.0156495	-0.128325	-0.160546	-0.581715	0.785088
-0.0189387	-0.135035	-0.17597	-0.651408	0.88008
-0.0223852	-0.140974	-0.193183	-0.724849	0.981746
-0.0258237	-0.145868	-0.211484	-0.799294	1.0913
-0.0295174	-0.150031	-0.232501	-0.881411	1.20457
-0.0333051	-0.15343	-0.255645	-0.969337	1.33173
-0.0371683	-0.155859	-0.281072	-1.06344	1.46964
-0.0412297	-0.156855	-0.310094	-1.16775	1.6191
-0.0449743	-0.15561	-0.339352	-1.2691	1.78718
-0.0489641	-0.151567	-0.373873	-1.38478	1.95363
-0.0525151	-0.144768	-0.408474	-1.49687	2.14702
-0.0562683	-0.133186	-0.450713	-1.62963	2.338
-0.0593962	-0.117432	-0.493076	-1.75758	2.56831
-0.062049	-0.0951444	-0.538677	-1.88841	2.79563
-0.0641961	-0.0639076	-0.59168	-2.03536	3.0354
-0.0654062	-0.0223874	-0.650924	-2.19392	3.31105
-0.0653527	0.0267616	-0.709971	-2.34488	3.61609
-0.0638515	0.0886643	-0.772952	-2.49722	3.91609
-0.0607342	0.160668	-0.837294	-2.64719	4.23112
-0.0554064	0.24958	-0.908261	-2.80838	4.55087
-0.0475555	0.35454	-0.983494	-2.97588	4.90333
-0.0367456	0.477334	-1.06319	-3.15155	5.2
-0.0225095	0.618332	-1.14763	-3.34083	5.2
-0.00519783	0.767548	-1.2338	-3.54843	5.2
0.0169853	0.940786	-1.32929	-3.79316	5.2
0.0462535	1.15334	-1.43977	-4.09421	5.2
0.0791483	1.38092	-1.55046	-4.41582	5.2
0.107147	0.104597	-1.50788	0.000801456	5.2
0.109936	0.122187	-1.50789	0.00768244	3.06828
0.11296	0.0976957	-1.50787	-0.0154599	3.06886
0.114557	0.0335209	-1.50788	0.0126849	3.08238
0.114853	3.90169e-05	-1.50788	2.126e-05	3.02401
0.114853	8.25674e-07	-1.50788	3.80384e-06	3.02248
0.114853	8.3186e-07	-1.50788	3.49589e-06	3.02249
0.114853	8.93305e-07	-1.50788	3.2292e-06	3.02248
0.114853	9.46184e-07	-1.50788	2.99991e-06	3.02249
0.114853	9.95387e-07	-1.50788	2.78691e-06	3.02249
0.114853	1.04286e-06	-1.50788	2.58171e-06	3.02248
0.114853	1.08534e-06	-1.50788	2.39841e-06	3.02249
0.114853	1.12342e-06	-1.50788	2.23445e-06	3.02249
0.114853	1.16032e-06	-1.50788	2.07581e-06	3.02249
0.114853	1.19595e-06	-1.50788	1.92299e-06	3.02249
0.114853	1.22667e-06	-1.50788	1.79154e-06	3.02249
0.114853	1.25756e-06	-1.50788	1.65965e-06	3.02249
0.114853	1.28523e-06	-1.50788	1.54183e-06	3.02249
0.114853	1.31005e-06	-1.50788	1.43645e-06	3.02249
0.114853	1.33323e-06	-1.50788	1.33827e-06	3.02249
0.114853	1.35657e-06	-1.50788	1.23977e-06	3.02249
0.114853	1.37671e-06	-1.50788	1.15504e-06	3.02249
0.114853	1.39554e-06	-1.50788	1.07611e-06	3.02249
0.114853	1.41517e-06	-1.50788	9.94096e-07	3.02249
0.114853	1.4315e-06	-1.50788	9.2617e-07	3.02249
0.114852	-0.00124293	-1.50789	0.00812274	3.02249
0.114857	2.15745e-06	-1.50788	1.04796e-06	3.01336
0.114857	1.55897e-06	-1.50788	1.14017e-06	3.02249
0.114857	1.58104e-06	-1.50788	1.06016e-06	3.02249
0.114863	-4.95351e-06	-1.50788	1.99393e-05	3.02249
0.114863	1.7167e-06	-1.50788	1.52734e-06	3.02247
0.114863	1.52298e-06	-1.50788	1.40665e-06	3.02249
0.114863	1.54049e-06	-1.50788	1.31046e-06	3.02249
0.114863	1.55777e-06	-1.50788	1.21738e-06	3.02249
0.114863	1.57389e-06	-1.50788	1.13091e-06	3.02249
0.114863	1.58837e-06	-1.50788	1.05356e-06	3.02249
0.114869	3.69586e-05	-1.50788	-8.06674e-06	3.02249
0.114869	1.5738e-06	-1.50788	1.49758e-06	3.02252
0.114869	1.5328e-06	-1.50788	1.38881e-06	3.02249
0.114869	1.55092e-06	-1.50788	1.29017e-06	3.02249
0.114869	1.56918e-06	-1.50788	1.19175e-06	3.01107
0.114869	1.57691e-06	-1.50788	1.10395e-06	3.01107
0.114878	0.00239646	-1.50787	-0.015474	3.02249
0.114875	3.59972e-06	-1.50788	1.74564e-06	3.0399
0.114875	1.54541e-06	-1.50788	1.4508e-06	3.02249
0.114875	1.54545e-06	-1.50788	1.34749e-06	3.02249
0.114875	1.56511e-06	-1.50788	1.2484e-06	3.02249
0.114875	1.58095e-06	-1.50788	1.16302e-06	3.02249
0.114876	1.5969e-06	-1.50788	1.07736e-06	3.02249
0.114881	3.03191e-05	-1.50788	-1.52054e-05	3.02249
0.114882	1.62414e-06	-1.50788	1.51684e-06	3.02252
0.114882	1.54418e-06	-1.50788	1.39636e-06	3.02249
0.114882	1.56301e-06	-1.50788	1.29352e-06	3.02249
0.114882	1.58062e-06	-1.50788	1.19824e-06	3.02249
0.114882	1.597e-06	-1.50788	1.10998e-06	3.02249
0.114888	-7.79482e-06	-1.50788	3.9307e-05	3.02249
0.114888	3.1533e-06	-1.50788	1.70662e-06	3.02244
0.114888	1.54226e-06	-1.50788	1.44884e-06	3.02249
0.114888	1.55941e-06	-1.50788	1.34598e-06	3.02249
0.114888	1.57831e-06	-1.50788	1.24331e-06	3.02249
0.114888	1.59525e-06	-1.50788	1.15174e-06	3.02249
0.114888	1.60987e-06	-1.50788	1.07297e-06	3.02249
0.114894	3.33686e-05	-1.50788	6.62263e-07	3.02249
0.114894	1.5837e-06	-1.50788	1.50797e-06	3.02251
0.114894	1.5556e-06	-1.50788	1.3991e-06	3.02249
0.114894	1.57511e-06	-1.50788	1.29239e-06	3.02249
0.114894	1.59265e-06	-1.50788	1.1972e-06	3.02249
0.114894	1.60838e-06	-1.50788	1.11217e-06	3.02249
0.1149	-0.0025349	-1.50788	0.0126741	3.02249
0.114901	2.80665e-06	-1.50788	1.67237e-06	3.00795
0.114901	1.54188e-06	-1.50788	1.45312e-06	3.02249
0.114901	1.57094e-06	-1.50788	1.35404e-06	3.02249
0.114901	1.58846e-06	-1.50788	1.25057e-06	3.02249
0.114901	1.60483e-06	-1.50788	1.16175e-06	3.02249
0.114901	1.62009e-06	-1.50788	1.07924e-06	3.02249
0.114907	-4.57461e-06	-1.50788	1.71764e-05	3.02249
0.114907	1.64622e-06	-1.50788	1.53e-06	3.02247
0.114907	1.56439e-06	-1.50788	1.41237e-06	3.02249
0.114907	1.58265e-06	-1.50788	1.31207e-06	3.02249
0.114907	1.60103e-06	-1.50788	1.21199e-06	3.02249
0.114907	1.6163e-06	-1.50788	1.12911e-06	3.02249
0.114914	-2.47405e-06	-1.50788	1.21132e-05	3.02249
0.114914	5.06007e-06	-1.50788	1.92622e-06	3.02248
0.114914	1.5636e-06	-1.50788	1.48045e-06	3.02249
0.114914	1.57713e-06	-1.50788	1.3714e-06	3.02249
0.114914	1.59494e-06	-1.50788	1.274e-06	3.02249
0.114914	1.61155e-06	-1.50788	1.18351e-06	3.02249
0.114914	1.62646e-06	-1.50788	1.10257e-06	3.02249
0.11492	-6.38442e-06	-1.50788	3.51191e-05	3.02249
0.11492	2.01693e-06	-1.50788	1.58929e-06	3.02245
0.11492	1.57079e-06	-1.50788	1.43645e-06	3.02249
0.11492	1.59041e-06	-1.50788	1.32691e-06	3.02249
0.11492	1.60701e-06	-1.50788	1.23617e-06	3.02249
0.11492	1.62253e-06	-1.50788	1.15163e-06	3.02249
0.114927	-0.00248656	-1.50788	0.0126547	3.02249
0.114927	9.09648e-06	-1.50788	2.38606e-06	3.00799
0.114927	1.56633e-06	-1.50788	1.49868e-06	3.02249
0.114927	1.58536e-06	-1.50788	1.38832e-06	3.02249
0.114927	1.60155e-06	-1.50788	1.29323e-06	3.02249
0.114927	1.61897e-06	-1.50788	1.19799e-06	3.02249
0.114927	1.63517e-06	-1.50788	1.10975e-06	3.02249
0.114933	4.15372e-05	-1.50788	-3.24536e-05	3.02249
0.114933	1.78059e-06	-1.50788	1.56267e-06	3.02254
0.114933	1.5796e-06	-1.50788	1.44272e-06	3.02249
0.114933	1.59849e-06	-1.50788	1.33649e-06	3.02249
0.114933	1.61581e-06	-1.50788	1.24157e-06	3.02249
0.114933	1.63195e-06	-1.50788	1.15339e-06	3.02249
0.114937	0.00249279	-1.50788	-3.49808e-05	3.02249
0.11494	1.1314e-05	-1.50788	2.64189e-06	3.02364
0.11494	1.58762e-06	-1.50788	1.50299e-06	3.02249
0.11494	1.59302e-06	-1.50788	1.39205e-06	3.02249
0.11494	1.61239e-06	-1.50788	1.28589e-06	3.02249
0.11494	1.6303e-06	-1.50788	1.18781e-06	3.02249
0.11494	1.64632e-06	-1.50788	1.10033e-06	3.02249
0.114946	-5.12383e-06	-1.50788	2.05076e-05	3.02249
0.114947	1.704e-06	-1.50788	1.55001e-06	3.02246
0.114947	1.59178e-06	-1.50788	1.4248e-06	3.02249
0.114947	1.61075e-06	-1.50788	1.31987e-06	3.02249
0.114947	1.62845e-06	-1.50788	1.22267e-06	3.02249
0.114947	1.64549e-06	-1.50788	1.12942e-06	3.02249
0.114953	-5.08944e-07	-1.50788	4.34804e-06	3.02249
0.114953	3.24016e-06	-1.50788	1.73874e-06	3.02249
0.114953	1.58915e-06	-1.50788	1.47333e-06	3.02249
0.114953	1.60699e-06	-1.50788	1.36486e-06	3.02249
0.114953	1.62459e-06	-1.50788	1.26793e-06	3.02249
0.114953	1.64221e-06	-1.50788	1.17122e-06	3.02249
0.114955	8.26945e-05	-1.50788	0.00485612	3.02249
0.11496	1.78108e-05	-1.50788	3.32287e-06	3.01739
0.11496	1.60822e-06	-1.50788	1.52331e-06	3.0225
0.11496	1.60409e-06	-1.50788	1.4063e-06	3.02249
0.11496	1.62253e-06	-1.50788	1.3027e-06	3.02249
0.11496	1.63872e-06	-1.50788	1.21361e-06	3.02249
0.11496	1.65502e-06	-1.50788	1.12424e-06	3.02249
0.114966	4.1948e-05	-1.50788	-3.28553e-05	3.02249
0.114967	1.94809e-06	-1.50788	1.59383e-06	3.02254
0.114967	1.59942e-06	-1.50788	1.45628e-06	3.02249
0.114967	1.61895e-06	-1.50788	1.34524e-06	3.02249
0.114967	1.63692e-06	-1.50788	1.24617e-06	3.02249
0.114967	1.65302e-06	-1.50788	1.15767e-06	3.02249
0.114974	1.52578e-07	-1.50788	-1.25312e-07	3.02249
0.114973	7.53032e-06	-1.50788	2.22642e-06	3.02249
0.114974	1.60045e-06	-1.50788	1.4979e-06	3.02249
0.114974	1.61389e-06	-1.50788	1.39547e-06	3.02249
0.114974	1.63115e-06	-1.50788	1.30005e-06	3.02249
0.114974	1.64728e-06	-1.50788	1.21115e-06	3.02249
0.114974	1.66292e-06	-1.50788	1.12514e-06	3.02249
0.11498	4.20891e-05	-1.50788	-3.29949e-05	3.02249
0.11498	1.95672e-06	-1.50788	1.59766e-06	3.02254
0.11498	1.60804e-06	-1.50788	1.45144e-06	3.02249
0.11498	1.62629e-06	-1.50788	1.34838e-06	3.02249
0.11498	1.64298e-06	-1.50788	1.25618e-06	3.02249
0.11498	1.65917e-06	-1.50788	1.16697e-06	3.02249
0.11499	0.00605306	-1.50787	-0.015522	3.02249
0.114987	1.43082e-05	-1.50788	2.99006e-06	3.04158
0.114987	1.63636e-06	-1.50788	1.52647e-06	3.02249
0.114987	1.6158e-06	-1.50788	1.41704e-06	3.02249
0.114987	1.63648e-06	-1.50788	1.31294e-06	3.02249
0.114987	1.6546e-06	-1.50788	1.21281e-06	3.02249
0.114987	1.66965e-06	-1.50788	1.12987e-06	3.02249
0.114994	-6.51824e-06	-1.50788	3.59024e-05	3.02249
0.114994	1.88243e-06	-1.50788	1.59079e-06	3.02245
0.114994	1.61472e-06	-1.50788	1.45546e-06	3.02249
0.114994	1.63307e-06	-1.50788	1.35212e-06	3.02249
0.114994	1.65169e-06	-1.50788	1.249e-06	3.02249
0.114994	1.66835e-06	-1.50788	1.15702e-06	3.02249
0.115003	0.00249412	-1.50787	-0.0153664	3.02249
0.115001	2.90894e-06	-1.50788	1.71632e-06	3.03983
0.115001	1.62742e-06	-1.50788	1.49304e-06	3.02249
0.115001	1.63003e-06	-1.50788	1.38287e-06	3.02249
0.115001	1.64876e-06	-1.50788	1.2848e-06	3.02249
0.115001	1.66587e-06	-1.50788	1.19018e-06	3.02249
0.115002	0.000117435	-1.50788	0.00465948	3.02249
0.115008	1.15237e-05	-1.50788	2.68746e-06	3.01761
0.115008	1.62279e-06	-1.50788	1.52722e-06	3.02249
0.115008	1.62793e-06	-1.50788	1.42247e-06	3.02249
0.115008	1.6456e-06	-1.50788	1.32139e-06	3.02249
0.115008	1.6619e-06	-1.50788	1.23104e-06	3.02249
0.115008	1.67771e-06	-1.50788	1.14362e-06	3.02249
0.115014	-6.54543e-06	-1.50788	3.60668e-05	3.02249
0.115014	1.97552e-06	-1.50788	1.60905e-06	3.02245
0.115014	1.62333e-06	-1.50788	1.46586e-06	3.02249
0.115014	1.64305e-06	-1.50788	1.35409e-06	3.02249
0.115015	1.66165e-06	-1.50788	1.25082e-06	3.02249
0.115015	1.67828e-06	-1.50788	1.15871e-06	3.02249
0.115021	-0.00253482	-1.50788	0.0126738	3.02249
0.115021	2.62864e-06	-1.50788	1.68812e-06	3.00795
0.115021	1.61304e-06	-1.50788	1.48426e-06	3.02249
0.115021	1.64339e-06	-1.50788	1.37513e-06	3.02249
0.115021	1.66009e-06	-1.50788	1.27736e-06	3.02249
0.115021	1.67584e-06	-1.50788	1.19002e-06	3.02249
0.115024	0.00222098	-1.50788	-0.00584713	3.02249
0.115028	1.42238e-05	-1.50788	2.98382e-06	3.02966
0.115029	1.63269e-06	-1.50788	1.53698e-06	3.02249
0.115029	1.6364e-06	-1.50788	1.42361e-06	3.02249
0.115029	1.65509e-06	-1.50788	1.32259e-06	3.02249
0.115029	1.67325e-06	-1.50788	1.22173e-06	3.02249
0.115029	1.68947e-06	-1.50788	1.13176e-06	3.02249
0.115036	3.41273e-05	-1.50788	5.5592e-07	3.02249
0.115036	1.65356e-06	-1.50788	1.56055e-06	3.0225
0.115036	1.63629e-06	-1.50788	1.44464e-06	3.02249
0.115036	1.65533e-06	-1.50788	1.33826e-06	3.02249
0.115036	1.67241e-06	-1.50788	1.24322e-06	3.02249
0.115036	1.68831e-06	-1.50788	1.15494e-06	3.02249
0.115043	-6.34282e-06	-1.50788	3.543e-05	3.02249
0.115043	1.89848e-06	-1.50788	1.61769e-06	3.02245
0.115043	1.63228e-06	-1.50788	1.48537e-06	3.02249
0.115043	1.65152e-06	-1.50788	1.37601e-06	3.02249
0.115043	1.6684e-06	-1.50788	1.28192e-06	3.02249
0.115043	1.68477e-06	-1.50788	1.19089e-06	3.02249
0.115047	0.00244793	-1.50788	-4.0412e-05	3.02249
0.11505	6.22532e-06	-1.50788	2.09914e-06	3.02362
0.11505	1.63323e-06	-1.50788	1.52728e-06	3.02249
0.115051	1.64664e-06	-1.50788	1.41882e-06	3.02249
0.115051	1.66411e-06	-1.50788	1.32182e-06	3.01341
0.115051	1.67457e-06	-1.50788	1.22445e-06	3.02249
0.115051	1.6988e-06	-1.50788	1.13116e-06	3.02249
0.115058	2.81654e-05	-1.50788	3.29619e-06	3.02249
0.115058	1.66157e-06	-1.50788	1.56617e-06	3.0225
0.115058	1.64406e-06	-1.50788	1.44958e-06	3.02249
0.115058	1.66175e-06	-1.50788	1.35047e-06	3.02249
0.115058	1.68022e-06	-1.50788	1.24748e-06	3.02249
0.115058	1.69554e-06	-1.50788	1.16219e-06	3.02249
0.115064	-7.08123e-06	-1.50788	3.73751e-05	3.02249
0.115064	2.10585e-06	-1.50788	1.63433e-06	3.02245
0.115065	1.64117e-06	-1.50788	1.48429e-06	3.02249
0.115065	1.65868e-06	-1.50788	1.38283e-06	3.02249
0.115065	1.6756e-06	-1.50788	1.28827e-06	3.02249
0.115065	1.69322e-06	-1.50788	1.19003e-06	3.02249
0.115071	-2.30381e-06	-1.50788	1.10344e-05	3.02249
0.115071	7.69059e-06	-1.50788	2.26687e-06	3.02248
0.115071	1.64279e-06	-1.50788	1.52367e-06	3.02249
0.115071	1.65619e-06	-1.50788	1.41142e-06	3.02249
0.115071	1.67345e-06	-1.50788	1.31492e-06	3.02249
0.115071	1.69142e-06	-1.50788	1.21464e-06	3.02249
0.115071	1.7069e-06	-1.50788	1.12839e-06	3.02249
0.115078	2.82541e-05	-1.50788	-1.20189e-05	3.02249
0.115078	1.68256e-06	-1.50788	1.56131e-06	3.02251
0.115078	1.65366e-06	-1.50788	1.44021e-06	3.02249
0.115078	1.67119e-06	-1.50788	1.34174e-06	3.02249
0.115078	1.68951e-06	-1.50788	1.23942e-06	3.02249
0.115078	1.7047e-06	-1.50788	1.15468e-06	3.02249
0.115084	-6.67106e-06	-1.50788	3.67216e-05	3.02249
0.115085	2.00696e-06	-1.50788	1.62606e-06	3.02245
0.115085	1.64988e-06	-1.50788	1.47658e-06	3.02249
0.115085	1.66831e-06	-1.50788	1.37175e-06	3.02249
0.115085	1.68701e-06	-1.50788	1.26714e-06	3.02249
0.115085	1.70431e-06	-1.50788	1.17051e-06	3.02249
0.115091	-5.07049e-07	-1.50788	4.37756e-06	3.02249
0.115091	3.3518e-06	-1.50788	1.78113e-06	3.02249
0.115091	1.64854e-06	-1.50788	1.50963e-06	3.02249
0.115091	1.66665e-06	-1.50788	1.39454e-06	3.02249
0.115091	1.68499e-06	-1.50788	1.29185e-06	3.02249
0.115092	1.70261e-06	-1.50788	1.19333e-06	3.02249
0.115098	-2.3278e-06	-1.50788	1.12192e-05	3.02249
0.115098	4.49154e-06	-1.50788	1.91137e-06	3.02248
0.115098	1.65039e-06	-1.50788	1.5164e-06	3.02249
0.115098	1.66574e-06	-1.50788	1.41273e-06	3.02249
0.115098	1.6843e-06	-1.50788	1.3087e-06	3.02249
0.115098	1.70091e-06	-1.50788	1.21577e-06	3.02249
0.115101	0.00222552	-1.50788	-0.00579954	3.02249
0.115105	1.83984e-05	-1.50788	3.44238e-06	3.02961
0.115105	1.6784e-06	-1.50788	1.55848e-06	3.0225
0.115105	1.66058e-06	-1.50788	1.45073e-06	3.02249
0.115105	1.67958e-06	-1.50788	1.34782e-06	3.02249
0.115105	1.69667e-06	-1.50788	1.25211e-06	3.02249
0.115105	1.71256e-06	-1.50788	1.1632e-06	3.02249
0.115111	4.3457e-05	-1.50788	-3.4162e-05	3.02249
0.115111	2.01767e-06	-1.50788	1.63128e-06	3.02255
0.115111	1.65655e-06	-1.50788	1.49359e-06	3.02249
0.115112	1.6747e-06	-1.50788	1.38755e-06	3.02249
0.115112	1.69292e-06	-1.50788	1.28538e-06	3.02249
0.115112	1.70922e-06	-1.50788	1.19411e-06	3.02249
0.115118	3.85939e-07	-1.50788	-1.31576e-06	3.02249
0.115118	7.772e-06	-1.50788	2.29041e-06	3.02249
0.115118	1.66058e-06	-1.50788	1.54178e-06	3.02249
0.115118	1.66893e-06	-1.50788	1.4321e-06	3.02249
0.115118	1.68635e-06	-1.50788	1.33419e-06	3.02249
0.115118	1.70324e-06	-1.50788	1.23945e-06	3.02249
0.115118	1.71838e-06	-1.50788	1.1547e-06	3.02249
0.115125	-5.83936e-06	-1.50788	3.37864e-05	3.02249
0.115125	1.93831e-06	-1.50788	1.62082e-06	3.02245
0.115125	1.66242e-06	-1.50788	1.48193e-06	3.02249
0.115125	1.68223e-06	-1.50788	1.36894e-06	3.02249
0.115125	1.70019e-06	-1.50788	1.26814e-06	3.02249
0.115125	1.71685e-06	-1.50788	1.17476e-06	3.02249
0.115131	-7.28576e-06	-1.50788	3.83121e-05	3.02249
0.115131	2.45686e-06	-1.50788	1.68621e-06	3.02245
0.115132	1.662e-06	-1.50788	1.4989e-06	3.02249
0.115132	1.68006e-06	-1.50788	1.3925e-06	3.02249
0.115132	1.69831e-06	-1.50788	1.28996e-06	3.02249
0.115132	1.71464e-06	-1.50788	1.19836e-06	3.02249
0.115138	-2.40212e-06	-1.50788	1.17671e-05	3.02249
0.115138	7.80547e-06	-1.50788	2.30043e-06	3.02248
0.115138	1.66244e-06	-1.50788	1.53218e-06	3.02249
0.115138	1.67725e-06	-1.50788	1.41933e-06	3.02249
0.115138	1.6965e-06	-1.50788	1.31109e-06	3.02249
0.115138	1.71246e-06	-1.50788	1.22145e-06	3.02249
0.115141	0.00222702	-1.50788	-0.00577375	3.02249
0.115145	1.48029e-05	-1.50788	3.10308e-06	3.02958
0.115145	1.67598e-06	-1.50788	1.54896e-06	3.02249
0.115145	1.67677e-06	-1.50788	1.43043e-06	3.02249
0.115145	1.69456e-06	-1.50788	1.33269e-06	3.02249
0.115145	1.71078e-06	-1.50788	1.24157e-06	3.02249
0.115145	1.72764e-06	-1.50788	1.1469e-06	3.02249
0.115151	4.00554e-05	-1.50788	-8.61984e-06	3.02249
0.115152	1.70476e-06	-1.50788	1.5755e-06	3.02251
0.115152	1.67363e-06	-1.50788	1.46139e-06	3.02249
0.115152	1.69128e-06	-1.50788	1.36148e-06	3.02249
0.115152	1.70911e-06	-1.50788	1.26123e-06	3.02249
0.115152	1.72623e-06	-1.50788	1.16505e-06	3.02249
0.115158	-5.43393e-06	-1.50788	2.17968e-05	3.02249
0.115158	1.7924e-06	-1.50788	1.60145e-06	3.02246
0.115158	1.67228e-06	-1.50788	1.47963e-06	3.02249
0.115158	1.69145e-06	-1.50788	1.37069e-06	3.02249
0.115158	1.70874e-06	-1.50788	1.27336e-06	3.02249
0.115158	1.72542e-06	-1.50788	1.1796e-06	3.02249
0.115165	5.08274e-05	-1.50788	-1.40665e-05	3.02249
0.115165	1.69861e-06	-1.50788	1.6261e-06	3.02253
0.115165	1.49799e-06	-1.50788	1.37344e-06	3.02249
0.115165	1.51922e-06	-1.50788	1.27937e-06	3.02249
0.115165	1.53922e-06	-1.50788	1.19191e-06	3.02249
0.115165	1.55787e-06	-1.50788	1.11044e-06	3.02249
0.115165	1.57593e-06	-1.50788	1.03161e-06	3.02249
0.115165	1.59397e-06	-1.50788	9.5297e-07	3.02249
0.115169	1.02387e-05	-1.50788	-1.86606e-06	3.02249
0.115169	1.71333e-06	-1.50788	1.29789e-06	3.02249
0.115169	1.7218e-06	-1.50788	1.21658e-06	3.02249
0.11517	0.000149599	-1.50788	0.0038716	3.02249
0.115174	3.45565e-06	-1.50788	2.71124e-06	3.01846
0.115174	1.48988e-06	-1.50788	1.41713e-06	3.02249
0.115174	1.51359e-06	-1.50788	1.31887e-06	3.02249
0.115175	1.5346e-06	-1.50788	1.22513e-06	3.02249
0.115175	1.55449e-06	-1.50788	1.13816e-06	3.02249
0.115175	1.57298e-06	-1.50788	1.05736e-06	3.02249
0.115175	1.59081e-06	-1.50788	9.79527e-07	3.02249
0.115179	4.04872e-05	-1.50788	-9.96861e-06	3.02249
0.115179	1.73811e-06	-1.50788	1.30014e-06	3.02252
0.115179	1.722e-06	-1.50788	1.23134e-06	3.02249
0.115181	0.00222861	-1.50788	-0.00575332	3.02249
0.115184	4.26143e-06	-1.50788	3.04274e-06	3.02956
0.115184	1.50125e-06	-1.50788	1.41897e-06	3.02249
0.115184	1.51707e-06	-1.50788	1.31243e-06	3.02249
0.115184	1.53875e-06	-1.50788	1.21935e-06	3.02249
0.115184	1.5578e-06	-1.50788	1.136e-06	3.02249
0.115184	1.57761e-06	-1.50788	1.0494e-06	3.02249
0.115184	1.59529e-06	-1.50788	9.72149e-07	3.02249
0.115188	3.19263e-05	-1.50788	-7.54405e-06	3.02249
0.115188	1.73389e-06	-1.50788	1.30303e-06	3.02251
0.115188	1.72393e-06	-1.50788	1.23541e-06	3.02249
0.115187	-0.00125513	-1.50789	0.00814158	3.02249
0.115193	3.67784e-06	-1.50788	2.37545e-06	3.01333
0.115193	1.48705e-06	-1.50788	1.44609e-06	3.02249
0.115193	1.51573e-06	-1.50788	1.33446e-06	3.02249
0.115193	1.53761e-06	-1.50788	1.23608e-06	3.02249
0.115193	1.55691e-06	-1.50788	1.15159e-06	3.02249
0.115193	1.5749e-06	-1.50788	1.07287e-06	3.02249
0.115193	1.59232e-06	-1.50788	9.96709e-07	3.02249
0.115197	0.000331175	-1.50788	-0.00167618	3.02249
0.115197	1.95606e-06	-1.50788	1.20181e-06	3.02441
0.115197	1.7241e-06	-1.50788	1.25735e-06	3.02249
0.115198	1.73749e-06	-1.50788	1.17169e-06	3.02249
0.115202	1.80452e-05	-1.50788	7.49154e-06	3.02249
0.115202	1.50226e-06	-1.50788	1.47204e-06	3.02249
0.115203	1.51328e-06	-1.50788	1.35402e-06	3.02249
0.115203	1.536e-06	-1.50788	1.25433e-06	3.02249
0.115203	1.55557e-06	-1.50788	1.16858e-06	3.02249
0.115203	1.57521e-06	-1.50788	1.08255e-06	3.02249
0.115203	1.59278e-06	-1.50788	1.00571e-06	3.02249
0.115206	-3.90835e-05	-1.50788	-0.000339052	3.02249
0.115207	2.39481e-06	-1.50788	1.00638e-06	3.02283
0.115207	1.72304e-06	-1.50788	1.27163e-06	3.02249
0.115207	1.73757e-06	-1.50788	1.18547e-06	3.02249
0.115212	3.65766e-05	-1.50788	1.34065e-05	3.02249
0.115212	1.54975e-06	-1.50788	1.51802e-06	3.02249
0.115212	1.50956e-06	-1.50788	1.38137e-06	3.02249
0.115212	1.53348e-06	-1.50788	1.27601e-06	3.02249
0.115212	1.55567e-06	-1.50788	1.17873e-06	3.02249
0.115212	1.57405e-06	-1.50788	1.09815e-06	3.02249
0.115212	1.59054e-06	-1.50788	1.02599e-06	3.02249
0.115212	0.00133688	-1.50788	-0.00805808	3.02249
0.115216	3.5999e-06	-1.50788	5.38986e-07	3.03161
0.115216	1.73044e-06	-1.50788	1.29538e-06	3.02249
0.115216	1.73455e-06	-1.50788	1.21025e-06	3.02249
0.115224	0.0025678	-1.50787	-0.0152655	3.02249
0.115221	1.85929e-06	-1.50788	1.67024e-06	3.03976
0.115221	1.51919e-06	-1.50788	1.40624e-06	3.02249
0.115221	1.52879e-06	-1.50788	1.30211e-06	3.02249
0.115221	1.55242e-06	-1.50788	1.20307e-06	3.02249
0.115221	1.57117e-06	-1.50788	1.12083e-06	3.02249
0.115221	1.58933e-06	-1.50788	1.04127e-06	3.02249
0.115221	1.60621e-06	-1.50788	9.67351e-07	3.02249
0.115225	1.27948e-05	-1.50788	-2.23106e-06	3.02249
0.115226	1.73079e-06	-1.50788	1.30674e-06	3.0225
0.115226	1.73507e-06	-1.50788	1.22458e-06	3.02249
0.115231	0.00134508	-1.50788	-4.62399e-07	3.02249
0.115231	2.28634e-06	-1.50788	1.84421e-06	3.02309
0.115231	1.50545e-06	-1.50788	1.42674e-06	3.02249
0.115231	1.52681e-06	-1.50788	1.3249e-06	3.02249
0.115231	1.54827e-06	-1.50788	1.23085e-06	3.02249
0.115231	1.56892e-06	-1.50788	1.14023e-06	3.02249
0.115231	1.58738e-06	-1.50788	1.05929e-06	3.02249
0.115231	1.60454e-06	-1.50788	9.8409e-07	3.02249
0.115235	6.53131e-05	-1.50788	-1.64167e-05	3.02249
0.115235	1.83323e-06	-1.50788	1.27288e-06	3.02254
0.115235	1.73221e-06	-1.50788	1.25276e-06	3.02249
0.115235	1.74719e-06	-1.50788	1.16732e-06	3.02249
0.11524	7.51555e-06	-1.50788	3.77952e-06	3.02249
0.11524	1.508e-06	-1.50788	1.47116e-06	3.02249
0.11524	1.52135e-06	-1.50788	1.35828e-06	3.02249
0.11524	1.54329e-06	-1.50788	1.26184e-06	3.02249
0.11524	1.56293e-06	-1.50788	1.17558e-06	3.02249
0.11524	1.58125e-06	-1.50788	1.09522e-06	3.02249
0.11524	1.59832e-06	-1.50788	1.02036e-06	3.02249
0.115243	0.00120985	-1.50788	-0.00671556	3.02249
0.115244	2.40549e-06	-1.50788	1.02753e-06	3.03013
0.115244	1.73542e-06	-1.50788	1.28477e-06	3.02249
0.115244	1.74363e-06	-1.50788	1.19488e-06	3.02249
0.115249	5.6762e-05	-1.50788	1.44807e-05	3.02249
0.115249	1.5977e-06	-1.50788	1.54859e-06	3.0225
0.115249	1.5162e-06	-1.50788	1.3901e-06	3.02249
0.115249	1.53938e-06	-1.50788	1.28771e-06	3.02249
0.115249	1.55941e-06	-1.50788	1.19968e-06	3.02249
0.11525	1.58024e-06	-1.50788	1.10822e-06	3.02249
0.11525	1.5975e-06	-1.50788	1.03247e-06	3.02249
0.11525	0.00133771	-1.50788	-0.00806278	3.02249
0.115254	4.86285e-06	-1.50788	1.62041e-07	3.03162
0.115254	1.73762e-06	-1.50788	1.29759e-06	3.02249
0.115254	1.74434e-06	-1.50788	1.20204e-06	3.02249
0.115258	5.95542e-05	-1.50788	-2.73573e-05	3.02249
0.115259	1.59955e-06	-1.50788	1.54879e-06	3.02254
0.115259	1.51549e-06	-1.50788	1.40221e-06	3.02249
0.115259	1.53955e-06	-1.50788	1.2952e-06	3.02249
0.115259	1.56125e-06	-1.50788	1.19984e-06	3.02249
0.115259	1.58064e-06	-1.50788	1.11466e-06	3.02249
0.115259	1.59933e-06	-1.50788	1.0326e-06	3.02249
0.115258	-0.00125425	-1.50789	0.00822403	3.02249
0.115263	6.93656e-06	-1.50788	-4.5596e-07	3.01325
0.115263	1.72853e-06	-1.50788	1.30744e-06	3.0225
0.115263	1.7435e-06	-1.50788	1.22301e-06	3.02249
0.115268	-8.96247e-06	-1.50788	4.44548e-05	3.02249
0.115268	1.86754e-06	-1.50788	1.67488e-06	3.02244
0.115268	1.51469e-06	-1.50788	1.41437e-06	3.02249
0.115268	1.53628e-06	-1.50788	1.31748e-06	3.02249
0.115268	1.55676e-06	-1.50788	1.22742e-06	3.02249
0.115268	1.57805e-06	-1.50788	1.13384e-06	3.02249
0.115268	1.59705e-06	-1.50788	1.05037e-06	3.02249
0.115268	1.6134e-06	-1.50788	9.78571e-07	3.02249
0.115272	1.28621e-05	-1.50788	-2.01383e-06	3.02249
0.115273	1.74614e-06	-1.50788	1.31189e-06	3.0225
0.115273	1.7424e-06	-1.50788	1.23443e-06	3.02249
0.115276	0.00233488	-1.50788	-5.15054e-05	3.02249
0.115278	1.97626e-06	-1.50788	1.72122e-06	3.02358
0.115278	1.51705e-06	-1.50788	1.41523e-06	3.02249
0.115278	1.53942e-06	-1.50788	1.3108e-06	3.02249
0.115278	1.56064e-06	-1.50788	1.21776e-06	3.02249
0.115278	1.58176e-06	-1.50788	1.12491e-06	3.02249
0.115278	1.59993e-06	-1.50788	1.04505e-06	3.02249
0.115278	1.6162e-06	-1.50788	9.73621e-07	3.02249
0.115282	1.60764e-05	-1.50788	-2.75378e-06	3.02249
0.115282	1.74762e-06	-1.50788	1.31242e-06	3.0225
0.115282	1.74326e-06	-1.50788	1.23829e-06	3.02249
0.115283	0.000103325	-1.50788	0.00390277	3.02249
0.115287	2.52396e-06	-1.50788	1.93997e-06	3.01841
0.115287	1.51062e-06	-1.50788	1.44028e-06	3.02249
0.115287	1.53462e-06	-1.50788	1.34117e-06	3.02249
0.115287	1.55667e-06	-1.50788	1.24233e-06	3.02249
0.115287	1.57597e-06	-1.50788	1.1574e-06	3.02249
0.115287	1.59535e-06	-1.50788	1.0722e-06	3.02249
0.115287	1.61395e-06	-1.50788	9.90456e-07	3.02249
0.115291	3.23305e-05	-1.50788	-6.24288e-06	3.02249
0.115291	1.78195e-06	-1.50788	1.30497e-06	3.02251
0.115291	1.74407e-06	-1.50788	1.24201e-06	3.02249
0.115292	0.0013258	-1.50788	-0.0080599	3.02249
0.115296	2.52322e-06	-1.50788	1.94355e-06	3.03161
0.115296	1.52252e-06	-1.50788	1.4352e-06	3.02249
0.115296	1.53802e-06	-1.50788	1.32874e-06	3.02249
0.115296	1.56076e-06	-1.50788	1.23104e-06	3.02249
0.115297	1.58063e-06	-1.50788	1.14364e-06	3.02249
0.115297	1.59909e-06	-1.50788	1.06246e-06	3.02249
0.115297	1.61561e-06	-1.50788	9.89832e-07	3.02249
0.115301	4.10906e-05	-1.50788	-8.04322e-06	3.02249
0.115301	1.76252e-06	-1.50788	1.31142e-06	3.02252
0.115301	1.74607e-06	-1.50788	1.23849e-06	3.02249
0.115304	0.00233141	-1.50788	-5.1801e-05	3.02249
0.115306	2.11757e-06	-1.50788	1.78165e-06	3.02358
0.115306	1.52018e-06	-1.50788	1.42253e-06	3.02249
0.115306	1.54252e-06	-1.50788	1.31751e-06	3.02249
0.115306	1.5654e-06	-1.50788	1.21707e-06	3.02249
0.115306	1.58648e-06	-1.50788	1.12428e-06	3.02249
0.115306	1.6053e-06	-1.50788	1.04151e-06	3.02249
0.115306	1.62211e-06	-1.50788	9.67577e-07	3.02249
0.11531	5.79596e-06	-1.50788	-3.53278e-08	3.02249
0.11531	1.74021e-06	-1.50788	1.30627e-06	3.02249
0.11531	1.75022e-06	-1.50788	1.22212e-06	3.02249
0.115315	-8.79581e-06	-1.50788	4.37944e-05	3.02249
0.115315	1.72583e-06	-1.50788	1.61419e-06	3.02244
0.115315	1.52298e-06	-1.50788	1.41113e-06	3.02249
0.115315	1.5455e-06	-1.50788	1.31082e-06	3.02249
0.115315	1.56741e-06	-1.50788	1.21431e-06	3.02249
0.115315	1.58626e-06	-1.50788	1.1313e-06	3.02249
0.115315	1.60519e-06	-1.50788	1.04801e-06	3.02249
0.115315	1.62336e-06	-1.50788	9.68118e-07	3.02249
0.11532	5.79985e-06	-1.50788	-2.34189e-08	3.02249
0.11532	1.7404e-06	-1.50788	1.30119e-06	3.02249
0.11532	1.75381e-06	-1.50788	1.20869e-06	3.02249
0.115324	6.50714e-05	-1.50788	4.75289e-06	3.02249
0.115325	1.58606e-06	-1.50788	1.54054e-06	3.02251
0.115325	1.52864e-06	-1.50788	1.39139e-06	3.02249
0.115325	1.55179e-06	-1.50788	1.28891e-06	3.02249
0.115325	1.5741e-06	-1.50788	1.19064e-06	3.02249
0.115325	1.59401e-06	-1.50788	1.10298e-06	3.02249
0.115325	1.6118e-06	-1.50788	1.02468e-06	3.02249
0.115327	0.000740542	-1.50789	0.00723747	3.02249
0.115329	2.62243e-06	-1.50788	9.8411e-07	3.01518
0.115329	1.73724e-06	-1.50788	1.28202e-06	3.02249
0.115329	1.75806e-06	-1.50788	1.19536e-06	3.02249
0.115334	1.79889e-05	-1.50788	7.49563e-06	3.02249
0.115334	1.528e-06	-1.50788	1.4889e-06	3.02249
0.115334	1.53513e-06	-1.50788	1.36799e-06	3.02249
0.115334	1.55633e-06	-1.50788	1.27446e-06	3.02249
0.115334	1.57839e-06	-1.50788	1.17729e-06	3.02249
0.115334	1.59806e-06	-1.50788	1.09062e-06	3.02249
0.115334	1.61695e-06	-1.50788	1.00747e-06	3.02249
0.115341	0.00310358	-1.50787	-0.0151909	3.02249
0.115338	6.17937e-06	-1.50788	2.97642e-06	3.03992
0.115338	1.60231e-06	-1.50788	1.1652e-06	3.02249
0.115338	1.59888e-06	-1.50788	1.08197e-06	3.02249
0.115338	1.61863e-06	-1.50788	1.00272e-06	3.02249
0.115342	7.94932e-05	-1.50788	-5.65202e-05	3.02249
0.115341	3.73091e-06	-1.50788	2.06609e-06	3.02259
0.115341	1.58864e-06	-1.50788	1.14673e-06	3.02249
0.115341	1.60449e-06	-1.50788	1.06749e-06	3.02249
0.115341	1.62361e-06	-1.50788	9.83323e-07	3.02249
0.115345	-4.32335e-06	-1.50788	2.30111e-05	3.02249
0.115345	1.7964e-06	-1.50788	1.30048e-06	3.02246
0.115345	1.59203e-06	-1.50788	1.12687e-06	3.02249
0.115345	1.61114e-06	-1.50788	1.04076e-06	3.02249
0.115347	0.002173	-1.50788	-0.00558254	3.02249
0.115348	3.61472e-05	-1.50788	1.31019e-05	3.02935
0.115348	1.61431e-06	-1.50788	1.19541e-06	3.02249
0.115348	1.59731e-06	-1.50788	1.10135e-06	3.02249
0.115348	1.61566e-06	-1.50788	1.0233e-06	3.02249
0.115351	-3.60954e-05	-1.50788	-0.000347891	3.02249
0.115351	1.42405e-05	-1.50788	5.89176e-06	3.02284
0.115352	1.59422e-06	-1.50788	1.17402e-06	3.02249
0.115352	1.60125e-06	-1.50788	1.08916e-06	3.02249
0.115352	1.61816e-06	-1.50788	1.01471e-06	3.02249
0.115355	-3.57831e-05	-1.50788	-0.000370369	3.02249
0.115355	7.51156e-06	-1.50788	3.46557e-06	3.02287
0.115355	1.59087e-06	-1.50788	1.15786e-06	3.02249
0.115355	1.60454e-06	-1.50788	1.07695e-06	3.02249
0.115355	1.62321e-06	-1.50788	9.94849e-07	3.02249
0.115359	7.79084e-06	-1.50788	3.44602e-05	3.02249
0.115358	3.73532e-06	-1.50788	2.06774e-06	3.02246
0.115358	1.59108e-06	-1.50788	1.15792e-06	3.02249
0.115359	1.6051e-06	-1.50788	1.07702e-06	3.02249
0.115359	1.62372e-06	-1.50788	9.94908e-07	3.02249
0.115362	-5.64928e-06	-1.50788	2.8477e-05	3.02249
0.115362	3.25345e-06	-1.50788	1.88445e-06	3.02246
0.115362	1.59145e-06	-1.50788	1.15432e-06	3.02249
0.115362	1.60698e-06	-1.50788	1.071e-06	3.02249
0.115362	1.62359e-06	-1.50788	9.97787e-07	3.02249
0.115366	7.96214e-06	-1.50788	3.40945e-05	3.02249
0.115365	3.2542e-06	-1.50788	1.8847e-06	3.02246
0.115365	1.59221e-06	-1.50788	1.14731e-06	3.02249
0.115366	1.61021e-06	-1.50788	1.05899e-06	3.02249
0.115366	1.62853e-06	-1.50788	9.78257e-07	3.02249
0.115369	-0.00253596	-1.50788	0.0126769	3.02249
0.115369	1.75113e-06	-1.50788	1.27799e-06	3.00794
0.115369	1.58676e-06	-1.50788	1.11749e-06	3.02249
0.115369	1.61652e-06	-1.50788	1.04168e-06	3.02249
0.115368	-0.00125526	-1.50789	0.00823376	3.02249
0.115372	5.62281e-05	-1.50788	1.42276e-05	3.01323
0.115372	1.62394e-06	-1.50788	1.21058e-06	3.0225
0.115372	1.601e-06	-1.50788	1.1085e-06	3.02249
0.115373	1.61853e-06	-1.50788	1.02662e-06	3.02249
0.115376	0.00120911	-1.50788	-0.00673319	3.02249
0.115376	2.25798e-05	-1.50788	8.82687e-06	3.03016
0.115376	1.61316e-06	-1.50788	1.18987e-06	3.02249
0.115376	1.60263e-06	-1.50788	1.09561e-06	3.02249
0.115376	1.62032e-06	-1.50788	1.02088e-06	3.02249
0.115379	-1.55946e-06	-1.50788	7.0686e-06	3.02249
0.11538	3.18984e-06	-1.50788	1.4648e-06	3.02248
0.11538	1.76538e-06	-1.50788	1.19044e-06	3.02249
0.115385	1.79663e-05	-1.50788	7.50158e-06	3.02249
0.115385	1.53869e-06	-1.50788	1.4998e-06	3.02249
0.115385	1.53983e-06	-1.50788	1.37993e-06	3.02249
0.115385	1.56364e-06	-1.50788	1.2747e-06	3.02249
0.115385	1.58339e-06	-1.50788	1.18756e-06	3.02249
0.115385	1.60321e-06	-1.50788	1.10013e-06	3.02249
0.115385	1.61222e-06	-1.50788	1.06036e-06	3.02249
