0	1.5	5.5	0.4	0
-0.00083344	-0.0557001	-0.102395	-0.160063	-0
-0.00281218	-0.0892868	-0.10827	-0.270569	1.63587
-0.00446711	-0.0383216	-0.11435	-0.196746	2.70631
-0.00397532	0.071534	-0.116891	0.00290247	2.7116
-0.000502668	0.181587	-0.114012	0.203005	1.64802
0.00474079	0.233176	-0.107871	0.27969	1.30835
0.0112777	0.268098	-0.100044	0.32081	1.18513
0.0186537	0.298388	-0.0912602	0.354607	1.11759
0.0271312	0.328874	-0.0811983	0.390893	1.04766
0.0367818	0.359875	-0.0696957	0.431115	1.27294
0.045914	0.400236	-0.0585235	0.49935	1.1075
0.057733	0.442731	-0.043485	0.573661	0.819265
0.0701128	0.472987	-0.0272519	0.627345	0.452474
0.0836168	0.489884	-0.00922975	0.657564	0.11154
0.0963718	0.491316	0.00788916	0.660366	-0.205692
0.108708	0.456292	0.0241586	0.588954	-0.455945
0.120542	0.422967	0.0391385	0.52701	-0.451757
0.131591	0.397606	0.0527691	0.487582	-0.495532
0.142051	0.37893	0.065612	0.467484	-0.620347
0.152065	0.364139	0.0781041	0.460376	-0.82024
0.161245	0.343313	0.0898184	0.443233	-1.07893
0.16944	0.313843	0.100446	0.409726	-1.30796
0.17708	0.275271	0.110436	0.361051	-1.47919
0.183639	0.230982	0.119033	0.303029	-1.61257
0.188991	0.182614	0.126037	0.238741	-1.38623
0.19326	0.147829	0.131781	0.206319	-1.77729
0.196519	0.0947703	0.136406	0.137983	-1.94332
0.198169	0.0348449	0.138827	0.0530718	-1.99274
0.198249	-0.0262486	0.139038	-0.0334191	-1.95011
0.196775	-0.0848777	0.13707	-0.114807	-1.87673
0.193681	-0.142236	0.132885	-0.192683	-1.38107
0.189723	-0.172386	0.127744	-0.216126	-1.30848
0.184865	-0.200372	0.121879	-0.235001	-1.32721
0.179247	-0.230932	0.115424	-0.261596	-1.3477
0.172795	-0.264477	0.108159	-0.29704	-1.33965
0.165446	-0.299807	0.0998865	-0.33902	-1.2977
0.157175	-0.335466	0.0904733	-0.384713	-1.22381
0.147991	-0.370122	0.0798575	-0.431602	-1.51161
0.137242	-0.425068	0.0669233	-0.525939	-1.34188
0.125543	-0.473443	0.0521181	-0.61155	-0.968875
0.113779	-0.504998	0.0367448	-0.666612	-0.574544
0.0993069	-0.526154	0.0175154	-0.702878	-0.247021
0.0855563	-0.531614	-0.000860478	-0.711882	0.089432
0.0726993	-0.494504	-0.0177344	-0.633475	0.400657
0.0603674	-0.457028	-0.0331578	-0.559902	0.344845
0.0493233	-0.428786	-0.0464779	-0.510949	0.337421
0.038493	-0.406241	-0.0592977	-0.479457	0.411434
0.0281671	-0.389605	-0.0715359	-0.465176	0.560162
0.0182035	-0.37805	-0.0836124	-0.466164	0.777412
0.00861531	-0.360738	-0.0956059	-0.458645	1.06197
-4.32295e-05	-0.33343	-0.106705	-0.431858	1.33554
-0.00819577	-0.295012	-0.117308	-0.385777	1.54451
-0.0159727	-0.243559	-0.127477	-0.319517	1.88748
-0.0214876	-0.183076	-0.134591	-0.231664	1.8298
-0.0255036	-0.127817	-0.139608	-0.157296	1.83306
-0.0281747	-0.0723791	-0.142843	-0.0857833	1.8622
-0.0293321	-0.0188353	-0.144145	-0.0173506	1.45674
-0.0293704	0.0137463	-0.144268	0.0050414	1.4643
-0.0286282	0.0443895	-0.143881	0.0251146	1.55821
-0.0269864	0.0807982	-0.142818	0.056148	1.64626
-0.0243295	0.122137	-0.140793	0.098469	1.70872
-0.0203789	0.168962	-0.137395	0.151875	1.75801
-0.0153385	0.217316	-0.132652	0.211804	1.72746
-0.00903808	0.265701	-0.126321	0.273668	1.68223
-0.00148729	0.313591	-0.118367	0.336858	1.61103
0.00765589	0.362151	-0.108361	0.403063	1.51323
0.0176671	0.406656	-0.0970587	0.465486	1.38327
0.0292389	0.449453	-0.0836527	0.527172	1.66872
0.0412112	0.507062	-0.0691978	0.628207	1.42549
0.0556673	0.561892	-0.0508735	0.726909	1.0057
0.0707587	0.597804	-0.0311226	0.79145	0.524997
0.0871646	0.61598	-0.00929216	0.823958	0.106964
0.103803	0.616711	0.0129601	0.826075	-0.268287
0.119348	0.575658	0.0334547	0.743915	-0.587889
0.13429	0.534442	0.0524192	0.668712	-0.616691
0.147758	0.504175	0.0691366	0.623038	-0.688158
0.160066	0.482441	0.0843789	0.600508	-0.854018
0.172313	0.460999	0.0997519	0.584852	-1.09739
0.183893	0.431587	0.114551	0.556903	-1.39353
0.194957	0.390115	0.128889	0.509137	-1.66411
0.205106	0.337243	0.142159	0.443116	-1.89193
0.213114	0.28163	0.152682	0.370589	-2.07449
0.219785	0.216177	0.161446	0.283958	-2.19597
0.224669	0.148393	0.167837	0.1939	-2.28001
0.227695	0.0786388	0.171766	0.101372	-2.32807
0.228795	0.0157838	0.173154	0.0180996	-2.3429
0.228338	-0.0497014	0.172479	-0.0685314	-1.78794
0.226299	-0.0933411	0.170054	-0.101318	-1.75897
0.223353	-0.131801	0.167062	-0.128181	-1.84389
0.219518	-0.173553	0.163381	-0.165506	-1.92005
0.214133	-0.223808	0.158181	-0.218639	-1.95745
0.207619	-0.27562	0.151692	-0.279239	-1.95345
0.199403	-0.331281	0.143196	-0.348846	-1.90847
0.190454	-0.382983	0.133611	-0.416603	-1.82178
0.179359	-0.437338	0.121354	-0.490366	-1.70817
0.167806	-0.485479	0.108238	-0.558023	-2.1043
0.15363	-0.563092	0.0913426	-0.692408	-1.87078
0.138074	-0.63152	0.071729	-0.814204	-1.35359
0.121013	-0.679169	0.0494536	-0.897639	-0.808242
0.103012	-0.704623	0.0255569	-0.940365	-0.324042
0.0846044	-0.711253	0.000997867	-0.950171	0.0841149
0.0667395	-0.659361	-0.0223608	-0.839945	0.411088
0.0509116	-0.610648	-0.0420438	-0.743654	0.432131
0.0350249	-0.569472	-0.0610451	-0.671607	0.385321
0.0211841	-0.540253	-0.0772501	-0.630193	0.481783
0.00745971	-0.517531	-0.0933087	-0.609426	0.664868
-0.00476295	-0.50252	-0.107886	-0.608143	0.943073
-0.0180474	-0.482748	-0.124246	-0.605884	1.27759
-0.0301639	-0.451114	-0.139642	-0.581598	1.67551
-0.0416591	-0.402199	-0.154561	-0.526663	2.00472
-0.0513139	-0.343143	-0.16723	-0.452364	2.25749
-0.0595902	-0.272966	-0.17813	-0.360077	2.42797
-0.0657044	-0.200522	-0.186176	-0.263819	2.54306
-0.07002	-0.122385	-0.19183	-0.159957	2.6108
-0.0722535	-0.0402109	-0.194727	-0.0513417	2.0219
-0.0726378	0.00964346	-0.195579	-0.0138116	2.02488
-0.0717823	0.0543868	-0.195514	0.0175241	2.15914
-0.0695784	0.107289	-0.194398	0.0642858	2.28278
-0.0658532	0.16687	-0.191809	0.126236	2.36964
-0.0602274	0.233524	-0.187203	0.202378	2.40043
-0.0532749	0.299052	-0.180868	0.282851	2.39725
-0.0449627	0.363687	-0.172728	0.366127	2.34062
-0.0346093	0.430587	-0.162026	0.45521	2.24562
-0.0230343	0.493378	-0.149548	0.541287	2.1092
-0.00936011	0.556182	-0.13429	0.630044	1.94357
0.00526606	0.61228	-0.117511	0.71125	2.35489
0.0236698	0.702263	-0.0954297	0.86867	2.04405
0.042949	0.778649	-0.0710165	1.0071	1.39812
0.0647042	0.831092	-0.0425324	1.10141	0.73628
0.0866321	0.854739	-0.0133503	1.14336	0.129716
0.109682	0.853702	0.017441	1.14164	-0.365839
0.130335	0.796137	0.0445851	1.02563	-0.793592
0.15025	0.740169	0.0697753	0.922565	-0.805269
0.168887	0.697046	0.0927895	0.855933	-0.887074
0.186553	0.664738	0.114505	0.820668	-1.10033
0.203461	0.637864	0.135582	0.804652	-1.43546
0.218931	0.60151	0.155263	0.773016	-1.85931
0.23439	0.546482	0.175231	0.711494	-2.2353
0.247706	0.48095	0.192615	0.6313	-2.56488
0.259594	0.402592	0.208248	0.531441	-2.81666
0.269259	0.316721	0.221025	0.420269	-3.01694
0.276294	0.228226	0.230367	0.30436	-3.16395
0.280842	0.139528	0.236445	0.187597	-3.25323
0.283196	0.0453685	0.239639	0.0636046	-3.29371
0.283145	-0.0457057	0.239669	-0.0562425	-2.51956
0.281125	-0.104599	0.237491	-0.103465	-2.4925
0.277823	-0.157392	0.234413	-0.141399	-2.60359
0.272918	-0.218116	0.230033	-0.194747	-2.71354
0.266056	-0.288108	0.223785	-0.267072	-2.78272
0.257948	-0.358131	0.216076	-0.347652	-2.79582
0.247618	-0.434058	0.205795	-0.441239	-2.75267
0.235298	-0.511176	0.192995	-0.541319	-2.65482
0.220397	-0.590401	0.176913	-0.648451	-2.50581
0.204725	-0.661259	0.159441	-0.747689	-2.3007
0.185134	-0.736054	0.13697	-0.85618	-2.8076
0.164597	-0.839947	0.112249	-1.04022	-2.39009
0.140611	-0.933625	0.0818171	-1.21007	-1.63685
0.11454	-0.995583	0.0476116	-1.32209	-0.818005
0.0882585	-1.02333	0.0125408	-1.37215	-0.088333
0.0596394	-1.02076	-0.0258036	-1.3688	0.521252
0.0341358	-0.943024	-0.0592935	-1.21312	1.03948
0.0105356	-0.877845	-0.0891451	-1.09596	1.02711
-0.0124149	-0.826504	-0.117585	-1.02058	1.15252
-0.0326013	-0.791094	-0.142597	-0.986217	1.45144
-0.0526466	-0.753108	-0.167796	-0.956606	1.8687
-0.0715159	-0.701365	-0.19193	-0.905531	2.35116
-0.0888193	-0.633144	-0.214365	-0.826589	2.78654
-0.104709	-0.547879	-0.235163	-0.720974	3.14287
-0.117714	-0.456071	-0.252322	-0.604705	3.43585
-0.128207	-0.355576	-0.266263	-0.474913	3.66061
-0.136023	-0.24993	-0.276752	-0.338139	3.82141
-0.14118	-0.136415	-0.28381	-0.19099	3.93155
-0.143187	-0.0287003	-0.286753	-0.0507412	3.04339
-0.142972	0.0398986	-0.287217	0.00438529	3.04906
-0.141023	0.107418	-0.286439	0.0534886	3.20901
-0.13722	0.182387	-0.284169	0.119207	3.37947
-0.131085	0.269224	-0.279719	0.208047	3.54304
-0.122847	0.361624	-0.272899	0.314489	3.55313
-0.112162	0.457062	-0.263178	0.430295	3.5304
-0.0989704	0.554558	-0.250341	0.554369	3.4498
-0.0819241	0.660156	-0.232824	0.694807	3.3084
-0.0627041	0.760817	-0.212153	0.834439	3.08745
-0.0425376	0.849865	-0.189676	0.96177	2.8068
-0.0192813	0.93636	-0.162983	1.08929	3.39597
0.00674833	1.06235	-0.1317	1.31293	2.8875
0.0358302	1.17203	-0.0949354	1.5127	1.95291
0.0672843	1.24487	-0.053846	1.64551	0.97179
0.100138	1.27903	-0.0101861	1.7087	0.0934106
0.132046	1.27455	0.0323984	1.70245	-0.687863
0.164063	1.18458	0.0744261	1.52412	-1.24883
0.193713	1.10337	0.111946	1.37809	-1.29143
0.221486	1.03895	0.146379	1.2832	-1.45163
0.246833	0.992745	0.17777	1.23657	-1.80734
0.27292	0.942581	0.210546	1.19731	-2.32092
0.296452	0.874416	0.240584	1.12726	-2.9501
0.317967	0.786793	0.26841	1.02507	-3.4783
0.337016	0.684214	0.293296	0.899626	-3.91626
0.353833	0.566883	0.315504	0.754467	-4.27963
0.366918	0.445152	0.333033	0.602661	-4.59752
0.376735	0.315648	0.346468	0.439445	-4.84339
0.382928	0.185496	0.355285	0.274078	-5.02104
0.385869	0.0461851	0.360002	0.0959542	-4.15236
0.385812	-0.0456306	0.361207	0.0113191	-3.9251
0.3833	-0.136343	0.360539	-0.0568057	-4.09101
0.378498	-0.229967	0.358002	-0.13639	-4.31316
0.370785	-0.338093	0.352842	-0.243754	-4.47693
0.361811	-0.438353	0.345921	-0.354534	-4.56565
0.348245	-0.562761	0.334314	-0.502218	-4.56959
0.331947	-0.686946	0.31918	-0.658391	-4.49198
0.312398	-0.813035	0.299861	-0.824505	-4.33385
0.289578	-0.938762	0.276143	-0.997159	-4.0945
0.262463	-1.06657	0.246726	-1.17991	-3.77448
0.234348	-1.17957	0.215104	-1.34769	-4.59161
0.200067	-1.35652	0.174455	-1.66121	-3.96198
0.15971	-1.52293	0.12364	-1.96629	-2.92181
0.118549	-1.63968	0.0696128	-2.18594	-1.26093
0.0736134	-1.68569	0.00940509	-2.27118	0.0405754
0.0310577	-1.57242	-0.0469006	-2.02861	1.12203
-0.00803891	-1.44541	-0.0960581	-1.77702	1.09916
-0.0442318	-1.34637	-0.139754	-1.60234	0.998007
-0.0781583	-1.26951	-0.179785	-1.49096	1.19182
-0.110341	-1.21092	-0.217664	-1.43322	1.61806
-0.141208	-1.16722	-0.254674	-1.42122	2.25462
-0.170746	-1.11089	-0.291127	-1.39489	3.09038
-0.19852	-1.02915	-0.326426	-1.32649	3.93112
-0.221957	-0.928112	-0.356895	-1.219	4.6769
-0.244257	-0.794319	-0.386372	-1.06089	5.2
-0.2629	-0.647964	-0.411494	-0.885449	5.2
-0.277902	-0.512549	-0.432514	-0.741357	5.2
-0.289493	-0.385064	-0.450116	-0.620853	5.2
-0.298372	-0.254881	-0.465882	-0.512453	5.2
-0.30343	-0.139327	-0.478035	-0.427963	5.2
-0.305584	-0.0195293	-0.488873	-0.351158	5.2
-0.304631	0.0881761	-0.497166	-0.290666	5.2
-0.300917	0.193075	-0.504006	-0.238767	5.2
-0.294508	0.295638	-0.509595	-0.193992	5.2
-0.28506	0.400082	-0.514256	-0.15373	5.2
-0.272816	0.502772	-0.517906	-0.118691	5.2
-0.259025	0.596548	-0.520494	-0.0900597	5.2
-0.241515	0.696646	-0.522533	-0.0624742	5.2
-0.221316	0.795729	-0.523866	-0.0376468	5.2
-0.199348	0.890355	-0.524546	-0.0157472	5.2
-0.174929	0.98436	-0.524677	0.00470383	5.2
-0.148072	1.07788	-0.52429	0.0241804	5.2
-0.118789	1.17103	-0.523405	0.0431292	5.2
-0.087104	1.2639	-0.522056	0.0618305	5.2
-0.0529893	1.35671	-0.520189	0.0810859	5.2
-0.0150091	1.45308	-0.517712	0.101796	5.2
0.024025	1.54601	-0.514782	0.122989	5.2
0.0638394	1.63561	-0.511426	0.144979	5.2
0.107628	1.72921	-0.507323	0.170037	5.2
0.153857	1.82339	-0.502533	0.197903	5.2
0.202545	1.91835	-0.496973	0.229241	5.2
0.253715	2.01431	-0.490542	0.264809	5.2
0.305285	2.10776	-0.483426	0.303819	5.2
0.363626	2.21032	-0.47456	0.352321	5.2
0.420138	2.30715	-0.465092	0.404291	5.2
0.483924	2.41424	-0.453285	0.469586	5.2
0.548119	2.52039	-0.440106	0.543266	5.2
0.612492	2.62592	-0.425474	0.626133	5.2
0.682296	2.74011	-0.407864	0.72736	5.2
0.755141	2.8599	-0.38738	0.847111	5.2
0.831191	2.98662	-0.363489	0.989353	5.2
0.916907	3.13277	-0.333201	1.17333	5.2
0.997034	3.27378	-0.301376	1.37055	5.2
1.08427	3.43338	-0.262527	1.61584	5.2
1.17226	3.60178	-0.218566	1.89796	5.2
1.26847	3.79494	-0.164629	2.24787	5.2
1.37398	4.01649	-0.0980517	2.67984	5.2
1.4815	4.24838	-0.0219836	3.16367	5.2
1.59522	4.49064	0.067467	3.7041	5.2
1.71995	4.7352	0.175739	4.29581	5.2
1.84547	4.89105	0.294194	4.76775	5.2
1.97352	4.93811	0.422834	5.09744	5.2
2.09679	4.90934	0.55354	5.34134	3.01305
2.22342	4.82046	0.694904	5.52194	-1.02739
2.35193	4.68129	0.844429	5.51757	-5.2
2.47306	4.30546	0.990064	5.31108	-5.2
2.57666	3.98778	1.12201	5.26608	-5.2
2.67979	3.65362	1.26495	5.33874	-5.2
2.77713	3.29775	1.41694	5.53031	-5.2
2.85832	2.94272	1.56432	5.81247	-5.2
2.91754	1.76067	1.50789	-0.00309129	-5.2
2.96271	1.59526	1.50788	-8.24989e-05	-3.02461
3.00096	1.47205	1.50788	-8.98687e-05	-5.14855
3.03718	1.31879	1.50788	1.23622e-05	-5.2
3.06821	1.16971	1.50788	1.20205e-05	-5.2
3.09754	1.00901	1.50788	1.88251e-05	-5.2
3.12169	0.854598	1.50788	1.8501e-05	-5.2
3.14183	0.700515	1.50788	-9.11244e-05	-5.2
3.15797	0.546787	1.50788	2.08308e-05	-5.2
3.17011	0.393372	1.50788	1.60659e-05	-5.2
3.17803	0.24616	1.50788	1.33937e-05	-5.2
3.18237	0.0933912	1.50788	1.09492e-05	-5.2
3.18306	-0.00283116	1.50788	0.0029743	-5.2
3.18304	-0.000651199	1.50788	-0.000178438	-5.2
3.18302	0.0025382	1.50788	-0.0126906	-5.2
3.183	-0.00433472	1.50787	0.0139784	-5.2
3.18298	-0.000667953	1.50788	-0.00015907	-5.2
3.18296	-0.00434942	1.50787	0.0139813	-5.2
3.18294	0.00253751	1.50788	-0.0126877	-5.2
3.18292	0.00253735	1.50788	-0.012687	-5.2
3.1829	-0.00437095	1.50787	0.0139832	-5.2
3.18288	-0.000690384	1.50788	-0.000140729	-5.2
3.18286	0.00253698	1.50788	-0.0126855	-5.2
3.18284	0.00253683	1.50788	-0.0126852	-5.2
3.18281	-0.00439883	1.50787	0.0139822	-5.2
3.18279	-0.00440593	1.50787	0.0139813	-5.2
3.18278	-0.000711984	1.50788	-0.000128909	-5.2
3.18276	0.00253548	1.50788	-0.0126868	-5.2
3.18273	0.00253525	1.50788	-0.012687	-5.2
3.18271	-0.00230122	1.50788	0.00240882	-5.2
3.18271	-8.51737e-07	1.50788	-1.62636e-06	-5.2
3.18271	-2.1478e-06	1.50788	-1.42934e-06	-5.2
3.18271	-2.23998e-06	1.50788	-1.32586e-06	-5.2
3.18271	-2.3133e-06	1.50788	-1.23658e-06	-5.2
3.18271	-2.38205e-06	1.50788	-1.15357e-06	-5.2
3.18271	-2.44886e-06	1.50788	-1.07362e-06	-5.2
3.18271	-2.50908e-06	1.50788	-1.0022e-06	-5.2
3.18271	-2.56344e-06	1.50788	-9.38322e-07	-5.2
3.18271	-2.61656e-06	1.50788	-8.76531e-07	-5.2
3.18271	-2.66829e-06	1.50788	-8.17014e-07	-5.2
3.18271	-2.17288e-07	1.50788	-2.34069e-06	-5.2
3.18271	-1.74395e-06	1.50788	-4.82004e-07	-5.2
3.18271	-3.2185e-06	1.50788	1.13138e-06	-5.2
3.18271	-1.16712e-06	1.50788	-8.47131e-07	-5.2
3.18271	-1.106e-06	1.50788	-7.80162e-07	-5.2
3.18271	-1.05249e-06	1.50788	-7.15478e-07	-5.2
3.18271	-1.00322e-06	1.50788	-6.55872e-07	-5.2
3.18271	-9.57858e-07	1.50788	-6.00951e-07	-5.2
3.18271	-9.16099e-07	1.50788	-5.50347e-07	-5.2
3.18271	-8.79077e-07	1.50788	-5.05444e-07	-5.2
3.18271	-8.43579e-07	1.50788	-4.62348e-07	-5.2
3.18271	-8.08502e-07	1.50788	-4.19716e-07	-5.2
3.18268	0.00253848	1.50788	-0.0126915	-5.2
3.18265	-0.00455104	1.50787	0.0138611	-5.2
3.18263	-0.00455876	1.50787	0.013864	-5.2
3.18261	-0.000795458	1.50788	-0.000168279	-5.2
3.18258	0.00253521	1.50788	-0.0126925	-5.2
3.18256	-0.0045794	1.50787	0.01387	-5.2
3.18254	-0.000808884	1.50788	-0.00015547	-5.2
3.18252	-0.000812765	1.50788	-0.000152138	-5.2
3.18249	-0.000817019	1.50788	-0.000148672	-5.2
3.18247	-0.000821151	1.50788	-0.000145511	-5.2
3.18244	0.00253277	1.50788	-0.012693	-5.2
3.18242	0.00253245	1.50788	-0.012693	-5.2
3.18239	0.00253215	1.50788	-0.0126931	-5.2
3.18237	-0.00462893	1.50787	0.0138737	-5.2
3.18235	-0.00083999	1.50788	-0.000133469	-5.2
3.18232	-0.000883152	1.50788	-6.63474e-05	-5.2
3.1823	0.00250627	1.50788	-0.012688	-5.2
3.18227	0.00250664	1.50788	-0.0126882	-5.2
3.18224	-0.00469557	1.50787	0.0139216	-5.2
3.18222	-0.00469925	1.50787	0.0139155	-5.2
3.1822	0.00250759	1.50788	-0.0126886	-5.2
3.18217	-0.000897797	1.50788	-7.98292e-05	-5.2
3.18214	-0.00084693	1.50788	-0.000175797	-5.2
3.18211	0.00253385	1.50788	-0.0126952	-5.2
3.18209	0.00253333	1.50788	-0.0126952	-5.2
3.18207	-0.00086308	1.50788	-0.000159361	-5.2
3.18204	0.00253246	1.50788	-0.0126952	-5.2
3.18201	-0.00469248	1.50787	0.0138258	-5.2
3.18199	-0.00469848	1.50787	0.0138267	-5.2
3.18196	-0.000878515	1.50788	-0.000146146	-5.2
3.18194	-0.00470949	1.50787	0.0138276	-5.2
3.18191	-0.000885445	1.50788	-0.00014115	-5.2
3.18189	-0.000888987	1.50788	-0.000138819	-5.2
3.18186	-0.00516048	1.50787	0.0141218	-5.2
3.18184	0.00250507	1.50788	-0.0126887	-5.2
3.18181	-0.00477787	1.50787	0.013887	-5.2
3.18179	-0.00094211	1.50788	-7.06559e-05	-5.2
3.18176	0.00250606	1.50788	-0.0126891	-5.2
3.18173	-0.00478716	1.50787	0.0138696	-5.2
3.18171	0.00250664	1.50788	-0.0126894	-5.2
3.18168	0.00252532	1.50788	-0.0126844	-5.2
3.18165	-0.000901209	1.50788	-0.000173403	-5.2
3.18162	0.0025324	1.50788	-0.0126972	-5.2
3.18159	-0.00476173	1.50787	0.0137802	-5.2
3.18156	-0.00476766	1.50787	0.013782	-5.2
3.18154	-0.000916968	1.50788	-0.00015703	-5.2
3.18151	-0.00477849	1.50787	0.0137845	-5.2
3.18149	0.00253031	1.50788	-0.0126969	-5.2
3.18146	-0.0047895	1.50787	0.0137861	-5.2
3.18143	-0.00479485	1.50787	0.0137866	-5.2
3.1814	-0.0048001	1.50787	0.0137869	-5.2
3.18138	-0.00483719	1.50787	0.0138302	-5.2
3.18135	-0.00485372	1.50787	0.0138529	-5.2
3.18133	0.00250444	1.50788	-0.0126895	-5.2
3.1813	-0.0048589	1.50787	0.0138411	-5.2
3.18127	-0.000987651	1.50788	-7.7931e-05	-5.2
3.18124	-0.00486437	1.50787	0.0138303	-5.2
3.18121	-0.00486737	1.50787	0.013825	-5.2
3.18118	0.00253281	1.50788	-0.0126964	-5.2
3.18115	-0.00482596	1.50787	0.0137377	-5.2
3.18113	-0.000948658	1.50788	-0.000171779	-5.2
3.1811	0.00253089	1.50788	-0.0126988	-5.2
3.18107	-0.00484248	1.50787	0.0137442	-5.2
3.18104	-0.00484793	1.50787	0.0137458	-5.2
3.18102	-0.000963181	1.50788	-0.000156544	-5.2
3.18099	0.00252928	1.50788	-0.0126984	-5.2
3.18096	-0.00486301	1.50787	0.0137491	-5.2
3.18094	0.00252863	1.50788	-0.0126981	-5.2
3.18091	-0.0025037	1.50788	0.00236712	-5.2
3.18088	-0.00102421	1.50788	-6.61514e-05	-5.2
3.18085	-0.00102542	1.50788	-7.04839e-05	-5.2
3.18082	0.00250374	1.50788	-0.0126901	-5.2
3.1808	-0.00102683	1.50788	-7.84452e-05	-5.2
3.18077	-0.00102771	1.50788	-8.22358e-05	-5.2
3.18074	0.00250474	1.50788	-0.0126906	-5.2
3.1807	-0.00488622	1.50787	0.0136939	-5.2
3.18067	-0.000981945	1.50788	-0.000181187	-5.2
3.18064	-0.00489671	1.50787	0.0137048	-5.2
3.18062	-0.000989271	1.50788	-0.000172181	-5.2
3.18059	0.00252973	1.50788	-0.0127001	-5.2
3.18056	-0.00491213	1.50787	0.0137113	-5.2
3.18053	-0.000999558	1.50788	-0.00016081	-5.2
3.18051	0.00252851	1.50788	-0.0126996	-5.2
3.18047	-0.0049265	1.50787	0.0137155	-5.2
3.18045	-0.00100894	1.50788	-0.000151843	-5.2
3.18042	-0.000507594	1.50788	0.0029914	-5.2
3.18041	-8.677e-06	1.50788	2.69027e-06	-5.2
3.18041	-2.25885e-06	1.50788	-2.26221e-06	-5.2
3.18041	-2.27112e-06	1.50788	-2.09132e-06	-5.2
3.18041	-2.25338e-06	1.50788	-1.94629e-06	-5.2
3.18041	-2.2374e-06	1.50788	-1.81145e-06	-5.2
3.18041	-2.22239e-06	1.50788	-1.68154e-06	-5.2
3.18041	-2.20982e-06	1.50788	-1.56979e-06	-5.2
3.18041	-2.19801e-06	1.50788	-1.46167e-06	-5.2
3.18041	-2.1874e-06	1.50788	-1.36122e-06	-5.2
3.1804	-2.17789e-06	1.50788	-1.2679e-06	-5.2
3.1804	-2.16941e-06	1.50788	-1.18121e-06	-5.2
3.1804	-2.16215e-06	1.50788	-1.10366e-06	-5.2
3.1804	-2.15548e-06	1.50788	-1.02863e-06	-5.2
3.1804	-2.14962e-06	1.50788	-9.58932e-07	-5.2
3.1804	-2.14453e-06	1.50788	-8.94185e-07	-5.2
3.1804	-3.09739e-06	1.50788	1.64343e-07	-5.2
3.1804	-1.13206e-06	1.50788	-8.93597e-07	-5.2
3.1804	-1.06876e-06	1.50788	-8.22539e-07	-5.2
3.1804	-1.0117e-06	1.50788	-7.53086e-07	-5.2
3.1804	-9.63023e-07	1.50788	-6.93811e-07	-5.2
3.1804	-9.16301e-07	1.50788	-6.36898e-07	-5.2
3.1804	-8.7325e-07	1.50788	-5.84438e-07	-5.2
3.1804	-8.32121e-07	1.50788	-5.34301e-07	-5.2
3.1804	-7.95689e-07	1.50788	-4.89868e-07	-5.2
3.1804	-7.62123e-07	1.50788	-4.48912e-07	-5.2
3.1804	-7.31198e-07	1.50788	-4.11162e-07	-5.2
3.18039	-0.000439098	1.50789	-0.00605335	-5.2
3.18033	-0.00603907	1.50787	0.0137328	-5.2
3.1803	-0.00501601	1.50787	0.0136205	-5.2
3.18027	-0.00502136	1.50787	0.0136248	-5.2
3.18024	-0.00105847	1.50788	-0.000191504	-5.2
3.18021	-0.00503116	1.50787	0.0136319	-5.2
3.18018	-0.00503611	1.50787	0.0136351	-5.2
3.18015	-0.00106876	1.50788	-0.000177167	-5.2
3.18012	-0.00107205	1.50788	-0.000172937	-5.2
3.18009	-0.00107522	1.50788	-0.000169024	-5.2
3.18006	-0.00107828	1.50788	-0.000165418	-5.2
3.18003	0.00252654	1.50788	-0.0127015	-5.2
3.18	0.00252618	1.50788	-0.0127013	-5.2
3.17995	-0.00215657	1.50788	-5.98271e-05	-5.2
3.17992	-0.00107868	1.50788	-0.000185641	-5.2
3.17988	-0.0050641	1.50787	0.0136225	-5.2
3.17986	-0.00108486	1.50788	-0.000176959	-5.2
3.17982	-0.00507275	1.50787	0.0136276	-5.2
3.17979	-0.00507714	1.50787	0.0136298	-5.2
3.17976	-0.00508142	1.50787	0.0136318	-5.2
3.17973	-0.00109662	1.50788	-0.000162562	-5.2
3.1797	-0.0050892	1.50787	0.0136348	-5.2
3.17965	-0.0014525	1.50788	-7.77314e-05	-5.2
3.17962	0.0025283	1.50788	-0.012704	-5.2
3.17959	-0.00509057	1.50787	0.0136105	-5.2
3.17956	-0.00110007	1.50788	-0.000176915	-5.2
3.17953	-0.00509894	1.50787	0.0136155	-5.2
3.1795	-0.00110581	1.50788	-0.0001695	-5.2
3.17947	0.00252608	1.50788	-0.0127024	-5.2
3.17943	-0.00511089	1.50787	0.0136212	-5.2
3.1794	-0.00326436	1.50788	3.60337e-05	-5.2
3.17935	-0.00511781	1.50787	0.013606	-5.2
3.17932	-0.00110849	1.50788	-0.000185353	-5.2
3.17929	0.00252736	1.50788	-0.012704	-5.2
3.17925	-0.00511999	1.50787	0.0136018	-5.2
3.17922	-0.0051242	1.50787	0.0136043	-5.2
3.17919	0.00252602	1.50788	-0.012703	-5.2
3.17916	0.00252562	1.50788	-0.0127027	-5.2
3.17913	-0.00112554	1.50788	-0.000163008	-5.2
3.17908	-0.00206935	1.50788	-6.27051e-05	-5.2
3.17904	0.00252766	1.50788	-0.0127045	-5.2
3.179	-0.00513642	1.50787	0.0135862	-5.2
3.17898	0.00252683	1.50788	-0.0127041	-5.2
3.17894	0.00252636	1.50788	-0.0127038	-5.2
3.17891	-0.00113161	1.50788	-0.000172178	-5.2
3.17888	0.00252554	1.50788	-0.0127032	-5.2
3.17885	-0.00515583	1.50787	0.0135977	-5.2
3.17881	-0.0030866	1.50788	1.53857e-05	-5.2
3.17875	0.00251098	1.50788	-0.0126833	-5.2
3.17872	-0.00515606	1.50787	0.0135735	-5.2
3.17869	-0.0011369	1.50788	-0.000182884	-5.2
3.17866	0.00252631	1.50788	-0.0127043	-5.2
3.17862	-0.00516796	1.50787	0.0135818	-5.2
3.17859	-0.00114524	1.50788	-0.000171276	-5.2
3.17856	-0.00517523	1.50787	0.013586	-5.2
3.17853	-0.00517892	1.50787	0.0135878	-5.2
3.17847	-0.00232976	1.50788	-7.36626e-05	-5.2
3.17843	0.00252595	1.50788	-0.0127028	-5.2
3.17839	-0.0051791	1.50787	0.0135646	-5.2
3.17836	-0.00115035	1.50788	-0.00018149	-5.2
3.17833	-0.00115323	1.50788	-0.000177329	-5.2
3.1783	0.0025254	1.50788	-0.0127041	-5.2
3.17827	0.00252498	1.50788	-0.0127038	-5.2
3.17823	-0.00519757	1.50787	0.0135766	-5.2
3.17818	-0.00294272	1.50788	-5.12085e-05	-5.2
3.17812	-0.00162274	1.50788	-7.55659e-05	-5.2
3.17808	0.00252659	1.50788	-0.0127053	-5.2
3.17805	0.00252616	1.50788	-0.0127052	-5.2
3.17801	-0.00520533	1.50787	0.0135593	-5.2
3.17798	-0.00520914	1.50787	0.0135619	-5.2
3.17795	-0.00116879	1.50788	-0.000172166	-5.2
3.17792	-0.00117134	1.50788	-0.000168773	-5.2
3.17787	-0.00318646	1.50788	-2.93598e-05	-5.2
3.17779	-0.00622287	1.50787	0.0136542	-5.2
3.17775	-0.00117291	1.50788	-0.000182433	-5.2
3.17772	0.002526	1.50788	-0.0127055	-5.2
3.17769	-0.00117358	1.50788	-0.00018142	-5.2
3.17766	0.0025251	1.50788	-0.0127048	-5.2
3.17763	-0.00117866	1.50788	-0.000174038	-5.2
3.17759	-0.00118118	1.50788	-0.000170563	-5.2
3.17755	-0.00357896	1.50788	-4.44787e-05	-5.2
3.17747	0.00107573	1.50788	-0.0126849	-5.2
3.17741	0.00191912	1.50788	-0.0126858	-5.2
3.17737	-0.00523905	1.50787	0.0135386	-5.2
3.17733	-0.00524083	1.50787	0.0135396	-5.2
3.1773	-0.00524451	1.50787	0.0135424	-5.2
3.17727	0.00252449	1.50788	-0.0127048	-5.2
3.17723	0.00252409	1.50788	-0.0127045	-5.2
3.17719	-0.00355536	1.50788	2.06882e-05	-5.2
3.17711	-0.00298107	1.50788	-7.11232e-05	-5.2
3.17703	0.00133582	1.50788	-0.012685	-5.2
3.17697	-0.00598049	1.50787	0.0136381	-5.2
3.17694	-0.00139738	1.50788	-9.86273e-05	-5.2
3.1769	-0.00119578	1.50788	-0.000179716	-5.2
3.17687	-0.00119833	1.50788	-0.000175939	-5.2
3.17683	-0.00526786	1.50787	0.0135382	-5.2
3.17679	-0.00362706	1.50788	2.04446e-05	-5.2
3.1767	-0.00330027	1.50788	-7.05011e-05	-5.2
3.17662	0.000773268	1.50788	-0.0126846	-5.2
3.17654	0.0010679	1.50788	-0.0126847	-5.2
3.17647	-0.00652048	1.50787	0.0136338	-5.2
3.17641	-0.00221769	1.50788	-6.52569e-05	-5.2
3.17636	0.00173335	1.50788	-0.0126851	-5.2
3.17631	-0.00187092	1.50788	-6.39199e-05	-5.2
3.17626	-0.00173392	1.50788	-6.32899e-05	-5.2
3.17621	-0.00571502	1.50787	0.0136313	-5.2
3.17613	-0.00783876	1.50787	0.0136339	-5.2
3.17604	-0.00370327	1.50788	-6.71055e-05	-5.2
3.17594	-0.00775773	1.50787	0.0136279	-5.2
3.17585	-0.00368089	1.50788	-6.29883e-05	-5.2
3.17575	4.9083e-05	1.50788	-0.0126839	-5.2
3.17565	-0.00784886	1.50787	0.0136309	-5.2
3.17556	-0.00385723	1.50788	-5.73673e-05	-5.2
3.17545	-0.00804462	1.50787	0.0136325	-5.2
3.17535	-0.00410755	1.50788	-5.40575e-05	-5.2
3.17524	-0.000512565	1.50788	-0.0126832	-5.2
3.17512	-0.000715158	1.50788	-0.0126831	-5.2
3.17501	-0.00469252	1.50788	-4.87824e-05	-5.2
3.17489	0.00139702	1.50788	-0.0136437	-5.2
3.17477	-0.00923238	1.50787	0.0135792	-5.2
3.17463	-0.00546829	1.50788	-7.57252e-05	-5.2
3.1746	-0.00554193	1.50788	-7.49021e-05	-5.2
