0	0.5	5.5	0.4	0
-0.000637655	-0.0386427	-0.102087	-0.126601	-0
-0.00214183	-0.0717043	-0.107024	-0.235681	1.81587
-0.00335843	-0.0112394	-0.112468	-0.143411	2.91994
-0.00208194	0.106085	-0.11328	0.0750412	2.48754
0.00200081	0.202894	-0.108943	0.249173	1.15378
0.00774608	0.233699	-0.101923	0.280806	0.226923
0.0134243	0.217687	-0.095686	0.213529	-0.00830931
0.0185289	0.174582	-0.0917813	0.0874094	0.358591
0.0232348	0.162338	-0.0902156	0.0274313	1.34244
0.0282047	0.204858	-0.0886318	0.0890736	1.91099
0.0350702	0.282819	-0.0841259	0.228217	1.41094
0.0437431	0.33416	-0.0765172	0.311267	0.266167
0.0527221	0.326909	-0.0685722	0.269798	-0.578521
0.0604448	0.270111	-0.0635658	0.122962	-0.106634
0.0668577	0.227355	-0.0619934	0.00802503	0.752711
0.0732861	0.247581	-0.0614461	0.0306372	1.98311
0.0804815	0.326815	-0.0587325	0.184658	1.35062
0.0897065	0.379579	-0.0525965	0.281367	0.41363
0.100088	0.386285	-0.044955	0.278844	-0.439359
0.109765	0.335612	-0.0392889	0.152936	-0.439928
0.118549	0.293871	-0.036553	0.0476172	0.509478
0.126322	0.305583	-0.0351901	0.0611305	1.05906
0.135615	0.354577	-0.0320456	0.156229	1.36441
0.145638	0.414684	-0.0263597	0.278049	0.361731
0.157056	0.427384	-0.0184836	0.297947	-0.58778
0.16797	0.383203	-0.0118908	0.195714	-0.868231
0.177237	0.33097	-0.00837834	0.0777525	-0.123644
0.185157	0.303936	-0.00724551	0.0159331	0.597113
0.19409	0.333671	-0.0059083	0.0787046	1.33324
0.204505	0.407094	-0.00137843	0.238293	0.760232
0.216529	0.449289	0.00667233	0.331701	-0.658131
0.228588	0.412178	0.0148666	0.254239	-1.62238
0.238481	0.324113	0.0191017	0.0671408	-1.13057
0.246074	0.264764	0.0191074	-0.0564977	0.299987
0.252884	0.28194	0.018191	-0.0127696	1.11177
0.261085	0.34605	0.0198538	0.134199	0.850502
0.270368	0.394333	0.0246841	0.247273	-0.173592
0.280023	0.375019	0.0305326	0.213901	-0.974535
0.289152	0.329549	0.0348789	0.125285	-0.844074
0.297215	0.292831	0.0371919	0.0569919	-0.353559
0.304565	0.277094	0.0382667	0.0352609	0.00626097
0.311904	0.287134	0.0396546	0.0704477	0.14139
0.319298	0.303954	0.0420595	0.1206	-0.149037
0.32769	0.294585	0.0454054	0.115997	-0.624024
0.335604	0.271599	0.0481641	0.0826683	-0.671124
0.34285	0.246995	0.0499518	0.0466302	-0.458849
0.348865	0.235571	0.0509791	0.0380128	-0.230586
0.355154	0.231799	0.0521009	0.0478579	-0.217096
0.360931	0.230505	0.0534813	0.0621983	-0.310946
0.366902	0.228883	0.0552959	0.0770459	-0.435208
0.372749	0.221246	0.0573272	0.079364	-0.573203
0.378102	0.207555	0.0591663	0.0683144	-0.640817
0.383649	0.189222	0.0608148	0.0500084	-0.770038
0.388092	0.166772	0.0616926	0.0207556	-0.567477
0.392246	0.153886	0.0621163	0.0134731	-0.434873
0.396163	0.14825	0.0625666	0.0222252	-0.426989
0.399814	0.14405	0.063267	0.0334964	-0.512737
0.403444	0.135498	0.0641767	0.0363253	-0.617174
0.406661	0.122293	0.0649834	0.0284117	-0.676398
0.40962	0.105814	0.0655362	0.0143991	-0.669197
0.412154	0.0897962	0.0657353	0.00152417	-0.623984
0.414306	0.076309	0.0656742	-0.00578115	-0.581546
0.416074	0.0655892	0.0655004	-0.00791691	-0.568822
0.417747	0.0543863	0.0652681	-0.00862278	-0.692704
0.418973	0.036904	0.0648241	-0.0240526	-0.730124
0.419695	0.0172369	0.063892	-0.0445076	-0.639289
0.419946	0.00146336	0.0624729	-0.0560208	-0.502104
0.419871	-0.00649878	0.0610152	-0.0517506	-0.432198
0.419653	-0.0106216	0.059856	-0.0411039	-0.42887
0.419291	-0.0151518	0.0588773	-0.0293824	-0.588521
0.418699	-0.0284364	0.0579714	-0.0379445	-0.713587
0.417744	-0.04737	0.0567323	-0.060754	-0.556294
0.416217	-0.060686	0.0548891	-0.0695717	-0.495681
0.414447	-0.0701347	0.0529884	-0.0713003	-0.434379
0.41238	-0.0771197	0.0510441	-0.0676302	-0.426257
0.410373	-0.083279	0.0493935	-0.064769	-0.400398
0.407956	-0.0892536	0.0476502	-0.0601608	-0.48964
0.405593	-0.0994972	0.0460588	-0.0673469	-0.448087
0.402993	-0.108198	0.0443204	-0.0716943	-0.406584
0.399966	-0.115825	0.0423671	-0.0731562	-0.443968
0.396825	-0.12563	0.040373	-0.0806252	-0.366814
0.393605	-0.131779	0.0383502	-0.0812776	-0.317036
0.389848	-0.136438	0.0361272	-0.0778968	-0.351137
0.386069	-0.143409	0.033989	-0.0808361	-0.369683
0.382381	-0.15143	0.0318839	-0.0876805	-0.28762
0.378223	-0.156353	0.0295188	-0.0876605	-0.26635
0.37378	-0.160967	0.0270716	-0.0874418	-0.249422
0.369209	-0.1654	0.0246238	-0.0877177	-0.231881
0.364688	-0.169436	0.0222522	-0.0883082	-0.208673
0.359891	-0.17314	0.0197772	-0.0887511	-0.181949
0.355001	-0.176143	0.0172987	-0.088557	-0.15376
0.350395	-0.178119	0.0150159	-0.0874039	-0.117477
0.345576	-0.178919	0.0127042	-0.0842699	-0.112297
0.340549	-0.180223	0.01037	-0.0829061	-0.109676
0.336023	-0.181914	0.00829302	-0.0835608	-0.0815182
0.330914	-0.183021	0.00595934	-0.0833761	-0.0595368
0.325781	-0.183639	0.0036347	-0.0829661	-0.029809
0.321195	-0.183306	0.00158455	-0.0813727	-0.00557925
0.316632	-0.181761	-0.000402778	-0.0777802	0.0121796
0.312034	-0.170704	-0.00215129	-0.0539634	0.0191483
0.307924	-0.158789	-0.00316423	-0.0286984	-0.116132
0.303409	-0.164337	-0.00413791	-0.0421834	-0.33699
0.298911	-0.181668	-0.00574967	-0.0818409	-0.168598
0.294243	-0.1911	-0.00810012	-0.104759	0.120714
0.289611	-0.179521	-0.0104364	-0.0823766	0.304205
0.285137	-0.165209	-0.0122055	-0.0548241	0.191826
0.281138	-0.155838	-0.0133407	-0.0384296	0.0519219
0.277191	-0.14819	-0.0141724	-0.0263138	-0.0381996
0.273115	-0.15364	-0.0151177	-0.0434037	-0.123665
0.268658	-0.164508	-0.0167559	-0.073025	0.0321112
0.264448	-0.158508	-0.018587	-0.0658433	0.249024
0.260595	-0.150138	-0.0200731	-0.0537793	0.236589
0.256794	-0.142601	-0.0213388	-0.0442572	0.191064
0.253023	-0.137375	-0.0224678	-0.0404947	0.186177
0.249506	-0.133399	-0.0235048	-0.0395531	0.163886
0.24595	-0.130301	-0.0245898	-0.0412094	0.212342
0.242372	-0.125447	-0.0257221	-0.0397346	0.260653
0.239202	-0.118684	-0.0266733	-0.0337733	0.236869
0.236301	-0.113654	-0.0274855	-0.0315558	0.226204
0.233515	-0.109499	-0.0282718	-0.0315191	0.235911
0.23052	-0.104641	-0.0291494	-0.031332	0.310035
0.227716	-0.0958974	-0.0299044	-0.0229267	0.343905
0.225182	-0.0855001	-0.0303746	-0.0111228	0.306037
0.222984	-0.07769	-0.0305824	-0.00471718	0.237977
0.221093	-0.0739534	-0.0307184	-0.00650274	0.191364
0.219188	-0.0727121	-0.0309878	-0.0142247	0.216931
0.217329	-0.0703679	-0.0314308	-0.019649	0.280068
0.215574	-0.0648384	-0.0319232	-0.0182494	0.333091
0.213998	-0.0566727	-0.0323035	-0.0112199	0.346277
0.212595	-0.0475886	-0.0324867	-0.00269642	0.324463
0.21142	-0.0397921	-0.0324789	0.00297303	0.347275
0.21044	-0.0305004	-0.0322725	0.0115339	0.32229
0.20977	-0.0234258	-0.0319179	0.0165915	0.23848
0.20921	-0.0201496	-0.0315256	0.0130317	0.219105
0.20873	-0.0182473	-0.0312801	0.00697712	0.249418
0.208273	-0.0144335	-0.0311317	0.00395974	0.354548
0.20802	-0.00525844	-0.0309023	0.0135688	0.328093
0.207988	0.00235642	-0.0304757	0.0202682	0.282902
0.208117	0.00775743	-0.0299421	0.0222702	0.252028
0.208362	0.0116704	-0.0293994	0.0211855	0.247139
0.208703	0.0154353	-0.0288866	0.0199483	0.259976
0.209167	0.0201532	-0.0283607	0.0205963	0.273973
0.209766	0.0257259	-0.027791	0.0233031	0.277008
0.210514	0.03165	-0.0271367	0.026987	0.267017
0.211413	0.0372476	-0.0263923	0.0301915	0.249874
0.212404	0.0419266	-0.0256151	0.0319782	0.2341
0.213505	0.0459994	-0.0248074	0.0326941	0.225431
0.214855	0.0503121	-0.0238855	0.0332654	0.262501
0.216303	0.056748	-0.0229086	0.0391411	0.260432
0.217864	0.0631587	-0.0218055	0.0456178	0.183945
0.219611	0.0660498	-0.0205877	0.0444957	0.157113
0.221417	0.0676978	-0.0194361	0.0410655	0.160637
0.223345	0.0699564	-0.0183174	0.0391274	0.18336
0.225359	0.0738695	-0.0171951	0.0412241	0.194925
0.227419	0.0786437	-0.0160204	0.0458434	0.172061
0.229515	0.0824493	-0.0147869	0.0489631	0.113821
0.231842	0.0836388	-0.0134528	0.0464144	0.0930916
0.234104	0.0839659	-0.0122552	0.0426048	0.101402
0.236216	0.0850122	-0.0112124	0.0410719	0.104935
0.238621	0.0867606	-0.0100665	0.0410181	0.125098
0.241096	0.0900444	-0.0088675	0.0447572	0.114693
0.243475	0.0929275	-0.0076594	0.0482719	0.0644717
0.24581	0.0936559	-0.00645905	0.0475635	0.0331639
0.248423	0.0929818	-0.0051796	0.0439562	0.02196
0.250735	0.0920851	-0.00412792	0.0404683	0.0320433
0.253311	0.092002	-0.00302037	0.0389759	0.0472836
0.255903	0.0931969	-0.00190765	0.0406897	0.044558
0.258249	0.0944654	-0.000862233	0.0430131	0.0141743
0.260897	0.0946238	0.000345934	0.0432583	-0.0195531
0.263461	0.0880461	0.00137344	0.0291476	-0.0411669
0.265826	0.0812845	0.00197783	0.0149326	0.0554009
0.267897	0.0843363	0.00244483	0.0223402	0.134273
0.270281	0.0921375	0.00329748	0.0404455	0.0893803
0.272754	0.0977345	0.00453472	0.0540336	-0.0567946
0.27531	0.0916136	0.00583763	0.0424312	-0.221348
0.277475	0.0817868	0.00664837	0.0229144	-0.106998
0.279516	0.0763662	0.0070869	0.0133522	-0.00308383
0.281379	0.0729446	0.00735117	0.00819889	0.0547351
0.283492	0.0778952	0.00777557	0.0218049	0.0999566
0.285613	0.0850107	0.0085874	0.0401687	-0.021245
0.287702	0.0817941	0.00954999	0.0360633	-0.146408
0.289906	0.0759137	0.0104233	0.0268085	-0.181369
0.291716	0.0691643	0.0109457	0.0154862	-0.0968311
0.293599	0.0660172	0.0113204	0.012643	-0.0413973
0.295228	0.0644977	0.0116383	0.0130465	-0.0370354
0.296951	0.0632065	0.0120078	0.01437	-0.0475776
0.298766	0.0620446	0.0124539	0.0164379	-0.0710873
0.300429	0.0611648	0.0129318	0.0189681	-0.103146
0.301934	0.0593149	0.0134091	0.019197	-0.117115
0.303556	0.0566361	0.0139326	0.0183055	-0.159537
0.305018	0.0518998	0.0143507	0.0128918	-0.170624
0.306393	0.0465073	0.0146163	0.00634961	-0.140914
0.307513	0.0432491	0.014742	0.00398423	-0.0920583
0.308666	0.0423858	0.0148899	0.00729897	-0.0944153
0.309841	0.0416441	0.0151495	0.0111467	-0.133066
0.310928	0.0388998	0.0154416	0.0105064	-0.180957
0.311871	0.0338164	0.015636	0.00462168	-0.156258
0.312668	0.0302018	0.0157133	0.00179944	-0.131084
0.31342	0.0277868	0.0157575	0.00183181	-0.12261
0.314091	0.026024	0.0158194	0.00310662	-0.13079
0.314714	0.0238952	0.0159035	0.00360247	-0.14638
0.315275	0.0210465	0.015981	0.00254669	-0.157777
0.315809	0.0172288	0.0160163	1.03477e-05	-0.194745
0.316207	0.0113229	0.0159147	-0.00711408	-0.185219
0.316439	0.00610027	0.01564	-0.0130144	-0.135313
0.31656	0.00348082	0.0152897	-0.0135194	-0.0884224
0.316644	0.00337346	0.0150099	-0.00882125	-0.0881718
0.316732	0.00333243	0.014848	-0.00385605	-0.118362
0.316795	0.00173016	0.0147697	-0.00254736	-0.152912
0.316794	-0.00172329	0.0146718	-0.00513367	-0.166766
0.316698	-0.00586092	0.0144879	-0.00945725	-0.15696
0.316493	-0.00972444	0.0141928	-0.0130703	-0.135356
0.316215	-0.0123878	0.0138494	-0.0143426	-0.116989
0.315868	-0.0142607	0.0134836	-0.0138195	-0.111468
0.31549	-0.0158579	0.0131495	-0.0129839	-0.116296
0.315034	-0.0179386	0.0128008	-0.0129812	-0.147378
0.314519	-0.0216083	0.0124158	-0.016755	-0.125017
0.313945	-0.0242077	0.0119746	-0.018481	-0.103669
0.313241	-0.0260262	0.0114617	-0.0181921	-0.107626
0.312566	-0.0279596	0.0110004	-0.0187717	-0.0944529
0.311848	-0.0293649	0.0105371	-0.018344	-0.0902165
0.311005	-0.0308467	0.0100316	-0.0178397	-0.107945
0.310104	-0.0334786	0.00950209	-0.0200449	-0.111477
0.30916	-0.0363888	0.00891835	-0.0231828	-0.0914397
0.308188	-0.0383142	0.0082986	-0.0244854	-0.0574039
0.307225	-0.0386367	0.00771044	-0.0225829	-0.0461077
0.306222	-0.0385123	0.00716126	-0.0197893	-0.0529774
0.305255	-0.0388659	0.00668703	-0.0183074	-0.0657023
0.304229	-0.0400606	0.00620669	-0.0187408	-0.0716243
0.303207	-0.0416615	0.00571898	-0.0203063	-0.0659115
0.302147	-0.0431245	0.0051936	-0.021734	-0.0530118
0.300923	-0.0442361	0.0045759	-0.0223861	-0.0460988
0.299807	-0.0450168	0.00401313	-0.0226959	-0.0311755
0.298543	-0.0452721	0.00338927	-0.0219024	-0.0258953
0.297274	-0.0453896	0.00279003	-0.0210297	-0.0247669
0.296137	-0.0456055	0.00226993	-0.0206761	-0.0215034
0.294856	-0.0458571	0.00169473	-0.0205011	-0.0204478
0.293706	-0.0461857	0.00117999	-0.0207504	-0.0127043
0.292504	-0.0463037	0.000641712	-0.0206971	-0.00543173
0.29135	-0.0460281	0.000134355	-0.0199633	0.00082823
0.290102	-0.0428097	-0.000334333	-0.0129425	0.00357412
0.288993	-0.0395381	-0.000583179	-0.00593021	-0.0469406
0.28785	-0.0420488	-0.00083082	-0.0116898	-0.100349
0.286735	-0.04708	-0.00126878	-0.023059	-0.0378527
0.285475	-0.049458	-0.00195291	-0.0288136	0.0441414
0.284281	-0.046228	-0.00258972	-0.0224676	0.0916289
0.283139	-0.0417725	-0.00305389	-0.0136521	0.0586577
0.282094	-0.0390007	-0.00333488	-0.00865486	0.0115036
0.281071	-0.0369481	-0.00351925	-0.00535874	-0.022293
0.280006	-0.0390877	-0.00375524	-0.0113731	-0.0420585
0.27899	-0.0420702	-0.00413994	-0.0191946	0.0123148
0.277957	-0.0404541	-0.00459788	-0.0170711	0.0662778
0.276976	-0.0381342	-0.004978	-0.0135411	0.0608866
0.276012	-0.0361197	-0.00529239	-0.010861	0.0463497
0.275091	-0.0348709	-0.00555896	-0.00995824	0.0369899
0.274164	-0.0338999	-0.00582484	-0.00982905	0.0424126
0.273227	-0.0330685	-0.00610406	-0.0101789	0.0494467
0.272316	-0.0320242	-0.00638815	-0.0101651	0.0611739
0.271535	-0.0305839	-0.00662842	-0.00912443	0.0586011
0.270699	-0.0292021	-0.00687468	-0.00855507	0.0695677
0.269991	-0.027502	-0.00706941	-0.00709623	0.0617577
0.269294	-0.0262004	-0.00724715	-0.00666493	0.0588026
0.268577	-0.0250594	-0.00743563	-0.00683883	0.0730651
0.267972	-0.0233853	-0.00759066	-0.0056134	0.0691977
0.267319	-0.0217197	-0.00774118	-0.00485581	0.0799922
0.266801	-0.019806	-0.00784108	-0.00319583	0.0688684
0.266324	-0.0184724	-0.00791548	-0.00283623	0.0638925
0.265858	-0.0173946	-0.00799301	-0.00316575	0.0663172
0.265405	-0.0161968	-0.0080811	-0.00336487	0.0871843
0.265027	-0.0141048	-0.0081398	-0.00137759	0.0794163
0.264687	-0.0122494	-0.00815719	-0.000109136	0.0719766
0.264387	-0.0108671	-0.00815607	0.000160058	0.0686225
0.26413	-0.00972534	-0.00815389	8.3712e-06	0.0708903
0.263895	-0.00843229	-0.0081527	8.28402e-05	0.07551
0.263689	-0.00685455	-0.00814253	0.00067715	0.0789685
0.263534	-0.00514692	-0.00811165	0.00166918	0.0793474
0.263423	-0.00341733	-0.0080541	0.00272413	0.0769125
0.263358	-0.00186912	-0.00797582	0.00350874	0.0737453
0.263329	-0.000413297	-0.00787779	0.0040161	0.0717489
0.263337	0.000955098	-0.00776875	0.00436678	0.0712522
0.263382	0.00237315	-0.00764549	0.00476518	0.0850519
0.263472	0.00446153	-0.00749589	0.00677943	0.0713617
0.26362	0.00605949	-0.00729339	0.00758531	0.0707812
0.263813	0.00763327	-0.00706944	0.00841567	0.066127
0.264028	0.00890951	-0.00684497	0.00885678	0.0534579
0.26426	0.00955853	-0.00663344	0.00808447	0.0512707
0.264506	0.0101354	-0.00644288	0.00721942	0.0561114
0.264781	0.0110328	-0.00625849	0.00703561	0.0617821
0.265073	0.0122461	-0.00607466	0.00768704	0.0635589
0.265437	0.0137722	-0.00584304	0.00885857	0.0722832
0.265837	0.0157877	-0.005571	0.0112688	0.0628353
0.266251	0.0172595	-0.00527053	0.0127288	0.0384371
0.266688	0.0176032	-0.00496329	0.0118148	0.0287309
0.267144	0.0174912	-0.0046817	0.00993488	0.0322508
0.267583	0.0176291	-0.00444936	0.00874935	0.0418035
0.268032	0.0183218	-0.00423004	0.00885372	0.0480032
0.268562	0.0195044	-0.0039669	0.00992428	0.0568558
0.269113	0.0212647	-0.00366379	0.0124657	0.0388731
0.269655	0.0220788	-0.00334344	0.0131081	0.022038
0.270208	0.0221188	-0.00302777	0.0121567	0.015926
0.270781	0.021915	-0.00273106	0.0107334	0.0186723
0.27135	0.0219297	-0.00246417	0.0098844	0.0244199
0.271948	0.0223513	-0.0021967	0.00998743	0.0329776
0.272588	0.0233536	-0.00189761	0.0114363	0.029372
0.273255	0.0242797	-0.00155781	0.0128344	0.0140004
0.273864	0.0244396	-0.00123808	0.0127277	0.00165177
0.274541	0.0239288	-0.000903552	0.0112156	-0.00609623
0.275162	0.0219838	-0.000659971	0.00667571	0.00281651
0.275728	0.0216595	-0.000501199	0.00576689	0.0293309
0.276307	0.0228627	-0.000318516	0.00826474	0.0336965
0.276897	0.0243099	-7.20838e-05	0.0113725	0.0150896
0.277538	0.0249427	0.00024325	0.0127867	-0.00862765
0.278143	0.0233342	0.000521845	0.00938311	-0.0219473
0.27877	0.0215761	0.000730384	0.00575608	-0.00440269
0.279331	0.020115	0.000843732	0.00282908	0.0205109
0.27991	0.0212908	0.000961504	0.00573456	0.041792
0.280471	0.023542	0.00117259	0.0110162	0.0129978
0.281147	0.0245848	0.00152308	0.0137912	-0.0337135
0.281739	0.02296	0.00182584	0.0107721	-0.0472377
0.282349	0.0206947	0.00206597	0.00651429	-0.0448069
0.282861	0.018772	0.00218767	0.00301838	-0.0104536
0.283317	0.0178712	0.00224251	0.0017641	0.0102058
0.283794	0.0189019	0.00232697	0.00479647	0.0166897
0.284305	0.0203398	0.00250488	0.0087671	-0.0070385
0.284807	0.0197275	0.00272101	0.00827246	-0.0339981
0.285305	0.0186232	0.00291629	0.00680436	-0.0349733
0.285792	0.0174782	0.00307918	0.00534715	-0.0371631
0.286231	0.0163223	0.0031982	0.003875	-0.0247458
0.286663	0.0157781	0.0032999	0.00382346	-0.0213502
0.2871	0.0155026	0.00341493	0.00444271	-0.0246832
0.287498	0.0151344	0.00353519	0.00481112	-0.0285336
0.28787	0.014623	0.00365592	0.00485952	-0.0339525
0.288226	0.0138752	0.00377167	0.00442842	-0.0374849
0.288561	0.0129858	0.00387307	0.00372208	-0.0381109
0.288886	0.0120626	0.0039602	0.00302368	-0.0369455
0.289177	0.0112653	0.00402975	0.0025756	-0.0357745
0.28946	0.0105276	0.00409322	0.00233289	-0.0358409
0.289724	0.00981384	0.00415143	0.00216339	-0.0371579
0.289978	0.00902642	0.00420612	0.00190591	-0.0388756
0.290202	0.00819954	0.00425044	0.00152432	-0.0401279
0.290403	0.00732501	0.00428362	0.00105146	-0.040449
0.290575	0.00648229	0.004304	0.000601527	-0.0400983
0.290743	0.00557117	0.00431455	0.000175179	-0.0477994
0.290876	0.00430022	0.00430217	-0.00109626	-0.0394705
0.290973	0.00351617	0.00427015	-0.00141972	-0.0339205
0.291055	0.00302155	0.00423837	-0.00111901	-0.0335543
0.291129	0.00251038	0.00421328	-0.000753861	-0.0368513
0.291187	0.00181734	0.00419249	-0.000795466	-0.0408047
0.291222	0.000971453	0.00416634	-0.00128926	-0.0423924
0.291234	-3.37611e-05	0.00412129	-0.00203582	-0.0410239
0.291221	-0.000943077	0.00406019	-0.00264402	-0.0380417
0.291188	-0.001678	0.0039905	-0.0029445	-0.0355918
0.291138	-0.00230306	0.00391585	-0.00302743	-0.034755
0.291067	-0.0029516	0.00383338	-0.0030865	-0.0351106
0.290985	-0.00358749	0.00375431	-0.00324508	-0.0356169
0.290873	-0.00435165	0.00365903	-0.00356828	-0.0427053
0.290746	-0.00544408	0.00355124	-0.00474197	-0.0341504
0.290601	-0.00611786	0.00342808	-0.00508237	-0.0275485
0.290436	-0.00649478	0.00330015	-0.00476898	-0.0255593
0.29025	-0.00682287	0.00317344	-0.00430741	-0.0321114
0.290071	-0.00747383	0.00306084	-0.00471907	-0.0300838
0.289868	-0.00808604	0.00293392	-0.00504566	-0.0276137
0.28966	-0.00858256	0.00280595	-0.00519911	-0.0254706
0.28944	-0.0090043	0.00267575	-0.00523065	-0.0242255
0.2892	-0.00941701	0.00253965	-0.00525173	-0.0236124
0.28895	-0.00983424	0.00240233	-0.00532898	-0.0229732
0.288688	-0.0102598	0.0022621	-0.0054714	-0.0219212
0.288416	-0.0106703	0.00211799	-0.00562903	-0.0203796
0.288112	-0.0110727	0.00195871	-0.00576693	-0.022148
0.287794	-0.0116253	0.00179008	-0.00629402	-0.0198865
0.287498	-0.0120535	0.00162801	-0.00667529	-0.0125263
0.287195	-0.0121616	0.00146455	-0.00640786	-0.00905036
0.286855	-0.0120902	0.00129469	-0.00574747	-0.010172
0.286516	-0.012124	0.0011396	-0.00537673	-0.0137421
0.28621	-0.0123801	0.00100283	-0.00558863	-0.0123472
0.285898	-0.0126117	0.000860703	-0.0057922	-0.00980956
0.285581	-0.0127537	0.000715401	-0.00584601	-0.00720786
0.285235	-0.0128106	0.000559244	-0.00574563	-0.00626894
0.284876	-0.0128686	0.00039941	-0.00570878	-0.0050224
0.284554	-0.0129014	0.000257701	-0.00566097	-0.00268396
0.284193	-0.0128551	0.000101948	-0.00549305	-0.00149425
0.283873	-0.0127967	-3.33125e-05	-0.0053529	-0.000393317
0.283554	-0.0127232	-0.000165209	-0.00522321	0.000505774
0.283232	-0.0119932	-0.000283788	-0.00369825	0.00147893
0.282931	-0.0111668	-0.000356361	-0.00199436	-0.00674946
0.282636	-0.0115379	-0.000420614	-0.00293908	-0.0171241
0.282336	-0.0124423	-0.000521397	-0.00507444	-0.00986374
0.282017	-0.0130245	-0.000667502	-0.0065434	0.0060751
0.281687	-0.0123369	-0.000823299	-0.0052875	0.0178696
0.281388	-0.0115671	-0.000937	-0.00388563	0.0119851
0.281107	-0.0109623	-0.00102003	-0.00287768	0.00530948
0.280829	-0.0104469	-0.001084	-0.00210336	-0.000688893
0.280565	-0.0107224	-0.00114889	-0.00307048	-0.00349217
0.280269	-0.0111919	-0.00125162	-0.00452084	0.00432338
0.279981	-0.010842	-0.00136726	-0.00419651	0.0152823
0.279696	-0.010349	-0.00147215	-0.00361427	0.0191826
0.279435	-0.00971115	-0.00155422	-0.00272759	0.0139393
0.279197	-0.00935355	-0.00161801	-0.00245947	0.0104808
0.278958	-0.00912371	-0.00168204	-0.00251377	0.0104576
0.278732	-0.00895726	-0.00174721	-0.00270659	0.0123524
0.27851	-0.00878122	-0.00181725	-0.00290037	0.0151044
0.278269	-0.00845409	-0.0018977	-0.00285989	0.021722
0.27805	-0.00780166	-0.00196433	-0.00210806	0.0241154
0.277857	-0.00707388	-0.00200675	-0.00118449	0.0170785
0.277678	-0.00670829	-0.00203521	-0.00106696	0.0131652
0.277506	-0.00656026	-0.00206714	-0.00143662	0.0137847
0.277337	-0.00642194	-0.00210999	-0.00184032	0.0173078
0.277175	-0.00611248	-0.0021584	-0.00188394	0.0212826
0.277011	-0.00557888	-0.00220593	-0.00150947	0.028452
0.276868	-0.00464557	-0.00223036	-0.000272076	0.0275555
0.276762	-0.00386308	-0.00222422	0.000718362	0.0167989
0.27667	-0.00360037	-0.0022072	0.000572958	0.0120493
0.27658	-0.00359456	-0.00220145	-0.00013189	0.0136221
0.276487	-0.00353419	-0.0022133	-0.000746765	0.0186154
0.276403	-0.00322303	-0.00223259	-0.000788127	0.0235216
0.27633	-0.00266836	-0.00224608	-0.000300983	0.0250723
0.276265	-0.00196479	-0.00224413	0.000422832	0.0283044
0.276223	-0.001077	-0.00221601	0.00155576	0.0236408
0.276202	-0.000441347	-0.00216367	0.00215051	0.0155067
0.276193	-0.000266392	-0.00211348	0.0018376	0.011341
0.276186	-0.000307711	-0.00207633	0.00103758	0.0134049
0.276179	-0.000242698	-0.0020574	0.000507137	0.0185563
0.276178	0.000130324	-0.00204238	0.000577433	0.027462
0.276191	0.000921134	-0.00201427	0.00165072	0.022924
0.276227	0.00157732	-0.00195732	0.00236485	0.0196934
0.276276	0.00203268	-0.00188898	0.00268657	0.0143817
0.276329	0.00221665	-0.001824	0.00248514	0.0113934
0.276387	0.00225496	-0.00176629	0.00196105	0.0125305
0.276445	0.00235443	-0.00172194	0.00161105	0.0156833
0.276515	0.0026604	-0.00167632	0.00166204	0.0217147
0.276589	0.00325211	-0.00162519	0.00242158	0.0180036
0.276676	0.00367821	-0.00155922	0.00283702	0.0135646
0.276783	0.00393196	-0.00147944	0.0028389	0.0120869
0.276883	0.00408979	-0.00141027	0.00271387	0.0107527
0.276991	0.0042032	-0.00134275	0.00249631	0.0112386
0.277098	0.00435457	-0.00128173	0.00240059	0.0122988
0.27721	0.00457761	-0.00122082	0.00248186	0.0126863
0.277328	0.0048381	-0.00115654	0.00266558	0.0119901
0.277452	0.00508315	-0.00108778	0.00283707	0.0106118
0.277587	0.0052887	-0.00101278	0.00293165	0.00922696
0.277737	0.00543038	-0.000931446	0.00288732	0.00914841
0.277874	0.00557252	-0.000859149	0.00290702	0.00791194
0.278015	0.00567334	-0.000787192	0.00285961	0.00727344
0.278164	0.0057655	-0.00071369	0.00280712	0.00699942
0.278309	0.00586079	-0.000643807	0.00279461	0.00671824
0.278457	0.00596218	-0.000573766	0.00281827	0.00620192
0.278607	0.0060579	-0.00050299	0.0028524	0.00543736
0.278766	0.00614053	-0.000428612	0.00287539	0.00457115
0.27892	0.00619569	-0.000356941	0.00286799	0.00370341
0.279075	0.00622761	-0.000285814	0.00283287	0.00300848
0.279237	0.00624749	-0.000212818	0.00279159	0.00244902
0.279406	0.00625969	-0.000138101	0.00275616	0.00180676
0.279562	0.00625995	-6.97556e-05	0.00272246	0.00111564
0.279738	0.00624656	5.74041e-06	0.00268095	0.00011026
0.279899	0.00620264	7.42015e-05	0.00259775	-0.000174762
0.280062	0.00581076	0.000134202	0.00177497	-0.00109053
0.280208	0.00540939	0.000168879	0.000946129	0.00383297
0.280345	0.00560979	0.000198852	0.00144514	0.00880275
0.280504	0.00610987	0.000254073	0.00262065	0.00490231
0.28066	0.0063994	0.00032916	0.00334988	-0.00338203
0.280822	0.00602856	0.00040744	0.0026611	-0.00915251
0.280967	0.00563271	0.00046448	0.00193471	-0.00595172
0.28111	0.00532825	0.000507414	0.00143153	-0.00251243
0.28124	0.00508984	0.000538447	0.00107887	-0.000431871
0.281364	0.00488119	0.000561659	0.000800329	0.000914949
0.281493	0.00504951	0.000589546	0.00136401	0.00231212
0.281623	0.00530525	0.000633396	0.00212346	-0.00181512
0.281753	0.00514391	0.000685456	0.0019841	-0.00710169
0.281894	0.00492352	0.000737633	0.00176004	-0.00929669
0.282018	0.00461912	0.000777774	0.00134897	-0.00693274
0.282131	0.00444814	0.000809593	0.00123227	-0.00537838
0.282241	0.00435257	0.000840858	0.00129116	-0.00546386
0.282353	0.00428117	0.000876138	0.00142505	-0.00658247
0.282463	0.00417119	0.000913944	0.0014867	-0.00824348
0.282569	0.00398617	0.000951323	0.00139658	-0.00953808
0.282669	0.00374551	0.000984885	0.00119651	-0.00993031
0.28277	0.0034767	0.00101505	0.0009716	-0.0120164
0.282856	0.00312818	0.00103468	0.000554375	-0.00918745
0.282937	0.00292241	0.00104818	0.000469299	-0.00881598
0.283017	0.00274522	0.00106121	0.000465279	-0.00904382
0.283083	0.00258127	0.00107266	0.000453095	-0.00832698
0.283149	0.00245328	0.00108552	0.000537734	-0.00888796
0.283208	0.00230805	0.00109943	0.00057489	-0.0100716
0.283263	0.0021081	0.00111279	0.000496521	-0.0109803
0.283311	0.00187604	0.00112272	0.000336988	-0.0111956
0.283359	0.00159772	0.00112925	0.000137324	-0.0134445
0.283398	0.00119806	0.00112649	-0.000327556	-0.0126645
0.283427	0.000838666	0.0011118	-0.0007073	-0.00954675
0.283447	0.000658759	0.0010925	-0.000714116	-0.00706191
0.283464	0.000607197	0.00107633	-0.000431754	-0.0074214
0.283479	0.00054939	0.00106845	-0.000209333	-0.00853622
0.283492	0.000419471	0.00106415	-0.000105378	-0.0126482
0.283498	9.38696e-05	0.00105684	-0.000473945	-0.0113691
0.283497	-0.000206238	0.00103947	-0.000749592	-0.0116738
0.283486	-0.000522788	0.00101393	-0.00106904	-0.00983444
0.283469	-0.000742351	0.000982278	-0.00118628	-0.0075518
0.28345	-0.000826826	0.000955208	-0.00106855	-0.00599213
0.283428	-0.00084356	0.000931136	-0.000785788	-0.00673903
0.283406	-0.000897871	0.00091391	-0.000604426	-0.00853567
0.283381	-0.00105045	0.000898012	-0.000632111	-0.00982801
0.283352	-0.0012688	0.000879889	-0.000821302	-0.00989456
0.283315	-0.00150795	0.000855473	-0.00105168	-0.00893223
0.283272	-0.00171058	0.000825023	-0.0012003	-0.00936802
0.283224	-0.00193444	0.00079099	-0.0014173	-0.00680157
0.283173	-0.00203677	0.000754574	-0.0013798	-0.00547809
0.283117	-0.00207678	0.00071975	-0.00120813	-0.00664198
0.283057	-0.00219335	0.000686064	-0.00120719	-0.00801526
0.282993	-0.00239942	0.000649382	-0.00141526	-0.00798918
0.282925	-0.00260891	0.000607926	-0.00165321	-0.00613293
0.282856	-0.00272582	0.000564168	-0.00171084	-0.00348453
0.282782	-0.00271642	0.000520866	-0.00149924	-0.00322011
0.282715	-0.00270105	0.000486022	-0.00130143	-0.00379327
0.282644	-0.00272464	0.000453762	-0.00119386	-0.00473852
0.282575	-0.00280604	0.000423547	-0.00122932	-0.00519314
0.282503	-0.00292015	0.000391366	-0.00134664	-0.0047921
0.282426	-0.00302916	0.000354917	-0.00145793	-0.00386121
0.282346	-0.00309842	0.000316526	-0.00149699	-0.00291259
0.282265	-0.00313074	0.000278009	-0.00146697	-0.00234786
0.282184	-0.00314342	0.000240714	-0.00140673	-0.00216873
0.282102	-0.00315688	0.000204827	-0.00136059	-0.00216566
0.282016	-0.00318197	0.00016833	-0.00134976	-0.00278187
0.281936	-0.00324677	0.000133472	-0.00144247	-0.00176861
0.281848	-0.00327431	9.4292e-05	-0.00146255	-0.00118061
0.281763	-0.00328183	5.64227e-05	-0.00145329	-0.000284543
0.281681	-0.00325384	2.10889e-05	-0.00137908	0.000108285
0.281602	-0.0030499	-8.24594e-06	-0.000929695	0.00011535
0.28152	-0.00280362	-2.63454e-05	-0.000396021	-0.00367311
0.281445	-0.00296714	-4.11216e-05	-0.0007658	-0.00549156
0.281368	-0.00323543	-6.80389e-05	-0.0013716	-0.00286542
0.281285	-0.00338384	-0.000107018	-0.00172521	0.00124575
0.2812	-0.00317479	-0.000146649	-0.00130964	0.00421273
0.281123	-0.00297599	-0.000174323	-0.000925843	0.00205059
0.281048	-0.00280007	-0.00019384	-0.000602361	8.16647e-05
0.28098	-0.00265466	-0.000205508	-0.000348493	-0.00171733
0.280906	-0.00279247	-0.000220109	-0.000725307	-0.00446239
0.28083	-0.00306931	-0.000247955	-0.00141124	-0.000369169
0.280752	-0.00315481	-0.000287111	-0.00168557	0.00472102
0.280667	-0.00294152	-0.000328821	-0.00133001	0.00879623
0.280596	-0.00255149	-0.000353397	-0.000590271	0.00547099
0.28053	-0.00232505	-0.000363696	-0.000219841	0.00112685
0.280471	-0.00223583	-0.00036781	-0.000148019	-0.000895322
0.280411	-0.00238002	-0.000377576	-0.000590235	-0.00112371
0.28035	-0.00253686	-0.000398302	-0.00106971	0.00225159
0.280285	-0.00246912	-0.000425942	-0.00105112	0.00561475
0.280225	-0.00229062	-0.000448951	-0.000802016	0.0060471
0.280168	-0.00209136	-0.000465984	-0.000519931	0.00497398
0.280118	-0.00195724	-0.00047705	-0.000379306	0.00370688
0.28007	-0.00189067	-0.000486526	-0.000390142	0.00324876
0.280021	-0.00185272	-0.000497709	-0.00047347	0.0036432
0.279974	-0.00180041	-0.000510755	-0.000529401	0.00450938
0.27993	-0.00171027	-0.0005236	-0.000500055	0.00526352
0.279887	-0.00158278	-0.000535281	-0.000399724	0.00549482
0.279846	-0.00144018	-0.000544332	-0.000276841	0.00529219
0.279812	-0.00132175	-0.000550168	-0.000195307	0.00493913
0.27978	-0.00122406	-0.000554578	-0.000160905	0.00478028
0.27975	-0.00113322	-0.000558589	-0.000150158	0.00488602
0.27972	-0.00103592	-0.000562405	-0.000133873	0.00514033
0.279693	-0.000922801	-0.000565534	-9.14915e-05	0.00537263
0.279672	-0.000816053	-0.000567017	-3.44134e-05	0.00525376
0.279652	-0.000707728	-0.000567287	1.10635e-05	0.00537942
0.279636	-0.000594242	-0.00056624	6.79774e-05	0.00538314
0.279622	-0.00048075	-0.000563696	0.000125503	0.00530089
0.279611	-0.000371521	-0.000559764	0.000174771	0.00519503
0.279603	-0.000275766	-0.000555124	0.000210464	0.00511926
0.279597	-0.000175308	-0.000549205	0.000243728	0.00509285
0.279594	-6.76851e-05	-0.000541855	0.000280726	0.00508248
0.279593	3.29971e-05	-0.000534048	0.000319281	0.00504829
0.279595	0.00012961	-0.000525567	0.000358568	0.00497507
0.2796	0.00023196	-0.000515324	0.000399912	0.00487508
0.279608	0.000331276	-0.000504006	0.000438385	0.00475495
0.279618	0.000422878	-0.00049222	0.000471579	0.00463276
0.279631	0.000515129	-0.000479087	0.000501917	0.00451957
0.279646	0.000604167	-0.000465153	0.000531041	0.00441208
0.279663	0.000687753	-0.000450991	0.000559116	0.00429322
0.279681	0.000768779	-0.000436109	0.000586492	0.00416227
0.279703	0.00084712	-0.000420521	0.000613134	0.00401927
0.279726	0.000922134	-0.000404265	0.00063787	0.00386425
0.27975	0.000993097	-0.00038742	0.000659324	0.00370441
0.279776	0.00105759	-0.000370731	0.000677206	0.00354863
0.279803	0.00111862	-0.000353623	0.000693002	0.00340116
0.279836	0.00118406	-0.000334	0.000710974	0.00356653
0.279866	0.00125581	-0.000315597	0.000762441	0.00307012
0.2799	0.00131009	-0.00029559	0.000777847	0.00267971
0.279935	0.00135081	-0.000274778	0.000766721	0.00258332
0.27997	0.00138899	-0.000255681	0.000763948	0.00241569
0.280009	0.00142903	-0.000234352	0.000762277	0.002431
0.280045	0.00147092	-0.000215093	0.000780828	0.00217559
0.280084	0.00150705	-0.000194695	0.000790531	0.00193309
0.280122	0.00153512	-0.000174947	0.00079178	0.00164377
0.280164	0.00155589	-0.000153782	0.000779393	0.00142227
0.280205	0.00157081	-0.00013376	0.000763309	0.00136638
0.280244	0.00158751	-0.000114765	0.000759346	0.00128155
0.280286	0.00160639	-9.49853e-05	0.000765098	0.00111959
0.280328	0.00162284	-7.50346e-05	0.000772245	0.000880911
0.280368	0.00163233	-5.57678e-05	0.000771636	0.000621202
0.280414	0.00163487	-3.43671e-05	0.000760645	0.00011525
0.280455	0.00161789	-1.59566e-05	0.000715114	0.000219425
0.2805	0.0016079	3.72765e-06	0.000688674	6.40091e-06
0.28054	0.00159878	2.08229e-05	0.000674728	0.000175608
0.280583	0.00160126	3.92119e-05	0.000690611	-0.000252084
0.280624	0.00151411	5.52235e-05	0.000515441	-0.000317058
0.280665	0.0014082	6.65193e-05	0.000305401	0.000419898
0.2807	0.00143772	7.52543e-05	0.000393137	0.00149109
0.28074	0.00153162	8.90942e-05	0.000627781	0.000957529
0.280781	0.00160042	0.000107916	0.000811831	-0.000714013
0.28082	0.00152215	0.000126648	0.00067831	-0.00212935
0.280857	0.00143881	0.000141762	0.000539171	-0.00160656
0.280893	0.00136936	0.000154289	0.000436953	-0.00102975
0.280927	0.00131449	0.000164278	0.000368449	-0.000662602
0.280963	0.00126196	0.000173765	0.000314844	-0.000670794
0.280995	0.00122024	0.000181492	0.000283473	-0.000365679
0.281028	0.00118302	0.00018888	0.000266924	-0.000504773
0.281058	0.00115225	0.000195761	0.00026454	-0.000453906
0.28109	0.00112403	0.000203294	0.000275357	-0.000817793
0.281118	0.00110272	0.000210424	0.000295931	-0.000871702
0.281145	0.00108482	0.000218198	0.0003264	-0.00117377
0.281172	0.00107017	0.000226861	0.000366682	-0.00154801
0.281199	0.00105072	0.000236865	0.000402466	-0.0019994
0.281225	0.0010119	0.000246829	0.000396028	-0.0024543
0.281251	0.000950862	0.000256455	0.00034734	-0.00265704
0.281274	0.000884954	0.000264349	0.000287563	-0.0026102
0.281297	0.000816826	0.000271623	0.000235869	-0.00328782
0.281317	0.000724491	0.000276053	0.00012255	-0.00239872
0.281335	0.000674784	0.000278954	0.0001075	-0.00191226
0.281351	0.000654722	0.000282216	0.000154836	-0.00199193
0.281368	0.000632696	0.000286899	0.00020264	-0.00244083
0.281384	0.000588326	0.00029218	0.000203566	-0.00292292
0.281398	0.000521445	0.000296869	0.000156625	-0.00313709
0.281412	0.00043828	0.000300195	8.31296e-05	-0.0040468
0.281422	0.000304713	0.000299889	-0.000100272	-0.00368802
0.281429	0.00019109	0.000295034	-0.000240872	-0.00177392
0.281434	0.000179915	0.000289581	-0.000166386	-0.00111433
0.281439	0.000207149	0.000287297	-9.02158e-06	-0.00165525
0.281444	0.000208665	0.000288345	8.79937e-05	-0.00268538
0.281449	0.000155841	0.000290411	7.01443e-05	-0.00341649
0.281451	6.85264e-05	0.000290926	-2.66646e-05	-0.00347595
0.281452	-2.54525e-05	0.000288781	-0.000134552	-0.00303324
0.28145	-0.000101926	0.000284087	-0.000197739	-0.00325435
0.281446	-0.000181655	0.000278078	-0.000280995	-0.0022135
0.281442	-0.000211823	0.000271302	-0.000257673	-0.00177679
0.281436	-0.000220082	0.000265404	-0.000181402	-0.00250726
0.281429	-0.000269415	0.000260227	-0.000193696	-0.00323732
0.281421	-0.000353425	0.000254113	-0.000294121	-0.00245121
0.28141	-0.00040641	0.000245485	-0.000319151	-0.00246391
0.281399	-0.00045895	0.000236462	-0.000349557	-0.00229621
0.281386	-0.000503537	0.000227118	-0.000368773	-0.00158967
0.281372	-0.000514245	0.000217905	-0.000313966	-0.00191152
0.281359	-0.000540742	0.00021025	-0.000302316	-0.00177811
0.281344	-0.000565885	0.000202338	-0.000284861	-0.00184615
0.28133	-0.000594124	0.000195273	-0.000282009	-0.00195005
0.281314	-0.000630986	0.00018775	-0.000297936	-0.00196745
0.281296	-0.000672791	0.000179346	-0.000325	-0.00255725
0.281278	-0.000743174	0.000170005	-0.000422638	-0.00168853
0.281259	-0.000774272	0.000159221	-0.000436907	-0.00107276
0.281238	-0.000776095	0.000147733	-0.000384883	-0.00128227
0.281216	-0.0007922	0.000137233	-0.000368175	-0.00163383
0.281194	-0.000830356	0.000126808	-0.00040534	-0.00119685
0.281173	-0.00084714	0.000116713	-0.000402435	-0.000908686
0.281149	-0.000852311	0.000105887	-0.000373127	-0.00125914
0.281127	-0.000878349	9.59107e-05	-0.000395986	-0.000941658
0.281104	-0.000890698	8.60532e-05	-0.000393376	-0.000726189
0.281082	-0.000894684	7.64623e-05	-0.000375601	-0.000656213
0.281058	-0.000898111	6.65902e-05	-0.000357905	-0.00109165
0.281035	-0.000925965	5.71447e-05	-0.000398769	-0.000687987
0.281011	-0.000938343	4.66294e-05	-0.000408273	-0.000353198
0.280987	-0.00093506	3.63083e-05	-0.000386972	-0.000187083
0.280962	-0.000926085	2.66648e-05	-0.000356574	-0.000198972
0.280937	-0.000919956	1.70182e-05	-0.000335112	-0.000620577
0.280913	-0.000938524	8.19733e-06	-0.000371659	-0.000283763
0.28089	-0.000943519	-1.21885e-06	-0.000381415	4.03157e-05
0.280867	-0.000886599	-9.36039e-06	-0.000258299	0.000216525
0.280844	-0.000819754	-1.4292e-05	-0.000115888	-0.000410796
0.280822	-0.000838617	-1.79136e-05	-0.000162667	-0.001225
0.280799	-0.000904271	-2.43895e-05	-0.000313984	-0.000876319
0.280775	-0.000951812	-3.40896e-05	-0.000428045	0.000143296
0.28075	-0.000897625	-4.3957e-05	-0.000322407	0.000939507
0.280729	-0.000844265	-5.06572e-05	-0.000220776	0.000477055
0.280707	-0.000795954	-5.51746e-05	-0.000132748	-2.46763e-05
0.280687	-0.000807042	-5.90321e-05	-0.000175621	-0.00048622
0.280664	-0.00084696	-6.54669e-05	-0.000295276	-0.00014116
0.280643	-0.000867377	-7.34753e-05	-0.000353097	0.000710554
0.280622	-0.000826512	-8.14912e-05	-0.00028868	0.00116132
0.280602	-0.00078476	-8.78615e-05	-0.000224666	0.000929672
0.280582	-0.000750673	-9.30481e-05	-0.000180525	0.000673029
0.280563	-0.000723736	-9.71758e-05	-0.000152402	0.000516956
0.280543	-0.000697605	-0.000101113	-0.000131239	0.000107059
0.280524	-0.000675062	-0.000104595	-0.000119297	5.37865e-05
0.280506	-0.000655574	-0.000107859	-0.00011528	8.12633e-05
0.280488	-0.000639299	-0.000110997	-0.00011805	0.000182173
0.28047	-0.000624749	-0.000114421	-0.000127223	0.00034284
0.280454	-0.00061278	-0.000118048	-0.000141821	0.000569317
0.280438	-0.000603401	-0.000121823	-0.000160278	0.000983215
0.280423	-0.000584741	-0.000126008	-0.000161294	0.00119544
0.280409	-0.000556987	-0.000129786	-0.000142057	0.00131237
0.280394	-0.000522019	-0.000133189	-0.000111603	0.00126932
0.280381	-0.000491781	-0.000135801	-9.08279e-05	0.00123533
0.280369	-0.000464384	-0.000137968	-7.7092e-05	0.00120956
0.280356	-0.000437432	-0.000139995	-6.86631e-05	0.00112974
0.280345	-0.000418264	-0.000141754	-7.24876e-05	0.00126803
0.280335	-0.000391959	-0.000143512	-6.30962e-05	0.00137696
0.280324	-0.000358166	-0.000144965	-4.15914e-05	0.0013875
0.280315	-0.000325617	-0.000145801	-2.13413e-05	0.00133421
0.280307	-0.000296392	-0.000146192	-8.59654e-06	0.00133951
0.280299	-0.000267441	-0.000146253	3.46434e-06	0.00134112
0.280292	-0.000237609	-0.00014598	1.55909e-05	0.00128069
0.280286	-0.000212297	-0.000145497	1.98426e-05	0.00128032
0.280281	-0.000189257	-0.000144963	2.54009e-05	0.001383
0.280277	-0.000159483	-0.00014414	3.94072e-05	0.00140628
0.280273	-0.00012976	-0.000142917	5.78394e-05	0.00138516
0.28027	-0.000100927	-0.000141252	7.47881e-05	0.00132641
0.280268	-7.3622e-05	-0.000139139	8.71733e-05	0.00126979
0.280266	-4.90331e-05	-0.000136777	9.43595e-05	0.00123621
0.280265	-2.5736e-05	-0.000134258	9.95386e-05	0.00122944
0.280265	-3.15383e-06	-0.000131693	0.000105743	0.00123136
0.280265	2.29475e-05	-0.000128597	0.000115495	0.00113984
0.280266	4.47087e-05	-0.000125347	0.000116888	0.00110314
0.280268	6.44365e-05	-0.0001222	0.000116603	0.00113151
0.28027	8.73485e-05	-0.000118853	0.000122868	0.00116888
0.280272	0.000110508	-0.000115625	0.000135457	0.00121163
0.280276	0.000137653	-0.000111831	0.000156439	0.00114982
0.28028	0.00016369	-0.000107354	0.000174962	0.0009104
0.280284	0.000176949	-0.000103045	0.000169757	0.000917793
0.280289	0.000191918	-9.86593e-05	0.000168401	0.000942122
0.280294	0.000210144	-9.40389e-05	0.000174456	0.000811779
0.2803	0.000222678	-8.94016e-05	0.000169659	0.000754229
0.280307	0.000234394	-8.45933e-05	0.000162462	0.000783546
0.280313	0.000246963	-8.05322e-05	0.000163116	0.000934962
0.28032	0.000270098	-7.58191e-05	0.000186317	0.000811707
0.280327	0.000289058	-7.03874e-05	0.000201196	0.000599342
0.280336	0.000297451	-6.48474e-05	0.000194909	0.000439692
0.280344	0.000298251	-5.9872e-05	0.000174707	0.000452751
0.280352	0.00030119	-5.52049e-05	0.000160145	0.000583381
0.28036	0.000312183	-5.09725e-05	0.000166243	0.00077823
0.280369	0.000336783	-4.58224e-05	0.000202238	0.00058553
0.280378	0.000350408	-4.0561e-05	0.000218268	0.000461075
0.280387	0.000359767	-3.4783e-05	0.000225994	0.000317271
0.280396	0.000362855	-2.91863e-05	0.000222316	0.000214498
0.280406	0.000362458	-2.31188e-05	0.000211873	-0.000125321
0.280416	0.00032712	-1.83759e-05	0.000126821	-0.000114886
0.280424	0.000296207	-1.60943e-05	5.31999e-05	0.000624194
0.280433	0.000323666	-1.38269e-05	0.000107921	0.00105918
0.280442	0.000376644	-9.20537e-06	0.000219823	0.000617707
0.280453	0.000405927	-2.38463e-06	0.000281935	-1.76579e-05
0.280463	0.000377741	3.92959e-06	0.000220356	-0.000480049
0.280472	0.000350056	8.65252e-06	0.000161676	-0.000188095
0.280481	0.00032366	1.23688e-05	0.00010762	-0.00016021
0.280489	0.000303464	1.45263e-05	6.77061e-05	0.000358881
0.280497	0.000324502	1.69685e-05	0.000119142	0.000553436
0.280506	0.000355318	2.08921e-05	0.000192839	0.00022031
0.280515	0.000372471	2.65511e-05	0.000238441	-0.000273215
0.280524	0.000352654	3.20826e-05	0.000204503	-0.000633138
0.280533	0.000326401	3.67774e-05	0.000158575	-0.00051301
0.280541	0.000307778	4.03463e-05	0.000130274	-0.000315251
0.280549	0.000295227	4.35173e-05	0.000116935	-0.000211271
0.280556	0.000285888	4.6476e-05	0.000111674	-0.000193327
0.280564	0.000278206	4.93614e-05	0.000111037	-0.00022168
0.280571	0.000271985	5.22876e-05	0.000114585	-0.000277698
0.280578	0.000267085	5.53592e-05	0.000122044	-0.000360404
0.280585	0.000263331	5.85375e-05	0.000132332	-0.00046982
0.280591	0.000254989	6.18566e-05	0.000133619	-0.000598304
0.280597	0.00024152	6.51944e-05	0.000136749	-0.000676671
0.280603	0.000223948	6.80897e-05	0.000108725	-0.000785088
0.280609	0.000202085	7.0589e-05	8.42531e-05	-0.000669684
0.280614	0.000187317	7.25657e-05	7.5164e-05	-0.000589487
0.280618	0.000177132	7.45452e-05	7.77245e-05	-0.000593854
0.280623	0.000167262	7.67073e-05	8.26579e-05	-0.00110695
0.280627	0.000131333	7.81523e-05	3.00966e-05	-0.000764546
0.28063	0.000113757	7.87071e-05	1.70897e-05	-0.000508496
0.280633	0.000109768	7.93707e-05	3.50977e-05	-0.000474783
0.280636	0.000108674	8.06125e-05	5.97711e-05	-0.00062695
0.280638	0.000100398	8.22161e-05	6.81209e-05	-0.000827913
0.280641	8.2101e-05	8.38377e-05	5.61061e-05	-0.000936273
0.280643	5.63328e-05	8.50353e-05	3.03944e-05	-0.00145091
0.280643	7.62827e-06	8.47776e-05	-4.87435e-05	-0.000830649
0.280643	-1.26807e-05	8.32558e-05	-6.59125e-05	-0.000399264
0.280643	-9.69474e-06	8.18755e-05	-2.92633e-05	-0.000589692
0.280643	-1.53521e-05	8.13153e-05	-1.19153e-05	-0.000926891
0.280642	-4.04657e-05	8.06218e-05	-3.74436e-05	-0.00112232
0.28064	-7.30365e-05	7.91037e-05	-8.28437e-05	-0.000574651
0.280638	-8.14948e-05	7.68496e-05	-7.29488e-05	-0.000607379
0.280636	-8.91523e-05	7.50243e-05	-6.30281e-05	-0.000707033
0.280633	-0.00010175	7.341e-05	-6.64755e-05	-0.000465434
0.280631	-0.000103523	7.19364e-05	-4.5752e-05	-0.000458139
0.280628	-0.000104317	7.10099e-05	-2.14317e-05	-0.00100248
0.280625	-0.000132901	6.99708e-05	-6.11436e-05	-0.000765501
0.280621	-0.00015146	6.81248e-05	-7.84441e-05	-0.000548351
0.280617	-0.000158576	6.611e-05	-7.04374e-05	-0.000810198
0.280613	-0.000178467	6.40723e-05	-0.000106476	-0.000509612
0.280608	-0.000184306	6.18404e-05	-8.5152e-05	-0.000282149
0.280603	-0.000179172	6.00345e-05	-5.32414e-05	-0.000426184
0.280599	-0.000181175	5.88365e-05	-3.67301e-05	-0.00106297
0.280593	-0.000218818	5.69738e-05	-9.81197e-05	-0.00122791
0.280587	-0.000262651	5.3516e-05	-0.000176213	-0.000374845
0.28058	-0.000267027	4.91248e-05	-0.000169077	9.86081e-05
0.280574	-0.000233258	4.60455e-05	-7.95305e-05	9.07414e-05
0.280568	-0.000201135	4.5157e-05	6.33538e-06	-0.000414524
0.280563	-0.000206676	4.53556e-05	8.91993e-06	-0.000941854
0.280558	-0.000239027	4.48591e-05	-4.73178e-05	-0.000981505
0.28055	-0.000277865	4.25381e-05	-0.000116507	-0.00114551
0.280542	-0.000326351	3.79723e-05	-0.000208086	-0.000551008
0.280533	-0.000344176	3.17266e-05	-0.000234418	0.000227207
0.280524	-0.000308084	2.7024e-05	-0.000145698	0.000542489
0.280517	-0.000268031	2.45394e-05	-4.91463e-05	8.22236e-05
0.280511	-0.000239491	2.42778e-05	2.13746e-05	-0.000469502
0.280504	-0.000253891	2.4512e-05	-2.25464e-06	-0.000906682
0.280497	-0.000291017	2.35004e-05	-7.55103e-05	-0.000776473
0.280489	-0.000325213	2.04159e-05	-0.000142446	-0.000728024
0.28048	-0.000353893	1.61206e-05	-0.000199349	9.15024e-05
0.280472	-0.000323576	1.2033e-05	-0.000128275	0.000465637
0.280463	-0.000289607	9.58682e-06	-4.9857e-05	-0.00013662
0.280456	-0.000291216	8.29161e-06	-5.03488e-05	-0.000338271
0.280448	-0.000303361	6.72742e-06	-7.45212e-05	-0.000322888
0.28044	-0.000315865	4.44932e-06	-0.000100025	-0.000161156
0.280432	-0.000320501	1.82596e-06	-0.000109151	1.70765e-05
0.280424	-0.000299432	-4.54219e-07	-6.27191e-05	0.000103196
0.280417	-0.000276906	-1.41681e-06	-1.39066e-05	-0.0001435
0.28041	-0.000282342	-1.91847e-06	-2.61031e-05	-0.000425184
0.280401	-0.000303945	-3.32272e-06	-7.44024e-05	-0.000805699
0.280393	-0.000346767	-6.65323e-06	-0.000170006	-0.000360746
0.280383	-0.000369051	-1.22202e-05	-0.000222262	0.00047432
0.280373	-0.000338889	-1.7496e-05	-0.000161528	0.000964276
0.280365	-0.000291888	-2.02715e-05	-6.46117e-05	0.000669812
0.280357	-0.000257464	-2.10258e-05	3.60036e-06	-0.000135702
0.28035	-0.000268563	-2.13413e-05	-2.84448e-05	-0.000704615
0.280342	-0.000311974	-2.35368e-05	-0.000131482	-0.000399259
0.280334	-0.000339636	-2.79191e-05	-0.00020081	0.000614147
0.280326	-0.000311951	-3.22398e-05	-0.000149877	0.00107298
0.280319	-0.000264233	-3.47688e-05	-5.61505e-05	0.000854112
0.280312	-0.000223787	-3.52202e-05	1.97555e-05	0.000131024
0.280306	-0.000212738	-3.43958e-05	3.17406e-05	-0.000494271
0.280299	-0.000249202	-3.47964e-05	-6.07952e-05	-0.000589898
0.280292	-0.000292789	-3.80675e-05	-0.000169599	0.000243868
0.280284	-0.000279203	-4.25725e-05	-0.000154489	0.00117093
0.280277	-0.00022787	-4.52702e-05	-5.68052e-05	0.00111239
0.280272	-0.000180564	-4.55488e-05	3.15329e-05	0.000610424
0.280268	-0.000159235	-4.4291e-05	6.36665e-05	0.00010946
0.280264	-0.000156975	-4.26722e-05	5.38918e-05	-8.20491e-05
0.28026	-0.000172753	-4.19534e-05	5.52262e-06	-2.17095e-05
0.280255	-0.000185328	-4.23556e-05	-3.57695e-05	0.000281557
0.28025	-0.000182149	-4.33946e-05	-4.33099e-05	0.000550394
0.280246	-0.000164976	-4.42137e-05	-2.0485e-05	0.000627741
0.280242	-0.000144831	-4.43404e-05	9.26876e-06	0.000525474
0.280238	-0.000129048	-4.3837e-05	2.8687e-05	0.000371396
0.280235	-0.000121802	-4.30838e-05	3.06732e-05	0.00027036
0.280232	-0.00011944	-4.23857e-05	2.08239e-05	0.000268495
0.280229	-0.0001175	-4.19891e-05	1.13429e-05	0.000339703
0.280226	-0.000111785	-4.17226e-05	9.69976e-06	0.000410309
0.280223	-0.000102501	-4.1394e-05	1.65218e-05	0.000436504
0.280221	-9.09752e-05	-4.07998e-05	2.73372e-05	0.000410917
0.280218	-8.06436e-05	-3.99439e-05	3.57878e-05	0.000114947
0.280216	-8.33598e-05	-3.92114e-05	1.6432e-05	0.000318154
0.280214	-7.78611e-05	-3.87945e-05	1.47719e-05	0.0002356
0.280212	-7.63645e-05	-3.85267e-05	3.95792e-06	0.000269578
0.28021	-7.33181e-05	-3.8524e-05	-3.40853e-06	0.000381449
0.280208	-6.49245e-05	-3.85355e-05	2.4506e-06	0.000607755
0.280207	-4.34024e-05	-3.8003e-05	3.61737e-05	0.000444787
0.280206	-3.04683e-05	-3.68334e-05	5.18549e-05	0.000405353
0.280205	-1.92368e-05	-3.5217e-05	6.33316e-05	5.94568e-05
0.280205	-2.42742e-05	-3.37102e-05	3.97195e-05	-3.81743e-05
0.280204	-3.63397e-05	-3.32045e-05	2.37187e-06	0.000383007
0.280203	-2.52902e-05	-3.29649e-05	1.45301e-05	0.00048021
0.280202	-1.05189e-05	-3.23228e-05	3.62837e-05	0.000552967
0.280202	1.04083e-05	-3.08141e-05	7.0639e-05	0.000234455
0.280203	1.46436e-05	-2.88923e-05	6.94182e-05	-5.56334e-05
0.280203	2.63263e-06	-2.76783e-05	3.42357e-05	0.000223037
0.280203	5.58255e-06	-2.67652e-05	3.0417e-05	0.000237058
0.280203	1.00384e-05	-2.59146e-05	3.05768e-05	0.000273623
0.280204	1.6108e-05	-2.50879e-05	3.55768e-05	0.000454163
0.280204	3.18446e-05	-2.38257e-05	6.17874e-05	0.000425878
0.280205	4.82322e-05	-2.17018e-05	8.93253e-05	1.7972e-05
0.280207	4.41923e-05	-1.93738e-05	7.30431e-05	-0.000234023
0.280208	2.56523e-05	-1.80983e-05	2.60475e-05	0.000165082
0.280208	2.81249e-05	-1.74092e-05	2.49892e-05	0.00026407
