0	0	5.5	0.4	0
0.0023692	0.142637	-0.0954892	0.271319	-0
0.00607238	0.122322	-0.0889473	0.194373	-0.63017
0.00831929	0.0562172	-0.0863402	0.0199504	-0.371963
0.00910203	0.00939039	-0.0875719	-0.110879	0.976715
0.00957314	0.0292567	-0.0905252	-0.0986806	2.09451
0.0114101	0.110103	-0.0911493	0.0475639	2.03738
0.0151471	0.185776	-0.0881866	0.184032	0.874569
0.0205339	0.208528	-0.0828313	0.203739	-0.304904
0.0255025	0.161817	-0.0791812	0.0729523	-0.515194
0.028988	0.108338	-0.0792271	-0.0709746	0.507815
0.0318181	0.109424	-0.0814084	-0.095774	1.66009
0.0356304	0.17191	-0.0825184	0.012246	1.88908
0.0410798	0.24474	-0.0804286	0.144134	1.03858
0.0476139	0.274518	-0.0762496	0.183816	-0.2421
0.0541719	0.230052	-0.0730835	0.0611283	-0.443307
0.0595001	0.181711	-0.0732591	-0.0695192	0.518416
0.0642716	0.185039	-0.0753015	-0.087365	1.56673
0.0696021	0.240026	-0.0762623	0.00841021	1.73804
0.0767377	0.306497	-0.0744295	0.128473	0.983533
0.0848235	0.335988	-0.0705999	0.169439	-0.0482627
0.0933107	0.290664	-0.067648	0.0458469	-0.402679
0.10026	0.245715	-0.0680973	-0.0755907	0.565791
0.106488	0.252309	-0.0700908	-0.0836256	1.54482
0.11382	0.309966	-0.0708961	0.0188112	1.63677
0.123474	0.377298	-0.0686053	0.140839	0.981028
0.133297	0.405982	-0.0645136	0.181979	-0.209347
0.142934	0.362082	-0.061356	0.0652913	-0.580704
0.151639	0.310042	-0.061493	-0.069454	0.32491
0.159639	0.305768	-0.0637173	-0.100061	1.40514
0.168272	0.357216	-0.0651175	-0.00914989	1.68137
0.178026	0.420891	-0.0638147	0.109358	0.971516
0.189441	0.453076	-0.0602234	0.158849	-0.102086
0.200572	0.403007	-0.0577872	0.0291589	-0.453259
0.210044	0.357377	-0.058626	-0.0897654	0.564033
0.219448	0.36602	-0.0609859	-0.0910629	1.52906
0.229757	0.425177	-0.0618971	0.0177487	1.57199
0.24262	0.491298	-0.0596246	0.140431	0.712056
0.255166	0.509331	-0.0557833	0.161132	-0.314739
0.267218	0.456359	-0.0534802	0.0272557	-0.530105
0.278397	0.406338	-0.0545213	-0.100627	0.520288
0.289051	0.413447	-0.0571961	-0.103947	1.56031
0.300619	0.474841	-0.058369	0.0110152	1.62378
0.313842	0.539856	-0.0564251	0.134021	0.717753
0.327619	0.559065	-0.052693	0.158326	-0.305253
0.341475	0.505025	-0.0503025	0.0224626	-0.54868
0.353432	0.454475	-0.0514197	-0.104865	0.515209
0.364879	0.461637	-0.0540769	-0.10633	1.55226
0.37765	0.521246	-0.0554067	0.00575613	1.60059
0.392073	0.585776	-0.0535997	0.128688	0.71945
0.407004	0.605556	-0.0499767	0.15515	-0.299547
0.423064	0.542478	-0.0478567	-0.000905676	-0.802288
0.435721	0.477149	-0.0500664	-0.160008	0.669125
0.448281	0.490971	-0.0541247	-0.147343	1.97685
0.463224	0.577673	-0.0559195	0.0225584	1.93098
0.47935	0.659559	-0.0531603	0.1835	0.592227
0.498189	0.67898	-0.0474782	0.207666	-0.742923
0.515607	0.612562	-0.0441047	0.0460007	-1.01417
0.53002	0.543282	-0.0451169	-0.120357	0.242677
0.543946	0.533255	-0.0488942	-0.158234	1.59105
0.55917	0.596645	-0.0516025	-0.0369897	1.94717
0.575126	0.676967	-0.0504655	0.122409	1.01079
0.593297	0.715435	-0.0462574	0.190308	-0.289816
0.610514	0.657846	-0.0431577	0.0495227	-0.890959
0.626622	0.587278	-0.0442523	-0.119927	0.20205
0.642357	0.579281	-0.0479804	-0.153646	1.99345
0.659088	0.663281	-0.0499789	0.0132023	1.89826
0.676694	0.74192	-0.0476127	0.169638	0.586058
0.697849	0.762127	-0.0422697	0.1975	-0.98953
0.716652	0.687968	-0.0395438	0.0211017	-1.00269
0.734203	0.614882	-0.041416	-0.153292	0.439751
0.751324	0.613589	-0.0461443	-0.172074	2.29669
0.769276	0.715798	-0.0479857	0.0353588	2.57143
0.788597	0.826321	-0.0441742	0.262546	0.381548
0.809591	0.840458	-0.0370506	0.280258	-1.49883
0.830184	0.744529	-0.0326859	0.0581601	-1.73854
0.847426	0.638875	-0.0343802	-0.184343	-0.0145453
0.862694	0.585654	-0.040684	-0.313192	1.95905
0.878817	0.661046	-0.0470604	-0.162809	3.08046
0.897904	0.803059	-0.0473458	0.132422	1.96019
0.919974	0.888912	-0.0415018	0.305482	-0.410139
0.941507	0.825193	-0.0355445	0.153241	-1.8799
0.961444	0.709898	-0.0350481	-0.111418	-0.738069
0.978842	0.638757	-0.040437	-0.28024	1.38267
0.995376	0.686706	-0.0463789	-0.189129	2.81302
1.01491	0.813575	-0.047822	0.0729572	2.16272
1.03919	0.915875	-0.0427402	0.280573	0.0022384
1.06208	0.906098	-0.0359237	0.246289	-1.6624
1.0842	0.798799	-0.0328197	-0.000553233	-1.48016
1.10295	0.70482	-0.0356678	-0.217689	0.461605
1.12056	0.707633	-0.0412844	-0.224033	2.24559
1.14022	0.804205	-0.0445303	-0.0269	2.37368
1.16255	0.909475	-0.0423174	0.18909	0.834386
1.18758	0.938981	-0.0363698	0.23988	-0.932686
1.21096	0.859973	-0.0325635	0.0550152	-1.42214
1.23357	0.758607	-0.0344199	-0.179343	-0.0323904
1.25299	0.687411	-0.0417623	-0.348747	2.45671
1.27137	0.786319	-0.0480465	-0.146582	3.38258
1.29394	0.94381	-0.0474359	0.182378	1.84468
1.31961	1.02389	-0.0404226	0.342947	-0.808346
1.34531	0.946083	-0.0336863	0.159819	-2.19443
1.36812	0.811885	-0.0336091	-0.14572	-0.814965
1.3873	0.734836	-0.0398483	-0.326546	1.63991
1.40703	0.790765	-0.0471792	-0.218695	3.17853
1.4286	0.931065	-0.0488966	0.0731454	2.41265
1.45323	1.03427	-0.0442915	0.284118	0.0639791
1.48015	1.02685	-0.0370402	0.254029	-1.66831
1.50734	0.914325	-0.0335458	-0.0054557	-2.04303
1.52939	0.786875	-0.0376114	-0.296831	0.512204
1.54981	0.789957	-0.045605	-0.304153	2.90963
1.57199	0.917327	-0.0501266	-0.0412261	3.07816
1.59773	1.05827	-0.0472794	0.251116	1.02762
1.62476	1.09624	-0.0399331	0.320092	-1.36174
1.65322	1.00637	-0.033965	0.110089	-2.01654
1.67852	0.873423	-0.0352653	-0.193454	-0.410469
1.70082	0.789274	-0.0434874	-0.391701	2.04722
1.72235	0.870384	-0.0516741	-0.23005	3.75301
1.7473	1.04436	-0.0528195	0.133493	2.56658
1.77604	1.15963	-0.0461022	0.36927	-0.340847
1.8066	1.08277	-0.037983	0.186019	-2.32677
1.83285	0.939928	-0.0374972	-0.139845	-0.965185
1.8568	0.847472	-0.0445847	-0.356881	1.64748
1.87958	0.908132	-0.0524482	-0.240363	3.48887
1.9053	1.06695	-0.0543334	0.0895778	2.66057
1.93466	1.18561	-0.0486948	0.332096	0.0283731
1.96545	1.1741	-0.0403481	0.291736	-1.99204
1.99644	1.04093	-0.0365021	-0.0141478	-2.38216
2.02242	0.888679	-0.0417356	-0.361558	0.762068
2.04709	0.890954	-0.0525615	-0.373773	4.48993
2.07391	1.10055	-0.0568722	0.0662183	4.79625
2.10563	1.33068	-0.0486036	0.552511	0.260995
2.13932	1.3444	-0.0340432	0.568971	-3.76397
2.17192	1.14891	-0.0245577	0.130483	-4.09566
2.1977	0.922828	-0.0278449	-0.373649	-0.701788
2.22155	0.811275	-0.0428347	-0.631024	4.38885
2.24386	0.989533	-0.054375	-0.256219	5.2
2.273	1.24223	-0.0538142	0.279161	2.8155
2.30579	1.36966	-0.043248	0.542508	-1.49554
2.34046	1.2784	-0.0313893	0.329613	-3.75647
2.37298	1.04764	-0.0294833	-0.187113	-2.92537
2.39782	0.871755	-0.0397637	-0.584344	1.91909
2.41998	0.923417	-0.0537642	-0.486389	5.2
2.44829	1.17489	-0.0597593	0.0446061	5.2
2.48223	1.42595	-0.0514348	0.575777	0.473543
2.51994	1.45191	-0.0352946	0.617799	-3.91116
2.5551	1.24318	-0.0250456	0.14997	-4.46991
2.58393	0.985993	-0.0289196	-0.422917	-0.850676
2.60693	0.880998	-0.0432617	-0.664826	3.80702
2.63151	1.03149	-0.0570921	-0.352093	5.2
2.66161	1.27848	-0.0593302	0.169365	3.62432
2.69725	1.45111	-0.0499265	0.529011	-0.536837
2.7372	1.36648	-0.0368353	0.327635	-4.70947
2.76835	1.12109	-0.0354016	-0.222014	-2.11639
2.7952	0.967665	-0.0463877	-0.572123	2.28184
2.82003	1.03828	-0.059506	-0.434649	5.2
2.84892	1.27095	-0.0642222	0.0549635	4.3214
2.88774	1.49193	-0.0559052	0.517064	0.500703
2.92698	1.51001	-0.0417304	0.539979	-3.377
2.96389	1.32272	-0.03302	0.116751	-3.75529
2.99532	1.10321	-0.0366318	-0.376157	-0.473134
3.02128	0.995887	-0.049742	-0.625454	3.5382
3.04783	1.1378	-0.0619937	-0.332699	5.2
3.08064	1.38213	-0.0638523	0.181247	3.53694
3.11728	1.53938	-0.0550239	0.506335	-0.569178
3.155	1.45106	-0.0442566	0.296528	-3.30221
3.19015	1.25879	-0.042391	-0.140308	-1.76345
3.22323	1.1201	-0.0512966	-0.460516	2.18562
3.25195	1.19147	-0.0614511	-0.322491	4.41789
3.28421	1.38649	-0.0643589	0.0843085	3.44806
3.32245	1.54561	-0.0576513	0.41218	0.222667
3.36295	1.55154	-0.0465024	0.407442	-2.50892
3.4013	1.39903	-0.0404714	0.0584335	-2.62349
3.43426	1.24374	-0.0436126	-0.295609	0.0989741
3.46738	1.21901	-0.0528267	-0.366745	3.83475
3.50373	1.39086	-0.05852	-0.0105666	4.73224
3.54293	1.61611	-0.0524151	0.464135	0.901761
3.58401	1.65466	-0.0395221	0.533503	-2.99761
3.62348	1.49505	-0.0305108	0.172161	-3.73174
3.65681	1.29261	-0.032072	-0.281398	-0.951117
3.68956	1.15957	-0.0445639	-0.586439	2.71605
3.72208	1.26511	-0.0579887	-0.373245	5.2
3.7582	1.50972	-0.0609004	0.142556	3.80972
3.79821	1.68157	-0.0526184	0.500535	-0.296597
3.84298	1.59379	-0.0407193	0.291659	-3.28671
3.88465	1.38592	-0.0392425	-0.178469	-1.77094
3.92007	1.25279	-0.0486549	-0.48565	1.98766
3.95336	1.32	-0.0599465	-0.356788	4.58561
3.99046	1.53125	-0.0634264	0.0851311	3.70493
4.03089	1.69534	-0.056852	0.425019	0.163711
4.07697	1.69903	-0.0449602	0.415082	-2.62115
4.11755	1.54746	-0.0389251	0.0691711	-2.70416
4.15829	1.36936	-0.0428594	-0.336009	-0.0657091
4.19128	1.27124	-0.0542025	-0.567025	3.30417
4.22578	1.399	-0.0660305	-0.307328	5.2
4.26531	1.63978	-0.0673963	0.197532	3.39162
4.30829	1.78878	-0.0583949	0.503375	-0.647934
4.35543	1.67437	-0.0476085	0.23397	-4.29677
4.39436	1.44034	-0.0483863	-0.294548	-1.21143
4.42957	1.29569	-0.0611852	-0.6301	3.04737
4.46312	1.40365	-0.0746835	-0.415776	5.2
4.50116	1.63451	-0.0789469	0.0648483	4.38257
4.54642	1.837	-0.071558	0.482758	0.580063
4.59662	1.86054	-0.057526	0.511444	-2.88227
4.64118	1.69915	-0.0492541	0.140318	-3.30493
4.68267	1.49915	-0.0517272	-0.315046	-0.435307
4.71832	1.36907	-0.0638469	-0.61893	3.25877
4.754	1.49386	-0.0764359	-0.368442	5.2
4.79768	1.73973	-0.0794309	0.142569	4.02704
4.8454	1.92235	-0.0706258	0.517017	-0.0420955
4.89484	1.83311	-0.0586712	0.299479	-3.16949
4.93832	1.64871	-0.0565721	-0.123349	-1.58474
4.97907	1.50134	-0.0647066	-0.466758	1.7852
5.01843	1.54513	-0.0764281	-0.394789	4.65695
5.0613	1.75192	-0.0811547	0.0313838	4.23944
5.1075	1.93639	-0.0754393	0.409836	0.879959
5.15836	1.96321	-0.0639953	0.444829	-2.24136
5.20747	1.81056	-0.0569348	0.0898581	-2.67923
5.25225	1.64051	-0.0598965	-0.302495	0.0771071
5.29756	1.60647	-0.0700626	-0.400767	4.18084
5.34327	1.78801	-0.0761392	-0.0288952	4.20095
5.39232	1.9789	-0.0716169	0.364132	1.29582
5.44451	2.02566	-0.0608357	0.444032	-1.92556
5.49918	1.86804	-0.0531889	0.0778689	-3.63072
5.54481	1.64898	-0.0578683	-0.420942	0.122891
5.58693	1.61048	-0.0707422	-0.527116	4.19656
5.63276	1.79306	-0.0801935	-0.153811	5.2
5.68258	2.03244	-0.077559	0.343677	2.35608
5.74116	2.14017	-0.0646646	0.553513	-2.30296
5.79704	1.9809	-0.0541976	0.183572	-4.71466
5.84323	1.71933	-0.0571435	-0.407733	-0.711929
5.8855	1.55771	-0.0733619	-0.784001	4.08128
5.92788	1.71862	-0.0899726	-0.459442	5.2
5.97381	1.94723	-0.0953625	0.0108785	4.9474
6.02747	2.17099	-0.0888847	0.469403	1.24221
6.08245	2.21295	-0.0759634	0.534255	-2.5333
6.14215	2.03606	-0.0663468	0.120808	-3.23133
6.19045	1.8386	-0.0692944	-0.33385	-0.0399877
6.23765	1.67289	-0.084036	-0.723808	3.6551
6.28261	1.80477	-0.100059	-0.466436	5.2
6.33059	2.02752	-0.10589	-0.0124948	5.14304
6.38868	2.26624	-0.0994198	0.47366	1.5756
6.4485	2.32199	-0.085563	0.564147	-2.42216
6.50679	2.14853	-0.0758356	0.156843	-3.33892
6.55978	1.93659	-0.0783934	-0.333425	-0.198565
6.606	1.77476	-0.0919013	-0.715629	3.77762
6.65358	1.90698	-0.107808	-0.460261	5.2
6.70624	2.13654	-0.113544	0.00447234	5.2
6.76487	2.36282	-0.107178	0.463745	1.54566
6.82725	2.41819	-0.0935746	0.548978	-2.23508
6.88795	2.23753	-0.0844651	0.123199	-3.10604
6.94338	2.03505	-0.0876641	-0.349282	0.189176
6.99544	1.98872	-0.0990432	-0.482383	4.03343
7.04891	2.13868	-0.108186	-0.189359	5.2
7.11229	2.38357	-0.106397	0.307245	3.79665
7.17645	2.54364	-0.0940918	0.623369	-0.987217
7.24113	2.39165	-0.081491	0.260692	-3.69573
7.298	2.16724	-0.0817128	-0.257333	-0.953252
7.35172	1.98084	-0.0945537	-0.695374	3.21383
7.40436	2.08656	-0.11061	-0.498968	5.2
7.46616	2.32625	-0.117785	-0.0163935	5.2
7.53228	2.56233	-0.111568	0.459555	1.77355
7.59725	2.62166	-0.0985399	0.554936	-2.13881
7.66321	2.43378	-0.0893639	0.111735	-3.08348
7.72145	2.23587	-0.092651	-0.351213	0.317031
7.77876	2.19311	-0.104025	-0.478167	4.1197
7.83542	2.34683	-0.112419	-0.177105	5.2
7.90208	2.58325	-0.110545	0.300858	3.74057
7.97145	2.74148	-0.0983998	0.611479	-0.876559
8.03856	2.58681	-0.0866283	0.242569	-3.53868
8.10269	2.35712	-0.0875792	-0.289835	-0.734733
8.15907	2.16701	-0.100785	-0.736806	3.55793
8.22113	2.29106	-0.118955	-0.505757	5.2
8.28119	2.50673	-0.126028	-0.074029	5.2
8.34666	2.72177	-0.12229	0.35571	2.35202
8.42441	2.81691	-0.109571	0.52129	-1.68563
8.50079	2.61035	-0.101002	0.0308686	-3.62891
8.56311	2.38485	-0.10709	-0.496521	1.16598
8.62927	2.37048	-0.122947	-0.570103	5.2
8.69094	2.56969	-0.132472	-0.176222	5.2
8.76073	2.79055	-0.13113	0.261896	3.26283
8.83792	2.91877	-0.120658	0.497771	-0.559981
8.91195	2.73698	-0.11233	0.0606147	-2.31727
8.97744	2.51488	-0.117715	-0.462723	1.08406
9.04722	2.496	-0.132725	-0.549851	5.2
9.12008	2.7157	-0.142345	-0.120042	5.2
9.19361	2.93237	-0.139716	0.305574	2.94833
9.2683	3.03389	-0.129631	0.483427	-0.51257
9.34517	2.84176	-0.122051	0.0206699	-2.07777
9.41317	2.61087	-0.128728	-0.525074	1.53966
9.48321	2.60796	-0.144546	-0.579742	5.2
9.5536	2.81035	-0.154658	-0.188463	5.2
9.62651	3.01381	-0.154238	0.205502	3.66855
9.70993	3.15581	-0.144961	0.46285	0.507003
9.78871	3.13741	-0.13425	0.376997	-1.70134
9.87329	2.88913	-0.131529	-0.214075	-1.70632
9.94773	2.63831	-0.145788	-0.811117	4.4503
10.0228	2.76744	-0.166765	-0.586823	5.2
10.0945	2.96635	-0.176498	-0.208849	5.2
10.1744	3.16891	-0.176759	0.173103	4.13409
10.2589	3.3198	-0.168526	0.443615	1.0741
10.3453	3.32147	-0.157448	0.391867	-1.22345
10.435	3.06284	-0.154558	-0.229601	-1.48114
10.5167	2.78586	-0.17075	-0.893718	4.99525
10.5876	2.92395	-0.191071	-0.652251	5.2
10.6663	3.12072	-0.203118	-0.290577	5.2
10.75	3.3124	-0.205955	0.0574559	5.15836
10.8422	3.5079	-0.199453	0.411695	2.8412
10.9346	3.59091	-0.186948	0.526807	-0.547167
11.0291	3.35944	-0.178978	-0.0421884	-1.63721
11.1126	3.07395	-0.189454	-0.727042	2.83239
11.1956	3.11236	-0.20995	-0.714332	5.2
11.2757	3.28867	-0.223858	-0.401745	5.2
11.3706	3.48569	-0.230065	-0.0563224	5.2
11.46	3.6589	-0.227546	0.245604	3.64965
11.5528	3.76006	-0.219452	0.392649	1.19838
11.6469	3.75388	-0.21046	0.309124	-0.12895
11.7416	3.50121	-0.20958	-0.311748	0.169734
11.8316	3.4297	-0.220936	-0.540289	5.2
11.9226	3.58787	-0.231975	-0.273352	5.2
12.0146	3.75976	-0.234925	0.0241206	5.2
12.1108	3.93021	-0.230498	0.318629	3.07289
12.2181	4.01018	-0.220456	0.413007	0.501878
12.3219	3.96682	-0.211702	0.245467	-0.268903
12.4216	3.68087	-0.213831	-0.448625	0.984579
12.5132	3.65276	-0.226856	-0.581705	5.2
12.6099	3.80714	-0.239121	-0.325449	5.2
12.7153	3.9889	-0.243547	-0.0156719	5.2
12.8213	4.16186	-0.239992	0.277957	3.51303
12.9308	4.25468	-0.231064	0.399668	1.11608
13.0412	4.23344	-0.222182	0.276698	-0.0209053
13.1518	3.92744	-0.223972	-0.466847	0.837548
13.2492	3.88006	-0.238287	-0.645355	5.2
13.3599	4.04126	-0.253265	-0.385538	5.2
13.4714	4.21657	-0.259585	-0.0955619	5.2
13.5921	4.39521	-0.258009	0.197357	5.2
13.7132	4.56819	-0.248698	0.483213	2.2535
13.8419	4.60829	-0.234822	0.481751	-0.944017
13.954	4.32298	-0.230397	-0.213778	-0.612698
14.0694	3.94399	-0.249807	-1.12488	5.2
14.1735	4.08202	-0.277058	-0.916727	5.2
14.2861	4.25016	-0.298077	-0.655248	5.2
14.3942	4.39711	-0.311588	-0.437583	5.2
14.506	4.53826	-0.31988	-0.23602	5.2
14.6353	4.69215	-0.32336	-0.0215155	5.2
14.7689	4.8443	-0.32091	0.189028	5.2
14.9067	4.99737	-0.312559	0.403436	3.38574
15.0426	5.06154	-0.301173	0.43385	1.02624
15.1738	5.02	-0.292216	0.243724	0.685344
15.3083	4.95144	-0.289135	-0.00636189	2.34261
15.4372	4.96329	-0.290344	-0.0785593	4.07372
15.5726	5.06142	-0.291	0.0315437	5.2
15.7062	5.21094	-0.287182	0.256981	3.79594
15.8375	5.29445	-0.279561	0.345315	1.93779
15.9699	5.29415	-0.272025	0.254913	1.13318
16.107	5.2532	-0.267819	0.0750354	1.74649
16.2382	5.24317	-0.26736	-0.0336002	3.12952
16.37	5.29596	-0.267902	-0.00618155	3.99571
16.5089	5.3929	-0.266512	0.113471	3.78338
16.6449	5.47886	-0.262371	0.213723	2.80425
16.7879	5.52211	-0.256714	0.219667	1.94429
16.9371	5.52407	-0.251962	0.134626	2.00738
17.0863	5.52955	-0.249404	0.0585289	2.43545
17.2248	5.55526	-0.248283	0.0334583	3.01139
17.3757	5.61355	-0.246825	0.0730507	3.81354
17.5343	5.71647	-0.242859	0.207205	3.3754
17.6782	5.78948	-0.23663	0.287661	1.73001
17.8287	5.78695	-0.230234	0.203144	1.00563
17.9844	5.74605	-0.227116	0.0340035	1.74246
18.1337	5.74385	-0.227346	-0.0475763	2.9043
18.2838	5.7985	-0.228063	-0.00577103	3.56329
18.4358	5.88736	-0.226649	0.110449	3.23764
18.5898	5.96064	-0.222648	0.193742	2.28505
18.7572	5.98977	-0.217448	0.176903	1.71628
18.9129	5.98938	-0.213824	0.104269	1.62593
19.0626	5.98484	-0.212284	0.0239625	2.15958
19.2305	6.00942	-0.211952	0.000216078	3.32305
19.3817	6.086	-0.21072	0.0981355	2.97072
19.5408	6.15025	-0.207229	0.167243	2.16738
19.7072	6.17577	-0.202936	0.15072	1.74003
19.8679	6.18054	-0.199768	0.0930008	1.63888
20.0224	6.17985	-0.198305	0.0267689	2.05949
20.1833	6.20037	-0.197925	0.00446761	2.57206
20.3452	6.2479	-0.197306	0.0411725	2.7465
20.5021	6.30168	-0.195592	0.0944225	2.44343
20.6665	6.34374	-0.192767	0.120341	1.9924
20.8381	6.36382	-0.189837	0.0968815	1.74585
20.9973	6.37083	-0.188011	0.0507076	1.89464
21.1631	6.38549	-0.187133	0.0192356	2.24107
21.3231	6.41692	-0.186564	0.0269682	2.48238
21.497	6.46349	-0.185352	0.0631552	2.41286
21.6657	6.50586	-0.183306	0.0931443	2.10594
21.8287	6.53224	-0.180994	0.0913865	1.83751
21.9987	6.54699	-0.178988	0.0626641	1.8205
22.1691	6.56061	-0.177775	0.0320202	2.02421
22.34	6.58438	-0.177071	0.0238572	2.25422
22.5117	6.62054	-0.176202	0.0429523	2.31063
22.691	6.66152	-0.174659	0.0707012	2.14585
22.8646	6.69314	-0.172681	0.0809104	1.90253
23.0456	6.7136	-0.170712	0.0652206	1.79425
23.2271	6.72889	-0.169314	0.0388475	1.89379
23.4091	6.74946	-0.168473	0.0244183	2.08682
23.585	6.77935	-0.167746	0.0327505	2.19165
23.7617	6.81473	-0.166626	0.0533913	2.11537
23.9393	6.84687	-0.165049	0.067416	1.93518
24.1176	6.87023	-0.163355	0.0628502	1.80212
24.3103	6.88844	-0.161877	0.043333	2.13167
24.4968	6.9236	-0.16044	0.0634589	2.31158
24.6913	6.97075	-0.158024	0.108332	2.08083
24.887	7.00623	-0.154693	0.128805	1.59664
25.0623	7.01493	-0.151864	0.0979189	1.41802
25.2376	7.01534	-0.150038	0.0496757	1.39741
25.42	7.01491	-0.149445	-0.00192205	1.74671
25.6027	7.03245	-0.149672	-0.0141947	2.15022
25.786	7.07087	-0.149605	0.0190812	2.25197
25.9633	7.1132	-0.148561	0.0630407	1.98582
26.1487	7.14461	-0.146651	0.0816763	1.62541
26.3346	7.15734	-0.14481	0.0601742	1.4623
26.5208	7.16222	-0.143749	0.0220143	1.60152
26.7143	7.17422	-0.143508	-0.00224006	1.88684
26.9012	7.20084	-0.143447	0.00737444	2.07682
27.1034	7.24032	-0.142753	0.0414836	2.40297
27.307	7.29815	-0.140524	0.116208	2.04838
27.4972	7.33473	-0.137052	0.149147	1.06242
27.6878	7.32148	-0.134159	0.0742762	0.75343
27.8778	7.29282	-0.133662	-0.0336724	1.44855
28.0747	7.29853	-0.135104	-0.0684173	2.19884
28.2651	7.34407	-0.136168	-0.0147719	2.49572
28.4494	7.40243	-0.135463	0.0685871	2.08342
28.6425	7.44335	-0.133066	0.112573	1.46662
28.8287	7.45098	-0.130596	0.0863264	0.989333
29.0296	7.43562	-0.129336	0.00708272	1.17674
29.2229	7.42943	-0.129934	-0.0502987	1.82627
29.4164	7.45737	-0.131015	-0.0333816	2.28532
29.611	7.50853	-0.130986	0.0341207	2.16617
29.8144	7.55582	-0.129256	0.0917574	1.9823
30.0113	7.59226	-0.126378	0.128147	1.10618
30.2238	7.58348	-0.123711	0.0633835	0.807621
30.4131	7.56101	-0.123281	-0.0259464	1.32184
30.6097	7.56493	-0.124397	-0.0592706	2.01012
30.7993	7.60266	-0.125339	-0.0173969	2.28715
30.9901	7.65391	-0.124855	0.053958	1.97175
31.1896	7.69208	-0.122867	0.0954877	1.75355
31.39	7.71858	-0.120155	0.112309	0.988517
31.5905	7.70585	-0.118147	0.0441325	0.819161
31.7829	7.68548	-0.118119	-0.0388593	1.60629
31.9829	7.70515	-0.119105	-0.0359851	2.04945
32.1838	7.74694	-0.119388	0.0150667	2.04063
32.378	7.78793	-0.11835	0.0660317	1.67598
32.5808	7.81207	-0.116448	0.079079	1.1664
32.7839	7.80912	-0.11502	0.0334591	1.03257
32.9946	7.8001	-0.114948	-0.0266784	1.82377
33.1979	7.83226	-0.115233	0.00472016	1.92287
33.4178	7.87288	-0.114424	0.0517092	2.10129
33.6389	7.92341	-0.111994	0.120952	1.48245
33.8451	7.93889	-0.108902	0.117426	0.642711
34.0512	7.91173	-0.10713	0.0214204	0.632305
34.2565	7.88405	-0.107883	-0.0755227	1.55626
34.4539	7.9033	-0.109707	-0.0687827	2.21175
34.676	7.96116	-0.11042	0.0176708	2.70287
34.884	8.04123	-0.108114	0.155854	1.92897
35.1017	8.08373	-0.103119	0.211668	0.225957
35.3033	8.03829	-0.0995253	0.0792057	-0.198954
35.4992	7.5794	-0.108891	-0.959072	0.804114
35.7105	7.53934	-0.138388	-1.09265	5.2
35.9011	7.71666	-0.161746	-0.754945	5.2
36.1044	7.91187	-0.176348	-0.386521	5.2
36.3046	8.09316	-0.181606	-0.0494551	5.2
36.5175	8.2792	-0.178238	0.29522	2.99314
36.7339	8.35819	-0.168902	0.408598	0.168732
36.95	8.25465	-0.161752	0.126608	-0.868713
37.1582	7.72372	-0.173179	-1.08894	1.28928
37.3504	7.66379	-0.203168	-1.2824	5.2
37.5667	7.79681	-0.236406	-1.07533	5.2
37.7632	7.91782	-0.260882	-0.894975	5.2
37.9707	8.03406	-0.28195	-0.736082	5.2
38.1811	8.1424	-0.299217	-0.60085	5.2
38.3859	8.24061	-0.312748	-0.488758	5.2
38.5931	8.33417	-0.323667	-0.390733	5.2
38.828	8.43464	-0.333177	-0.294061	5.2
39.0655	8.53163	-0.340141	-0.207922	5.2
39.2886	8.61943	-0.344548	-0.134775	5.2
39.5138	8.70572	-0.347117	-0.0660653	5.2
39.7501	8.79439	-0.347935	0.00263295	5.2
39.9799	8.87941	-0.347009	0.0679919	4.86151
40.2028	8.94673	-0.344881	0.1004	4.32429
40.454	8.99628	-0.342318	0.0820567	4.7545
40.7069	9.06686	-0.339638	0.10984	4.90503
40.9437	9.14039	-0.336199	0.153876	3.88873
41.1817	9.16882	-0.332872	0.102123	3.48833
41.4202	9.17943	-0.331394	0.0129312	3.85901
41.6777	9.20841	-0.331888	-0.0451758	5.2
41.909	9.29272	-0.332113	0.028496	5.03046
42.1423	9.37157	-0.330589	0.0906389	4.44211
42.3773	9.42405	-0.328249	0.0966996	3.92244
42.6322	9.45593	-0.326294	0.0506622	4.52473
42.8788	9.51469	-0.324785	0.0673081	4.18601
43.1172	9.55766	-0.323259	0.054715	4.03216
43.3566	9.59389	-0.322236	0.0280425	4.11305
43.6259	9.63851	-0.321762	0.00715234	5.14805
43.8874	9.73131	-0.320383	0.0945073	4.47608
44.151	9.793	-0.317535	0.115601	4.42237
44.4064	9.85056	-0.3143	0.133002	3.54792
44.6529	9.86763	-0.311802	0.0681907	3.36439
44.9096	9.87685	-0.311177	-0.0170266	3.85162
45.1867	9.91127	-0.312236	-0.0560922	5.2
45.4556	10.0089	-0.312393	0.0450395	5.2
45.7374	10.1124	-0.309541	0.15506	4.81402
46.0014	10.1915	-0.304606	0.221813	3.12545
46.2562	10.1935	-0.30022	0.127922	2.52257
46.5209	10.1663	-0.299027	-0.0318951	3.21731
46.7853	10.1717	-0.301072	-0.121463	4.48584
47.0607	10.2349	-0.304022	-0.0891155	5.2
47.3179	10.3308	-0.304884	0.016967	5.01547
47.5773	10.4178	-0.303291	0.105914	4.17543
47.8489	10.4702	-0.300332	0.117138	3.43964
48.1108	10.4857	-0.298224	0.0535981	3.30978
48.3836	10.4964	-0.29787	-0.0239277	3.79208
48.6569	10.5295	-0.2989	-0.0531301	4.41083
48.9316	10.5926	-0.299807	-0.0180114	4.6603
49.2293	10.6723	-0.299416	0.0451688	5.2
49.4974	10.7694	-0.296821	0.157849	3.87905
49.7888	10.811	-0.292697	0.144422	3.39118
50.0809	10.8288	-0.289655	0.0808475	2.99216
50.3516	10.8268	-0.288902	-0.0174049	3.46161
50.6334	10.8468	-0.290106	-0.0720073	4.24101
50.938	10.9086	-0.291732	-0.0442982	5.2
51.223	11.011	-0.291251	0.078627	4.49722
51.5324	11.0864	-0.288213	0.136136	4.13474
51.8213	11.14	-0.284412	0.155202	3.00293
52.1222	11.141	-0.281544	0.0581602	2.80013
52.4228	11.1314	-0.281642	-0.0611897	3.53898
52.7126	11.1577	-0.283763	-0.0998204	4.49899
53.0148	11.2302	-0.285732	-0.0428506	4.83894
53.308	11.3182	-0.285591	0.0508337	4.4091
53.6032	11.3871	-0.283526	0.10361	3.65609
53.8997	11.4192	-0.281175	0.0777131	3.20612
54.1854	11.4299	-0.280104	0.00978945	3.38246
54.4828	11.4493	-0.280567	-0.0428406	3.91311
54.7696	11.4932	-0.281583	-0.0391597	4.34248
55.0924	11.5637	-0.281968	0.0107908	5.2
55.4062	11.6744	-0.279756	0.151736	4.70661
55.6991	11.7559	-0.274837	0.237822	2.7786
55.993	11.7516	-0.270072	0.140093	2.15947
56.298	11.7144	-0.268752	-0.0315783	2.74561
56.6259	11.706	-0.271321	-0.147914	4.93956
56.9196	11.7957	-0.273769	-0.0421952	5.0655
57.2396	11.9035	-0.272989	0.0951188	5.13355
57.5506	12.0109	-0.268622	0.236099	3.14406
57.8511	12.0261	-0.263319	0.182514	1.92581
58.1871	11.9775	-0.261072	-0.0180123	2.74963
58.4865	11.9718	-0.262809	-0.115621	3.88925
58.7984	12.0205	-0.265633	-0.0993263	4.6954
59.1242	12.1122	-0.266852	0.00603138	5.2
59.4529	12.2292	-0.26447	0.166103	3.77782
59.7592	12.2741	-0.260104	0.178173	2.50674
60.0782	12.259	-0.257046	0.0581308	2.42762
60.3844	12.24	-0.257217	-0.0667284	3.23577
60.7029	12.258	-0.259657	-0.114936	4.23313
61.0347	12.3262	-0.26205	-0.0587091	5.2
61.3816	12.4474	-0.261347	0.108731	5.1318
61.7068	12.5598	-0.256417	0.264775	2.90268
62.0209	12.5688	-0.25049	0.201854	1.53027
62.3594	12.5063	-0.248107	-0.0212308	2.17985
62.7091	12.4736	-0.251088	-0.183044	4.52861
63.0344	12.554	-0.254795	-0.0940785	5.08783
63.3497	12.6626	-0.255157	0.0584635	4.42659
63.6673	12.7395	-0.252597	0.142806	3.22152
63.9988	12.7625	-0.249316	0.107713	2.59982
64.3305	12.7538	-0.247905	0.00501365	2.7838
64.6621	12.7547	-0.248892	-0.0769382	3.55001
64.9943	12.7933	-0.250914	-0.0777693	4.21485
65.3279	12.8644	-0.252001	-0.00838163	4.24961
65.6504	12.9343	-0.251306	0.061296	3.71344
65.9873	12.9804	-0.249513	0.0766863	3.16086
66.325	12.9998	-0.248094	0.034679	3.02426
66.6502	13.0128	-0.247905	-0.0176704	3.32828
66.9889	13.0405	-0.24871	-0.0414591	3.73728
67.3548	13.0917	-0.249608	-0.0209591	4.76759
67.6965	13.19	-0.248448	0.107971	3.7882
68.0269	13.2404	-0.245344	0.137198	2.81053
68.3713	13.2471	-0.242621	0.0693394	3.06608
68.7026	13.2635	-0.241459	0.02624	3.01302
69.0743	13.2801	-0.241475	-0.0256916	3.9921
69.4204	13.343	-0.241431	0.0292744	3.72473
69.7948	13.398	-0.240145	0.0610267	3.9688
70.1574	13.4635	-0.237693	0.119386	3.66776
70.5082	13.5136	-0.23418	0.148343	3.18026
70.8464	13.539	-0.230728	0.128023	2.17222
71.1981	13.5167	-0.229074	0.00191156	2.31571
71.5358	13.5016	-0.230429	-0.105571	3.36399
71.8873	13.5371	-0.233223	-0.106798	4.2174
72.2539	13.6181	-0.23481	-0.0130857	4.26523
72.6091	13.6985	-0.233862	0.0824568	3.55409
72.9521	13.7423	-0.231561	0.10191	2.93314
73.3234	13.7579	-0.229474	0.0547371	3.18276
73.6952	13.7868	-0.228252	0.0373576	3.02447
74.0402	13.8069	-0.22771	0.00696717	3.12142
74.3857	13.8317	-0.227802	-0.0132294	3.32739
74.7458	13.8678	-0.228135	-0.0119382	3.47889
75.1069	13.9115	-0.22821	0.00588913	3.47526
75.4692	13.9552	-0.227815	0.0238582	3.34782
75.8326	13.9929	-0.227125	0.0288455	3.22123
76.1828	14.0233	-0.226501	0.0211899	3.18501
76.5618	14.0544	-0.226094	0.00940684	3.23147
76.9277	14.0867	-0.225937	0.00330893	3.30962
77.2803	14.1218	-0.225821	0.0060844	3.35288
77.6622	14.162	-0.225547	0.0142441	3.33496
78.0309	14.2001	-0.225087	0.0209454	3.28024
78.3721	14.233	-0.224567	0.0222872	3.23658
78.7569	14.2681	-0.223994	0.0199239	3.22739
79.1283	14.3015	-0.223517	0.0169531	3.24047
79.5006	14.3358	-0.223091	0.0160185	3.25783
79.8738	14.3712	-0.222655	0.0175887	3.26362
80.2624	14.4085	-0.22214	0.020574	3.25526
80.6519	14.4456	-0.221547	0.0233896	3.24073
81.0424	14.4823	-0.220887	0.0254538	3.23052
81.4485	14.52	-0.220149	0.0273001	3.22837
81.8411	14.5566	-0.21938	0.0297381	3.23427
82.22	14.5925	-0.218556	0.0336641	3.2531
82.6145	14.631	-0.217551	0.0408578	3.31504
82.9808	14.67	-0.216348	0.0551445	3.7006
83.3483	14.727	-0.214321	0.109024	3.13251
83.7316	14.7604	-0.211454	0.109805	2.22116
84.1005	14.7491	-0.209899	0.016747	2.17472
84.4838	14.7349	-0.210838	-0.0852327	3.48085
84.8528	14.7825	-0.212571	-0.0505	3.86295
85.2678	14.8573	-0.212782	0.0346841	4.47983
85.6405	14.955	-0.210048	0.178631	3.71919
86.0602	15.0246	-0.203947	0.254452	1.72457
86.4355	14.9948	-0.199179	0.124026	0.930468
86.8244	14.921	-0.199022	-0.103919	1.89572
87.1971	14.8964	-0.203193	-0.22295	3.87317
87.5703	14.9643	-0.207813	-0.141913	4.83485
87.961	15.0854	-0.208921	0.0510705	4.26669
88.3545	15.1781	-0.205823	0.182694	2.67077
88.7493	15.1932	-0.201504	0.146671	1.52705
89.1286	15.1525	-0.199799	-0.00715705	1.75241
89.5071	15.1218	-0.201704	-0.139334	4.01298
89.9011	15.1947	-0.204365	-0.0493652	4.17984
90.3127	15.2885	-0.203846	0.083202	3.59175
90.7264	15.3527	-0.200612	0.151947	2.29161
91.1102	15.3507	-0.197664	0.0826901	1.70158
91.5088	15.3172	-0.197405	-0.0570199	2.20998
91.8917	15.3108	-0.199842	-0.13553	3.60226
92.2906	15.3716	-0.202555	-0.0710318	4.14048
92.6914	15.4617	-0.202673	0.0564541	3.72622
93.1099	15.5334	-0.199941	0.142022	2.99553
93.5142	15.5661	-0.19619	0.146112	1.77402
93.9031	15.5403	-0.194049	0.0264112	1.69123
94.3067	15.5084	-0.195183	-0.108807	2.64042
94.7256	15.5243	-0.19864	-0.143311	4.87764
95.1152	15.6431	-0.19984	0.050488	4.19768
95.5232	15.7388	-0.196581	0.191838	2.51155
95.9326	15.7507	-0.192063	0.152079	1.3389
96.3416	15.7054	-0.190213	-0.0112273	1.59138
96.7338	15.671	-0.192286	-0.14845	3.04762
97.1416	15.7041	-0.196196	-0.141933	4.17163
97.5511	15.7951	-0.198205	-0.0104911	4.17203
97.963	15.8892	-0.196614	0.127557	3.5458
98.361	15.9494	-0.192549	0.195373	1.84951
98.7596	15.9302	-0.188947	0.0915558	1.25981
99.173	15.8783	-0.18896	-0.0853405	2.02969
99.6016	15.8655	-0.192605	-0.180282	4.74376
100.048	15.9934	-0.194841	0.0278135	5.2
100.465	16.1412	-0.190674	0.284379	2.63549
100.885	16.1661	-0.183244	0.275231	0.531263
101.289	16.0869	-0.179259	0.0435713	0.502572
101.722	15.9962	-0.181739	-0.217443	2.28123
102.138	15.997	-0.188294	-0.27827	4.57634
102.555	16.1062	-0.193441	-0.104967	5.12279
102.976	16.252	-0.192757	0.147226	3.94272
103.399	16.3391	-0.187194	0.27282	1.64914
103.824	16.3146	-0.181522	0.156848	0.579505
104.247	16.2345	-0.180541	-0.0789879	1.42103
104.652	16.1958	-0.184401	-0.222668	4.5159
105.075	16.2978	-0.188441	-0.0634744	4.66042
105.517	16.4263	-0.187168	0.150605	4.43309
105.945	16.5396	-0.180764	0.335205	1.54979
106.358	16.5164	-0.173587	0.226752	-0.00181079
106.796	15.8997	-0.185748	-1.18782	0.762753
107.191	15.7317	-0.221482	-1.61616	5.2
107.601	15.7781	-0.263728	-1.60159	5.2
108.028	15.8358	-0.306603	-1.58178	5.2
108.44	15.8816	-0.347888	-1.59902	5.2
108.885	15.922	-0.393373	-1.65395	5.2
109.316	15.954	-0.43916	-1.73962	5.2
109.747	15.9811	-0.487677	-1.85457	5.2
110.163	16.0044	-0.537679	-1.9904	5.2
110.563	16.0264	-0.589368	-2.14191	5.2
110.996	16.052	-0.649732	-2.32598	5.2
111.398	16.08	-0.710283	-2.51302	5.2
111.816	16.1163	-0.778417	-2.72238	5.2
112.236	16.1628	-0.852179	-2.94521	5.2
112.657	16.2228	-0.931906	-3.18063	5.2
113.063	16.2963	-1.0145	-3.419	5.2
113.488	16.3924	-1.10689	-3.68077	5.2
113.85	16.4921	-1.19054	-3.9155	5.2
114.214	16.6114	-1.27953	-4.16542	5.2
114.648	16.7816	-1.39209	-4.48616	5.2
114.985	16.9375	-1.48462	-4.75738	5.2
115.326	17.1186	-1.55874	-5.05657	5.2
115.715	15.5724	-1.50788	-0.00246019	5.2
116.197	15.5323	-1.50787	-0.015725	5.2
116.601	15.4852	-1.50787	-0.0155112	5.2
116.987	15.4154	-1.50788	0.0126877	5.2
117.371	15.3582	-1.50788	0.000160641	5.2
117.77	15.2918	-1.50788	0.0126869	5.2
118.152	15.2357	-1.50788	0.000135075	5.2
118.547	15.1703	-1.50788	0.0126861	5.2
118.925	15.1153	-1.50788	0.00011794	5.2
119.318	15.0509	-1.50788	0.0126854	5.2
119.738	14.9901	-1.50788	0.000104368	5.2
120.142	14.9283	-1.50788	9.86937e-05	5.2
120.529	14.8657	-1.50788	0.0126845	5.2
120.93	14.8051	-1.50788	0.0126842	5.2
121.314	14.7556	-1.50787	-0.0154291	5.2
121.682	14.6921	-1.50788	0.0126838	5.2
122.049	14.6412	-1.50788	7.80507e-05	5.2
122.414	14.5917	-1.50787	-0.015392	5.2
122.793	14.5312	-1.50788	7.20243e-05	5.2
123.184	14.4738	-1.50788	6.92065e-05	5.2
123.589	14.4193	-1.50787	-0.0153509	5.2
123.948	14.3588	-1.50788	0.0126829	5.2
124.307	14.3108	-1.50788	6.22833e-05	5.2
124.692	14.2554	-1.50788	6.02515e-05	5.2
125.062	14.1988	-1.50788	0.0126825	5.2
125.417	14.1522	-1.50788	5.68459e-05	5.2
125.77	14.1068	-1.50787	-0.0152721	5.2
126.136	14.0508	-1.50788	5.3933e-05	5.2
126.487	14.0063	-1.50787	-0.0152459	5.2
126.836	13.9531	-1.50788	-2.61406e-05	5.2
127.198	13.8992	-1.50788	0.0126828	5.2
127.559	13.8578	-1.50787	-0.0151946	5.2
127.946	13.7966	-1.50788	0.0126826	5.2
128.304	13.7561	-1.50787	-0.0151689	5.2
128.661	13.7033	-1.50788	5.61739e-05	5.2
129.003	13.6618	-1.50787	-0.0151447	5.2
129.357	13.6098	-1.50788	5.33151e-05	5.2
129.697	13.5691	-1.50787	-0.0151205	5.2
130.049	13.5225	-1.50787	-0.0151507	5.2
130.427	13.4683	-1.50788	6.94861e-05	5.2
130.776	13.4188	-1.50788	0.0126827	5.2
131.152	13.3738	-1.50788	5.93894e-05	5.2
131.499	13.3252	-1.50788	0.0126825	5.2
131.831	13.2862	-1.50788	5.60458e-05	5.2
132.176	13.2384	-1.50788	0.0126823	5.2
132.507	13.2002	-1.50788	5.3147e-05	5.2
132.876	13.1581	-1.50787	-0.0150018	5.2
133.204	13.1086	-1.50788	0.0126821	5.2
133.557	13.0645	-1.50788	0.0126793	5.2
133.91	13.0291	-1.50787	-0.0149546	5.2
134.274	12.976	-1.50788	0.0126826	5.2
134.636	12.9353	-1.50788	5.7704e-05	5.2
134.959	12.9005	-1.50787	-0.0149226	5.2
135.32	12.8487	-1.50788	0.0126823	5.2
135.653	12.8168	-1.50787	-0.0149012	5.2
135.973	12.7704	-1.50788	0.0126822	5.2
136.33	12.7318	-1.50788	5.03393e-05	5.2
136.673	12.6913	-1.50788	-3.13725e-05	5.2
137.003	12.6572	-1.50787	-0.0148443	5.2
137.331	12.6145	-1.50788	6.08877e-05	5.2
137.646	12.5825	-1.50787	-0.0148267	5.2
137.973	12.5405	-1.50788	5.72341e-05	5.2
138.298	12.4995	-1.50788	0.0126824	5.2
138.61	12.4678	-1.50788	5.40582e-05	5.2
138.934	12.4275	-1.50788	0.0126822	5.2
139.244	12.3965	-1.50788	5.13183e-05	5.2
139.566	12.3568	-1.50788	0.0126821	5.2
139.887	12.3239	-1.50788	3.70465e-05	5.2
140.195	12.2912	-1.50788	-5.76742e-05	5.2
140.538	12.2498	-1.50788	0.0126827	5.2
140.881	12.2164	-1.50788	5.93677e-05	5.2
141.198	12.1784	-1.50788	0.0126825	5.2
141.527	12.1432	-1.50788	0.0126824	5.2
141.842	12.1178	-1.50787	-0.0146944	5.2
142.169	12.0833	-1.50787	-0.0146856	5.2
142.47	12.0435	-1.50788	0.0126821	5.2
142.807	12.0122	-1.50788	4.99243e-05	5.2
143.119	11.9761	-1.50788	0.012682	5.2
143.418	11.9491	-1.50788	3.0602e-05	5.2
143.752	11.9193	-1.50787	-0.0146275	5.2
144.049	11.881	-1.50788	0.0126826	5.2
144.37	11.8487	-1.50788	0.0126825	5.2
144.701	11.8193	-1.50788	5.60643e-05	5.2
145.008	11.7851	-1.50788	0.0126823	5.2
145.326	11.7537	-1.50788	0.0126822	5.2
145.631	11.7319	-1.50787	-0.014582	5.2
145.924	11.6953	-1.50788	0.0126821	5.2
146.251	11.6675	-1.50788	4.88673e-05	5.2
146.543	11.644	-1.50787	-0.0243109	5.2
146.868	11.6086	-1.50788	-5.7431e-05	5.2
147.158	11.5811	-1.50788	6.09428e-05	5.2
147.482	11.5551	-1.50787	-0.0145217	5.2
147.77	11.5201	-1.50788	0.0126824	5.2
148.069	11.5005	-1.50787	-0.0145086	5.2
148.356	11.466	-1.50788	0.0126823	5.2
148.654	11.447	-1.50787	-0.0144954	5.2
148.94	11.413	-1.50788	0.0126821	5.2
149.237	11.3944	-1.50787	-0.0144819	5.2
149.555	11.3579	-1.50788	0.012682	5.2
149.839	11.3352	-1.50788	-0.000411962	5.2
150.122	11.3078	-1.50788	0.0126793	5.2
150.404	11.2869	-1.50788	6.0745e-05	5.2
150.697	11.2577	-1.50788	0.0126825	5.2
150.99	11.2406	-1.50787	-0.0144281	5.2
151.27	11.2085	-1.50788	0.0126823	5.2
151.55	11.1885	-1.50788	5.35917e-05	5.2
151.863	11.1665	-1.50787	-0.0144101	5.2
152.153	11.1379	-1.50788	5.05741e-05	5.2
152.431	11.1192	-1.50787	-0.0143981	5.2
152.72	11.0911	-1.50788	4.81329e-05	5.2
152.997	11.0727	-1.50787	-0.014386	5.2
153.273	11.046	-1.50788	2.24119e-05	5.2
153.56	11.0229	-1.50788	6.10342e-05	5.2
153.847	10.9963	-1.50788	0.0126826	5.2
154.154	10.9756	-1.50788	5.69081e-05	5.2
154.428	10.9584	-1.50787	-0.0143429	5.2
154.724	10.9353	-1.50787	-0.0143374	5.2
155.008	10.909	-1.50788	5.19641e-05	5.2
155.28	10.8924	-1.50787	-0.0143268	5.2
155.585	10.8611	-1.50788	0.012682	5.2
155.856	10.8444	-1.50788	4.80273e-05	5.2
156.127	10.8283	-1.50787	-0.0143104	5.2
156.43	10.8015	-1.50788	2.65728e-05	5.2
156.721	10.78	-1.50788	6.15224e-05	5.2
157.001	10.7557	-1.50788	0.0126826	5.2
157.302	10.7376	-1.50788	5.69783e-05	5.2
157.57	10.7226	-1.50787	-0.0142692	5.2
157.849	10.6984	-1.50788	5.35785e-05	5.2
158.116	10.6838	-1.50787	-0.01426	5.2
158.414	10.6547	-1.50788	0.0126821	5.2
158.713	10.6377	-1.50788	4.91111e-05	5.2
159	10.6179	-1.50788	4.78441e-05	5.2
159.297	10.6018	-1.50787	-0.0142393	5.2
159.561	10.5838	-1.50787	-0.0141941	5.2
159.857	10.5559	-1.50788	0.0126827	5.2
160.121	10.542	-1.50788	5.93026e-05	5.2
160.395	10.5202	-1.50788	0.0126825	5.2
160.658	10.5067	-1.50788	5.5558e-05	5.2
160.931	10.4851	-1.50788	0.0126823	5.2
161.203	10.4755	-1.50787	-0.0141936	5.2
161.465	10.4508	-1.50788	0.0126821	5.2
161.747	10.4329	-1.50788	0.012682	5.2
162.028	10.4151	-1.50788	0.012682	5.2
162.32	10.4007	-1.50788	4.68614e-05	5.2
162.579	10.3889	-1.50787	-0.0141719	5.2
162.849	10.3681	-1.50788	3.81585e-05	5.2
163.119	10.356	-1.50787	-0.014147	5.2
163.388	10.3355	-1.50788	5.8369e-05	5.2
163.666	10.3189	-1.50788	5.63707e-05	5.2
163.924	10.3078	-1.50787	-0.014137	5.2
164.192	10.2879	-1.50788	5.29879e-05	5.2
164.449	10.2772	-1.50787	-0.01413	5.2
164.705	10.2544	-1.50788	0.0126821	5.2
164.982	10.2385	-1.50788	0.012682	5.2
165.248	10.2315	-1.50787	-0.0141188	5.2
165.524	10.216	-1.50787	-0.0141149	5.2
165.789	10.197	-1.50788	4.52877e-05	5.2
166.044	10.1792	-1.50788	0.012679	5.2
166.319	10.1641	-1.50788	0.0126826	5.2
166.583	10.1578	-1.50787	-0.0140845	5.2
166.837	10.1362	-1.50788	0.0126824	5.2
167.12	10.1249	-1.50788	5.40669e-05	5.2
167.373	10.1158	-1.50787	-0.0140756	5.2
167.636	10.0979	-1.50788	5.09717e-05	5.2
167.888	10.089	-1.50787	-0.0140694	5.2
168.15	10.0714	-1.50788	4.83074e-05	5.2
168.402	10.0628	-1.50787	-0.014063	5.2
168.663	10.0455	-1.50788	4.6018e-05	5.2
168.914	10.0372	-1.50787	-0.0140563	5.2
169.195	10.0191	-1.50788	5.91671e-05	5.2
169.465	10.0059	-1.50788	5.95839e-05	5.2
169.725	9.98951	-1.50788	0.0126825	5.2
169.985	9.98502	-1.50787	-0.0140283	5.2
170.254	9.97223	-1.50787	-0.0140257	5.2
170.533	9.95116	-1.50788	0.0126822	5.2
170.792	9.94707	-1.50787	-0.0140202	5.2
171.05	9.93097	-1.50788	4.91669e-05	5.2
171.318	9.91875	-1.50788	4.78312e-05	5.2
171.586	9.90666	-1.50788	4.65986e-05	5.2
171.843	9.89138	-1.50788	0.0126818	5.2
172.1	9.888	-1.50787	-0.0244012	5.2
172.347	9.8729	-1.50788	6.29988e-05	5.2
172.614	9.86134	-1.50788	5.91507e-05	5.2
172.87	9.84656	-1.50788	0.0126825	5.2
173.136	9.83525	-1.50788	0.0126823	5.2
173.392	9.83243	-1.50787	-0.0139774	5.2
173.647	9.8176	-1.50788	5.18195e-05	5.2
173.892	9.81165	-1.50787	-0.013973	5.2
174.147	9.79706	-1.50788	4.89881e-05	5.2
174.402	9.78299	-1.50788	0.0126819	5.2
174.656	9.78075	-1.50787	-0.0139657	5.2
174.91	9.76651	-1.50788	4.54075e-05	5.2
175.164	9.75279	-1.50788	0.0126818	5.2
175.408	9.74701	-1.50788	-1.56536e-05	5.2
175.661	9.73731	-1.50788	7.29096e-05	5.2
175.904	9.73223	-1.50787	-0.0139256	5.2
176.157	9.71854	-1.50788	6.70255e-05	5.2
176.41	9.70537	-1.50788	0.0126828	5.2
176.652	9.70019	-1.50788	6.20025e-05	5.2
176.895	9.69551	-1.50787	-0.0139219	5.2
177.156	9.68607	-1.50787	-0.0139205	5.2
177.417	9.67674	-1.50787	-0.013919	5.2
177.659	9.66028	-1.50788	0.0126823	5.2
177.91	9.65943	-1.50787	-0.0139159	5.2
178.161	9.64659	-1.50788	5.06146e-05	5.2
178.402	9.64251	-1.50787	-0.0139124	5.2
178.672	9.62547	-1.50788	0.0126819	5.2
178.922	9.62502	-1.50787	-0.0139083	5.2
179.172	9.6126	-1.50788	4.54666e-05	5.2
179.432	9.60412	-1.50788	4.43866e-05	5.2
179.672	9.59617	-1.50788	0.000168046	5.2
179.94	9.58773	-1.50788	7.43497e-05	5.2
180.209	9.58342	-1.50787	-0.0138694	5.2
180.448	9.56803	-1.50788	0.012683	5.2
180.697	9.56827	-1.50787	-0.0138689	5.2
180.936	9.55306	-1.50788	0.0126827	5.2
181.184	9.55348	-1.50787	-0.0138677	5.2
181.423	9.53845	-1.50788	0.0126825	5.2
181.671	9.53905	-1.50787	-0.013866	5.2
181.919	9.52768	-1.50788	5.42523e-05	5.2
182.176	9.52027	-1.50788	5.24698e-05	5.2
182.414	9.51764	-1.50787	-0.0138625	5.2
182.661	9.50654	-1.50788	4.94742e-05	5.2
182.898	9.50408	-1.50787	-0.0138598	5.2
183.136	9.48964	-1.50788	0.0126819	5.2
183.392	9.48268	-1.50788	0.0126818	5.2
183.629	9.48009	-1.50788	4.47058e-05	5.2
183.866	9.47794	-1.50787	-0.0138535	5.2
184.122	9.46332	-1.50788	0.0126794	5.2
184.377	9.45671	-1.50788	0.0126825	5.2
184.623	9.45833	-1.50787	-0.0138329	5.2
184.859	9.44446	-1.50788	0.0126823	5.2
185.096	9.44234	-1.50788	5.31779e-05	5.2
185.341	9.43253	-1.50788	0.0126821	5.2
185.586	9.43447	-1.50787	-0.0138294	5.2
185.831	9.42444	-1.50788	4.86316e-05	5.2
186.086	9.41842	-1.50788	4.7286e-05	5.2
186.331	9.40893	-1.50788	0.0126818	5.2
186.594	9.40661	-1.50788	4.48989e-05	5.2
186.838	9.39728	-1.50788	0.0126817	5.2
187.064	9.39597	-1.50788	-2.12798e-05	5.2
187.308	9.38676	-1.50788	0.0126826	5.2
187.571	9.38477	-1.50788	5.73524e-05	5.2
187.824	9.3793	-1.50788	5.53428e-05	5.2
188.087	9.37784	-1.50787	-0.0138016	5.2
188.34	9.37253	-1.50787	-0.0138009	5.2
188.574	9.35979	-1.50788	0.0126821	5.2
188.818	9.36271	-1.50787	-0.0137993	5.2
189.051	9.3501	-1.50788	0.0126819	5.2
189.295	9.35316	-1.50787	-0.0137974	5.2
189.538	9.34427	-1.50788	4.51749e-05	5.2
189.771	9.34388	-1.50787	-0.0137952	5.2
190.005	9.32909	-1.50788	0.0134601	5.2
190.266	9.33448	-1.50787	-0.0137739	5.2
190.508	9.32587	-1.50788	5.81884e-05	5.2
190.741	9.32573	-1.50787	-0.013775	5.2
190.974	9.31365	-1.50788	0.0126823	5.2
191.235	9.31279	-1.50788	5.25904e-05	5.2
191.468	9.31284	-1.50787	-0.0137739	5.2
191.729	9.30047	-1.50788	0.012682	5.2
191.961	9.30029	-1.50788	4.81236e-05	5.2
192.194	9.30052	-1.50787	-0.0137718	5.2
192.454	9.28836	-1.50788	0.0126818	5.2
192.705	9.2843	-1.50788	0.0126818	5.2
192.946	9.28833	-1.50787	-0.013769	5.2
193.197	9.28021	-1.50788	3.60285e-05	5.2
193.429	9.27668	-1.50788	5.92094e-05	5.2
193.67	9.26925	-1.50788	0.0126824	5.2
193.902	9.26954	-1.50788	5.5188e-05	5.2
194.152	9.26586	-1.50788	5.33236e-05	5.2
194.411	9.26622	-1.50787	-0.0137498	5.2
194.671	9.25465	-1.50788	0.0126821	5.2
194.911	9.25916	-1.50787	-0.013749	5.2
195.143	9.24811	-1.50788	0.0126819	5.2
195.374	9.24874	-1.50788	4.60512e-05	5.2
