0	0.5	5.5	1.4	0
-0.00159643	-0.0938171	-0.104233	-0.249062	-0
-0.00486893	-0.130328	-0.11327	-0.369999	0.670229
-0.008032	-0.125932	-0.122805	-0.398842	3.66412
-0.00945674	0.0191128	-0.129704	-0.124483	3.96983
-0.00650833	0.192958	-0.128384	0.210161	2.21561
-0.000329246	0.274264	-0.120955	0.345635	-0.0491693
0.00644564	0.220977	-0.113585	0.187793	-1.07334
0.0109378	0.127986	-0.111961	-0.0538142	0.0123787
0.0138552	0.0908098	-0.115147	-0.175031	1.63062
0.0168331	0.138171	-0.11888	-0.111036	2.49109
0.0214475	0.227486	-0.119623	0.0455041	2.1159
0.028357	0.3007	-0.116806	0.165596	1.09453
0.0365186	0.323425	-0.112277	0.176496	-0.278081
0.0445115	0.266202	-0.109677	0.0123023	-0.422638
0.0506482	0.20799	-0.111578	-0.152484	1.53416
0.0566894	0.245936	-0.115317	-0.109352	2.39823
0.063942	0.330978	-0.116125	0.0390195	2.16302
0.0740105	0.410772	-0.113162	0.173233	1.31603
0.0851703	0.444538	-0.108118	0.209604	-0.242096
0.0957802	0.374482	-0.105233	0.0201942	-0.683918
0.104551	0.302971	-0.107304	-0.172239	1.56022
0.112567	0.341976	-0.111104	-0.122433	3.76245
0.123884	0.499467	-0.110397	0.183139	3.26237
0.138702	0.634899	-0.10212	0.443373	-0.256256
0.155292	0.57273	-0.0918447	0.273087	-3.29411
0.167621	0.374999	-0.0907707	-0.190708	-1.43835
0.175694	0.258509	-0.0998294	-0.478	3.90918
0.183966	0.399514	-0.109337	-0.20493	4.64303
0.197124	0.605962	-0.109102	0.209754	4.32855
0.215467	0.797622	-0.0984697	0.593813	-0.427445
0.235973	0.74485	-0.08397	0.447156	-4.91398
0.252375	0.462576	-0.0804269	-0.199869	-3.3714
0.261485	0.25067	-0.0923962	-0.693188	4.03756
0.268945	0.369468	-0.108808	-0.467505	5.2
0.281723	0.60522	-0.114531	0.0104175	5.2
0.300629	0.840036	-0.10784	0.486354	2.10781
0.32483	0.934172	-0.0918882	0.656926	-3.43965
0.346291	0.760261	-0.0799862	0.247962	-5.2
0.362089	0.460641	-0.0825997	-0.435708	-0.980409
0.372554	0.344333	-0.0991181	-0.722453	5.2
0.383792	0.545131	-0.11338	-0.319245	5.2
0.401934	0.789064	-0.115071	0.174141	5.2
0.426615	1.0321	-0.103526	0.667149	0.33798
0.453858	1.0402	-0.0857351	0.652457	-5.2
0.477499	0.762283	-0.0766055	0.0162589	-5.2
0.494067	0.433353	-0.0870327	-0.733872	1.83074
0.504772	0.438712	-0.107779	-0.755495	5.2
0.519585	0.665795	-0.122243	-0.299418	5.2
0.539124	0.88787	-0.123919	0.146138	5.2
0.567572	1.13569	-0.112619	0.644712	0.901221
0.596543	1.16313	-0.0956923	0.670437	-4.85942
0.624831	0.903954	-0.0848671	0.0711771	-5.2
0.644176	0.596021	-0.0925202	-0.633098	1.48353
0.659785	0.574903	-0.113142	-0.71718	5.2
0.678354	0.803953	-0.126425	-0.258544	5.2
0.702349	1.03255	-0.126964	0.198329	5.2
0.733541	1.26962	-0.114973	0.673924	0.541347
0.76697	1.28072	-0.0970361	0.6619	-4.98366
0.796956	1.00984	-0.0875088	0.0375361	-5.01829
0.819857	0.698504	-0.0964967	-0.676425	2.0727
0.836793	0.706479	-0.115001	-0.693741	5.2
0.858053	0.928981	-0.12726	-0.248295	5.2
0.886451	1.16531	-0.127342	0.223591	5.2
0.918421	1.38396	-0.116073	0.661863	0.445562
0.956152	1.38923	-0.0979522	0.635347	-4.64987
0.990225	1.12107	-0.0887894	0.015401	-4.51915
1.01732	0.825555	-0.098243	-0.665595	2.52286
1.03864	0.862002	-0.116348	-0.622491	5.2
1.0651	1.09525	-0.126778	-0.15528	5.2
1.09665	1.32233	-0.12468	0.298626	4.98244
1.13395	1.53618	-0.111084	0.727715	-0.242184
1.1751	1.45817	-0.0927093	0.519134	-5.2
1.21063	1.16168	-0.0875414	-0.161697	-3.05838
1.23699	0.963365	-0.0978459	-0.626097	3.68671
1.2636	1.0586	-0.113958	-0.455202	5.2
1.29413	1.28547	-0.119736	0.00141977	5.2
1.33065	1.51463	-0.113471	0.463073	3.29307
1.37355	1.65468	-0.0971164	0.732096	-2.06389
1.41531	1.53377	-0.0812653	0.436906	-5.2
1.45264	1.22809	-0.0788052	-0.260649	-2.06911
1.48304	1.05257	-0.0923004	-0.675161	5.2
1.51096	1.22277	-0.10607	-0.335107	5.2
1.54592	1.45699	-0.108334	0.141082	5.2
1.58864	1.69904	-0.0976358	0.634306	1.74882
1.63387	1.76608	-0.0792605	0.750741	-4.0357
1.67912	1.55475	-0.06469	0.262346	-5.2
1.7142	1.26158	-0.0667245	-0.401341	-0.0983618
1.74585	1.11582	-0.0831891	-0.747073	5.2
1.77706	1.31414	-0.0982006	-0.343776	5.2
1.81444	1.55099	-0.100574	0.140933	5.2
1.85974	1.79568	-0.0897586	0.642842	1.79665
1.9094	1.86943	-0.0702289	0.775814	-4.07847
1.95554	1.65687	-0.0557647	0.288606	-5.2
1.99318	1.36539	-0.0570635	-0.368487	-0.363309
2.02969	1.19401	-0.0748867	-0.76892	5.2
2.06465	1.41572	-0.0900772	-0.312594	5.2
2.1047	1.65528	-0.0915211	0.181106	5.2
2.15096	1.89395	-0.0801693	0.674397	1.3724
2.19934	1.95407	-0.0613611	0.783222	-4.41776
2.24745	1.725	-0.0471752	0.262197	-5.2
2.2882	1.42229	-0.0495504	-0.41757	-0.0285477
2.32288	1.2757	-0.0657131	-0.758359	5.2
2.35865	1.49353	-0.080057	-0.306021	5.2
2.40077	1.73661	-0.081178	0.198986	5.2
2.45317	1.99764	-0.067738	0.743229	1.16031
2.50392	2.04513	-0.0476519	0.82815	-5.2
2.55436	1.79879	-0.0323118	0.274559	-5.2
2.59858	1.48889	-0.0345894	-0.416436	-0.22892
2.63618	1.33192	-0.0517173	-0.77567	5.2
2.67343	1.55244	-0.066416	-0.31259	5.2
2.71896	1.80992	-0.0672694	0.227909	5.2
2.77142	2.06668	-0.0535626	0.76895	0.762615
2.82587	2.10225	-0.0322143	0.832079	-5.2
2.8774	1.84072	-0.0175589	0.250242	-5.2
2.92282	1.53544	-0.0202792	-0.425601	-0.0368237
2.96047	1.39053	-0.0364369	-0.752841	5.2
3.00063	1.61395	-0.0512347	-0.278718	5.2
3.04602	1.86738	-0.0512028	0.259278	5.2
3.09798	2.12025	-0.0372042	0.798297	0.267376
3.15604	2.14932	-0.0140157	0.852766	-5.2
3.21062	1.87667	0.00138715	0.252771	-5.2
3.25709	1.57767	-0.00097815	-0.402591	-0.241318
3.29445	1.43981	-0.0156283	-0.707482	5.2
3.33205	1.61913	-0.0298863	-0.321815	5.2
3.37958	1.89025	-0.0303846	0.261833	5.2
3.43655	2.16696	-0.0143036	0.861521	0.0444208
3.49352	2.18733	0.00940793	0.903714	-5.2
3.54725	1.93087	0.0260797	0.347515	-5.2
3.59531	1.64053	0.0266611	-0.279617	-1.57123
3.6373	1.49839	0.0141715	-0.583906	5.2
3.67701	1.71239	0.00456482	-0.111659	5.2
3.72522	1.98489	0.00976469	0.488134	3.92937
3.77964	2.19174	0.0286999	0.948052	-3.01171
3.83768	2.07088	0.0519766	0.697492	-5.2
3.88799	1.80578	0.0626397	0.136053	-5.2
3.92981	1.55009	0.0590101	-0.404313	0.431158
3.96951	1.54176	0.0474413	-0.404436	5.2
4.01287	1.80398	0.0443027	0.185772	5.2
4.06361	2.08809	0.0577651	0.825686	0.0315839
4.11899	2.13796	0.0819332	0.95888	-5.2
4.17178	1.90743	0.101134	0.485469	-5.2
4.21961	1.64653	0.106726	-0.0488648	-4.12814
4.25975	1.45166	0.100096	-0.440192	1.96348
4.29924	1.52166	0.0893269	-0.253545	5.2
4.34254	1.80801	0.0913194	0.403941	4.42852
4.39512	2.07499	0.110957	1.0241	-3.1823
4.44869	1.99652	0.137303	0.89536	-5.2
4.49924	1.7545	0.15486	0.41843	-5.2
4.54022	1.53404	0.159704	-0.0116612	-4.16732
4.57765	1.35615	0.154758	-0.346691	0.750237
4.61318	1.40453	0.147038	-0.189852	4.59023
4.65309	1.66843	0.150175	0.43687	2.85677
4.70095	1.86596	0.168884	0.924614	-4.46331
4.75	1.72826	0.191836	0.688698	-5.2
4.79352	1.50557	0.204558	0.273669	-5.2
4.82985	1.29769	0.206487	-0.109243	-3.43333
4.86293	1.16613	0.200278	-0.324039	1.06032
4.89635	1.24859	0.193919	-0.07256	3.54521
4.93181	1.47671	0.199466	0.490911	0.68176
4.97166	1.57533	0.216346	0.776443	-5.2
5.01072	1.40623	0.233428	0.485602	-5.2
5.04463	1.21067	0.241373	0.141356	-5.2
5.07453	1.0117	0.24032	-0.205922	-2.43513
5.10163	0.939095	0.233148	-0.277242	1.42174
5.12848	1.06208	0.230033	0.0712502	2.26682
5.15848	1.23943	0.23815	0.535739	-1.66573
5.18961	1.23424	0.252892	0.604777	-5.2
5.22067	1.0579	0.265572	0.313983	-5.2
5.24572	0.877027	0.269649	0.0127356	-5.2
5.2668	0.691313	0.26568	-0.295399	-1.67614
5.28349	0.66257	0.258117	-0.272401	1.73646
5.30252	0.808117	0.256123	0.130012	1.49919
5.32648	0.960143	0.265555	0.551172	-3.23905
5.35196	0.903209	0.280825	0.524356	-5.2
5.37245	0.739644	0.290621	0.263755	-5.2
5.38939	0.570199	0.293853	-0.00361836	-5.2
5.40235	0.395951	0.28992	-0.277617	-2.1844
5.41235	0.357977	0.282339	-0.259198	0.820631
5.42302	0.468762	0.279847	0.0753526	0.62363
5.43728	0.582804	0.286738	0.421377	-3.31322
5.45122	0.521465	0.297138	0.383885	-5.2
5.46302	0.354909	0.304068	0.129844	-5.2
5.47006	0.192646	0.304095	-0.117656	-4.61806
5.47329	0.052644	0.298154	-0.314159	-1.53061
5.47446	0.0500658	0.290897	-0.220177	0.650872
5.47721	0.161375	0.289618	0.118296	-0.398312
5.48222	0.222324	0.295792	0.348786	-4.58149
5.48662	0.104836	0.303246	0.196306	-5.2
5.48713	-0.061461	0.305025	-0.0560007	-5.2
5.4836	-0.215113	0.300591	-0.28932	-2.62463
5.4769	-0.267732	0.292307	-0.29893	-0.0770346
5.47074	-0.198028	0.287597	-0.0504682	0.046779
5.4667	-0.105454	0.290474	0.250787	-2.7402
5.46337	-0.146327	0.297644	0.265533	-5.2
5.45755	-0.30119	0.301554	0.0322313	-5.2
5.44756	-0.460484	0.299112	-0.210353	-4.39201
5.43393	-0.582939	0.291391	-0.375085	-1.36145
5.41676	-0.581701	0.281553	-0.264461	0.491761
5.40322	-0.464059	0.279382	0.0845465	-0.720869
5.39193	-0.409982	0.284547	0.296566	-4.95295
5.37965	-0.544739	0.290067	0.102185	-5.2
5.36259	-0.712487	0.289171	-0.158934	-5.2
5.34188	-0.874551	0.281611	-0.41289	-2.21651
5.31772	-0.90522	0.270626	-0.382265	0.608493
5.29582	-0.776186	0.26543	-0.0124229	0.312618
5.27734	-0.652392	0.270014	0.345936	-4.1271
5.26005	-0.744103	0.277713	0.236309	-5.2
5.23856	-0.905694	0.280487	-0.0191927	-5.2
5.2128	-1.06928	0.276474	-0.27916	-4.41181
5.18327	-1.1969	0.266702	-0.463583	-1.21973
5.1534	-1.18329	0.256303	-0.349017	0.888068
5.12441	-1.04231	0.252233	0.0424193	-0.35161
5.09824	-0.974884	0.256525	0.27435	-4.98119
5.07035	-1.11219	0.261808	0.067596	-5.2
5.03659	-1.29365	0.259384	-0.230935	-5.2
5.00066	-1.4638	0.249562	-0.513699	-1.9248
4.96209	-1.48986	0.236185	-0.487824	1.2658
4.9237	-1.33938	0.228137	-0.0794214	1.06047
4.89102	-1.18339	0.231779	0.337107	-3.7107
4.85819	-1.2675	0.240145	0.237287	-5.2
4.82147	-1.44771	0.242324	-0.0693254	-5.2
4.78147	-1.62283	0.236478	-0.368576	-4.14937
4.73931	-1.74455	0.224762	-0.557776	-0.568734
4.69412	-1.71456	0.211615	-0.418491	1.67262
4.65021	-1.53763	0.206527	0.0398521	0.154337
4.61221	-1.38573	0.212831	0.44123	-5.16113
4.57444	-1.53912	0.221531	0.181089	-5.2
4.5354	-1.70712	0.222169	-0.115052	-5.2
4.48286	-1.90989	0.213454	-0.473677	-3.75499
4.43365	-2.02036	0.199294	-0.646599	0.500938
4.38243	-1.88096	0.186196	-0.27745	2.59607
4.33627	-1.67712	0.185822	0.229638	-1.48367
4.29316	-1.65996	0.193735	0.331187	-5.2
4.24776	-1.83785	0.19836	0.0099668	-5.2
4.19538	-2.03499	0.193576	-0.350569	-5.16084
4.13991	-2.22506	0.179728	-0.701283	-0.94265
4.08169	-2.23026	0.161466	-0.654364	3.14649
4.02417	-2.01725	0.150429	-0.134374	2.76848
3.97456	-1.80899	0.153828	0.371807	-3.14484
3.92343	-1.87417	0.164062	0.285713	-5.2
3.87206	-2.07333	0.166521	-0.091231	-5.2
3.81544	-2.27471	0.158956	-0.475564	-3.93256
3.75438	-2.41553	0.143081	-0.731551	0.554498
3.6928	-2.27389	0.127339	-0.375861	3.62211
3.63489	-2.02183	0.125422	0.219604	-0.300008
3.58165	-1.95074	0.134953	0.420801	-5.2
3.52436	-2.15523	0.14165	0.0244068	-5.2
3.46311	-2.37379	0.136301	-0.404265	-5.17509
3.39595	-2.59352	0.1193	-0.839264	-0.206968
3.3259	-2.57415	0.0970962	-0.758269	4.92102
3.25994	-2.29082	0.0848085	-0.105901	4.21081
3.20204	-2.01069	0.091046	0.538319	-3.16012
3.1498	-2.06196	0.105601	0.459542	-5.2
3.09338	-2.27743	0.111896	0.0249015	-5.2
3.02615	-2.51599	0.105593	-0.457295	-5.0333
2.9551	-2.73975	0.086868	-0.912787	0.554241
2.88243	-2.58715	0.0654481	-0.551417	5.2
2.81678	-2.27485	0.0600561	0.154852	2.0246
2.75862	-2.06212	0.0717199	0.643993	-5.2
2.70331	-2.23621	0.0851424	0.289308	-5.2
2.64204	-2.4679	0.0861915	-0.189073	-5.2
2.57476	-2.69887	0.0748116	-0.667505	-2.43539
2.50321	-2.79467	0.054705	-0.855153	3.16215
2.43272	-2.6035	0.0374353	-0.420462	5.2
2.37131	-2.31463	0.0351255	0.22448	0.717203
2.31015	-2.08958	0.0496498	0.733087	-5.2
2.25348	-2.29572	0.0638567	0.30067	-5.2
2.188	-2.54457	0.0646417	-0.22191	-5.2
2.11583	-2.79277	0.0513201	-0.745109	-1.91162
2.04201	-2.87228	0.0294684	-0.905357	4.22299
1.96685	-2.66118	0.0103249	-0.435481	5.2
1.89935	-2.35009	0.00816419	0.249762	1.11613
1.84108	-2.15745	0.020954	0.676985	-5.2
1.78273	-2.36393	0.0337504	0.233651	-5.2
1.71788	-2.61452	0.0325472	-0.304372	-5.2
1.6494	-2.85517	0.0181797	-0.823497	-0.65942
1.57159	-2.88853	-0.00561831	-0.894258	5.2
1.4996	-2.62918	-0.0221192	-0.330342	5.2
1.43283	-2.32926	-0.021922	0.319344	0.202816
1.37495	-2.14772	-0.00778956	0.712211	-5.2
1.31436	-2.37336	0.00576082	0.217194	-5.2
1.24913	-2.63392	0.00370312	-0.352387	-5.2
1.17714	-2.89411	-0.0131912	-0.924299	0.239868
1.0994	-2.79	-0.0374254	-0.705061	5.2
1.03292	-2.52947	-0.0480727	-0.147921	4.73062
0.970638	-2.27371	-0.0444962	0.396893	-1.55148
0.911766	-2.29958	-0.0338081	0.326908	-5.2
0.846252	-2.56218	-0.0326507	-0.260282	-5.2
0.778798	-2.8237	-0.0467941	-0.846407	-0.242721
0.704364	-2.87025	-0.0713325	-0.968629	4.93321
0.632521	-2.6417	-0.090815	-0.495748	5.2
0.56031	-2.34928	-0.0960994	0.109009	2.41096
0.499422	-2.18433	-0.088035	0.437697	-3.86416
0.43883	-2.34887	-0.0801593	0.0478657	-5.2
0.368646	-2.65519	-0.0889423	-0.653621	-3.29581
0.291299	-2.85879	-0.114383	-1.13667	4.89193
0.221249	-2.69867	-0.140274	-0.828802	5.2
0.149481	-2.43798	-0.155996	-0.313623	5.2
0.084905	-2.18432	-0.157556	0.183017	1.76256
0.0300743	-2.05568	-0.149205	0.411949	-3.84266
-0.0233694	-2.24371	-0.144002	-0.0464838	-5.2
-0.0933414	-2.57462	-0.156924	-0.825979	-1.29361
-0.164691	-2.69203	-0.184109	-1.14304	5.2
-0.23516	-2.50059	-0.211166	-0.796788	5.2
-0.299548	-2.27887	-0.226975	-0.391905	5.2
-0.353936	-2.08094	-0.232136	-0.0364042	3.29055
-0.406318	-1.96232	-0.23039	0.143255	0.360982
-0.459959	-1.87978	-0.224741	0.23981	-2.21838
-0.512933	-2.04547	-0.224192	-0.198987	-3.37459
-0.573641	-2.28334	-0.238464	-0.800215	1.64327
-0.635045	-2.23039	-0.260801	-0.773969	5.2
-0.684563	-2.07242	-0.275732	-0.512493	5.2
-0.737813	-1.88032	-0.285107	-0.195369	5.2
-0.787639	-1.68605	-0.285979	0.120873	2.48258
-0.8336	-1.61469	-0.281383	0.172118	-0.935662
-0.876603	-1.70873	-0.280393	-0.125967	-1.48938
-0.926686	-1.86199	-0.290275	-0.56111	1.87955
-0.976734	-1.82954	-0.306428	-0.596146	5.2
-1.02222	-1.6677	-0.318889	-0.353024	5.2
-1.06483	-1.4952	-0.324782	-0.0942026	5.2
-1.10149	-1.33192	-0.323954	0.148035	2.28626
-1.13651	-1.28152	-0.319495	0.144009	-0.319289
-1.1722	-1.36969	-0.31951	-0.157654	-0.242751
-1.21051	-1.46429	-0.328229	-0.474814	3.22085
-1.24933	-1.40354	-0.341173	-0.461694	5.2
-1.28129	-1.26271	-0.349906	-0.266821	5.2
-1.31316	-1.10434	-0.354064	-0.0500361	5.2
-1.34079	-0.94809	-0.352445	0.1617	2.65102
-1.36562	-0.902389	-0.348137	0.137304	0.399233
-1.38924	-0.921408	-0.346473	-0.0204244	0.711325
-1.41453	-0.950432	-0.349623	-0.204377	2.49828
-1.43983	-0.923781	-0.356112	-0.270586	5.12691
-1.46204	-0.784685	-0.360898	-0.0930237	5.2
-1.48047	-0.638862	-0.360732	0.0981539	3.83008
-1.49643	-0.54954	-0.357069	0.164217	1.69462
-1.51122	-0.554178	-0.354262	0.0299963	1.01472
-1.52732	-0.598057	-0.356554	-0.192865	2.53415
-1.54257	-0.574363	-0.362554	-0.263096	5.2
-1.55669	-0.430371	-0.367655	-0.0869554	5.2
-1.56597	-0.288935	-0.36749	0.0923333	4.08917
-1.5722	-0.196142	-0.364006	0.168059	2.3429
-1.57721	-0.171959	-0.360154	0.0887205	1.56701
-1.58229	-0.193221	-0.360131	-0.0872535	2.47722
-1.58724	-0.174128	-0.363696	-0.172712	4.9245
-1.59027	-0.0417321	-0.366499	-0.0213033	5.2
-1.58938	0.102941	-0.364525	0.160962	4.25854
-1.58535	0.201578	-0.359084	0.250587	2.09358
-1.57964	0.211684	-0.353477	0.147753	1.13726
-1.57466	0.170874	-0.352351	-0.0584747	2.28822
-1.57012	0.179142	-0.35528	-0.159693	5.09841
-1.56392	0.303964	-0.357741	-0.0118613	5.2
-1.55368	0.449564	-0.355435	0.175861	4.70916
-1.54149	0.56034	-0.349571	0.304011	2.33145
-1.52767	0.580872	-0.342812	0.242984	0.941586
-1.51092	0.52976	-0.339095	-0.00164269	1.61728
-1.4969	0.509358	-0.341404	-0.164279	4.78205
-1.48158	0.629639	-0.344154	-0.0255921	5.2
-1.46251	0.777825	-0.342073	0.17289	5.2
-1.44127	0.915991	-0.335308	0.360136	2.85568
-1.4167	0.962914	-0.325816	0.349579	1.26113
-1.39019	0.928303	-0.318674	0.158165	0.753
-1.3677	0.872663	-0.317593	-0.0646185	2.91517
-1.34373	0.908902	-0.320039	-0.0979119	4.84317
-1.3215	1.02284	-0.320574	0.0522206	5.2
-1.29172	1.1775	-0.316062	0.274088	4.6925
-1.2594	1.30439	-0.306651	0.442584	1.85207
-1.22259	1.31244	-0.295206	0.350506	-0.0451059
-1.18917	1.15684	-0.291529	-0.0882089	0.940673
-1.16084	1.11282	-0.296238	-0.27843	5.2
-1.13022	1.25187	-0.301224	-0.0788393	5.2
-1.09418	1.41234	-0.299966	0.16246	5.2
-1.05537	1.56725	-0.292567	0.397045	3.54848
-1.0135	1.64804	-0.281111	0.474682	0.743252
-0.971024	1.60813	-0.270809	0.295103	-0.183224
-0.928369	1.43228	-0.269098	-0.183508	1.76586
-0.8913	1.42482	-0.275492	-0.291407	5.2
-0.850934	1.57531	-0.280633	-0.0631298	5.2
-0.80781	1.73563	-0.278857	0.189435	5.2
-0.760515	1.89662	-0.270471	0.445072	3.53825
-0.710021	1.98226	-0.257516	0.541179	0.432373
-0.658959	1.93296	-0.245599	0.349136	-0.727522
-0.611065	1.74835	-0.242755	-0.133804	1.35447
-0.566	1.72512	-0.248216	-0.266932	5.2
-0.519202	1.88162	-0.252083	-0.0117954	5.2
-0.467992	2.05107	-0.248558	0.271342	5.2
-0.410134	2.22872	-0.237021	0.571515	2.53946
-0.351439	2.27841	-0.221552	0.601569	-0.935922
-0.292204	2.08776	-0.211313	0.110928	-1.39522
-0.240732	1.88315	-0.215522	-0.406167	4.23572
-0.18885	1.98688	-0.22534	-0.257986	5.2
-0.136966	2.15762	-0.227943	0.0396432	5.2
-0.076132	2.34188	-0.222361	0.361164	5.2
-0.0128234	2.52184	-0.208663	0.679385	1.56937
0.0505474	2.53592	-0.191782	0.644468	-2.13955
0.116446	2.32583	-0.180879	0.121101	-1.87702
0.173949	2.1097	-0.185044	-0.411775	4.11935
0.229675	2.20738	-0.194737	-0.263148	5.2
0.289591	2.3953	-0.196976	0.080098	5.2
0.354409	2.58364	-0.190227	0.424924	4.90235
0.4212	2.75327	-0.17555	0.734869	0.849889
0.49028	2.75215	-0.157304	0.677784	-2.7913
0.559187	2.53432	-0.146133	0.150659	-2.29997
0.619691	2.31802	-0.149234	-0.369728	3.68117
0.682981	2.40531	-0.158459	-0.233152	5.2
0.750821	2.61373	-0.15921	0.16614	5.2
0.821504	2.81599	-0.149622	0.555432	3.7634
0.896551	2.95004	-0.131785	0.800283	-0.808411
0.974149	2.75576	-0.11524	0.331805	-3.76291
1.04238	2.5029	-0.114607	-0.260101	1.49495
1.10683	2.48818	-0.123318	-0.332506	5.2
1.17139	2.68141	-0.127016	0.0493707	5.2
1.24399	2.89556	-0.119961	0.475835	4.91792
1.32513	3.1066	-0.101158	0.898238	-0.0366434
1.40453	2.94332	-0.0811597	0.509556	-5.05266
1.47706	2.63958	-0.0770216	-0.182373	-0.796824
1.53993	2.41588	-0.0887854	-0.699237	5.2
1.60708	2.59724	-0.103991	-0.336273	5.2
1.6748	2.81179	-0.106728	0.0990355	5.2
1.7509	3.03351	-0.0980556	0.549541	4.28583
1.83217	3.21112	-0.0788784	0.908064	-0.960055
1.91443	3.05328	-0.0582296	0.538792	-5.2
1.99249	2.73424	-0.0535343	-0.179876	-1.23666
2.05779	2.51296	-0.065015	-0.684005	5.2
2.13052	2.71784	-0.0793929	-0.261672	5.2
2.20433	2.95004	-0.0796803	0.21998	5.2
2.28415	3.18181	-0.0674257	0.702594	2.72377
2.36858	3.29802	-0.0456452	0.937738	-2.93081
2.45551	3.09664	-0.0250854	0.483777	-5.2
2.53199	2.79468	-0.0214586	-0.186031	-0.871336
2.59887	2.57864	-0.0327902	-0.668398	5.2
2.66787	2.7694	-0.0461062	-0.263684	5.2
2.74016	3.00453	-0.0461807	0.236656	5.2
2.82157	3.24846	-0.0329691	0.757763	2.23122
2.91433	3.36043	-0.00784258	0.995525	-3.88294
2.99938	3.1524	0.0130053	0.540272	-5.2
3.08027	2.8496	0.0184127	-0.117984	-1.9022
3.15127	2.63416	0.0086212	-0.585638	5.2
3.22148	2.82074	-0.00283995	-0.175601	5.2
3.29833	3.08031	0.000289623	0.393016	5.2
3.38192	3.3398	0.0182631	0.964947	-0.0404531
3.46789	3.20529	0.0416433	0.680336	-5.2
3.54763	2.93256	0.0516989	0.0984233	-3.8435
3.62082	2.71504	0.0477834	-0.361399	2.72482
3.69201	2.80323	0.0398617	-0.153291	5.2
3.77135	3.07481	0.0439541	0.456567	5.2
3.85498	3.34745	0.0641831	1.07239	-1.3757
3.94126	3.22227	0.0908453	0.824907	-5.2
4.0245	2.9516	0.105409	0.267076	-5.2
4.09506	2.70371	0.105465	-0.241131	0.139067
4.16695	2.66991	0.0970003	-0.279513	5.2
4.23961	2.93236	0.0972678	0.32773	5.2
4.31973	3.21972	0.114815	0.992629	-0.512856
4.40655	3.13104	0.142065	0.844611	-5.2
4.48772	2.88585	0.158305	0.362124	-5.2
4.55956	2.65006	0.161486	-0.0986381	-1.65595
4.62861	2.48683	0.154119	-0.399622	3.49735
4.69266	2.65977	0.148858	0.0272058	5.2
4.76581	2.95762	0.159007	0.729616	2.29766
4.85119	3.12693	0.186026	1.16256	-5.2
4.93077	2.95695	0.213497	0.861189	-5.2
5.00747	2.73486	0.231069	0.456674	-5.2
5.07832	2.52183	0.238057	0.0761149	-4.09531
5.13941	2.37608	0.236724	-0.163537	0.354678
5.20362	2.4128	0.233571	-0.00161841	3.26407
5.26908	2.62223	0.240546	0.533015	1.16793
5.33901	2.74352	0.259378	0.881046	-5.2
5.40894	2.60072	0.280543	0.663857	-5.2
5.47885	2.40161	0.294388	0.338033	-5.2
5.54109	2.21642	0.299357	0.0418348	-3.74661
5.59712	2.10358	0.298346	-0.101362	-0.348498
5.65079	2.03548	0.294849	-0.148697	1.20168
5.70537	2.16139	0.295887	0.222489	1.70131
5.7636	2.31286	0.307476	0.651164	-2.49337
5.82556	2.25789	0.325597	0.644066	-5.2
5.88217	2.09731	0.339373	0.410919	-5.2
5.93454	1.93747	0.34697	0.182915	-5.2
5.98102	1.78721	0.348803	-0.027389	-2.89516
6.0265	1.72488	0.347551	-0.0443253	-0.69487
6.06924	1.69926	0.34709	0.012768	-0.574448
6.11314	1.6787	0.348401	0.0853783	-1.28005
6.15818	1.65827	0.351801	0.163582	-2.16434
6.1994	1.64028	0.356877	0.239437	-3.14219
6.2429	1.58271	0.36342	0.241688	-4.39964
6.28258	1.47271	0.368224	0.128926	-4.62392
6.31927	1.35355	0.369815	-0.00234146	-3.17689
6.35355	1.29279	0.369489	-0.0083424	-1.85125
6.38703	1.29	0.370667	0.109931	-1.86737
6.42196	1.2966	0.375658	0.254211	-3.25373
6.45498	1.24374	0.382517	0.268622	-5.2
6.48662	1.10242	0.387512	0.101006	-5.2
6.51343	0.965102	0.387931	-0.0620556	-3.62655
6.53751	0.894324	0.38592	-0.083249	-1.91811
6.5598	0.895526	0.385307	0.0439056	-1.75494
6.58329	0.911693	0.388658	0.20852	-3.21225
6.60821	0.865361	0.395248	0.25161	-5.2
6.629	0.735737	0.399951	0.108852	-5.2
6.64635	0.604473	0.400814	-0.0363961	-4.61751
6.66061	0.497971	0.398573	-0.129038	-2.87068
6.67344	0.461152	0.395728	-0.0688041	-1.93795
6.68598	0.470701	0.395985	0.089882	-2.65499
6.69795	0.451455	0.399562	0.182719	-4.8118
6.70862	0.339021	0.403216	0.0833634	-5.2
6.7155	0.216255	0.403602	-0.0477102	-5.05351
6.71966	0.0854046	0.400327	-0.180803	-3.337
6.72115	0.0355015	0.395899	-0.153075	-1.96133
6.72218	0.0462679	0.39393	0.0029335	-2.30852
6.72343	0.0459881	0.39596	0.140488	-4.2555
6.72355	-0.0373116	0.399109	0.0967438	-5.2
6.72071	-0.168544	0.399779	-0.0433493	-5.2
6.71462	-0.295177	0.39682	-0.179176	-4.01179
6.70546	-0.376683	0.391378	-0.215075	-2.49891
6.69547	-0.388282	0.387137	-0.108591	-2.14805
6.68544	-0.382265	0.386224	0.0345727	-3.35295
6.67454	-0.427324	0.387803	0.0737451	-5.2
6.66121	-0.557764	0.387877	-0.0691235	-5.2
6.64429	-0.690997	0.383922	-0.218626	-4.26576
6.62511	-0.779646	0.377389	-0.279675	-2.48681
6.60383	-0.792673	0.371179	-0.176404	-1.84419
6.58346	-0.774084	0.36879	-0.0118875	-2.98622
6.56378	-0.801939	0.369359	0.0480568	-5.2
6.5396	-0.932041	0.368937	-0.096509	-5.2
6.51358	-1.06444	0.364275	-0.256423	-4.38542
6.48458	-1.1619	0.35642	-0.343646	-2.39106
6.45298	-1.17392	0.348392	-0.245839	-1.44192
6.42403	-1.14161	0.344567	-0.0640922	-2.5053
6.39309	-1.1534	0.344258	0.0311236	-5.00934
6.36031	-1.27869	0.343278	-0.117636	-5.2
6.32661	-1.41221	0.338057	-0.294008	-4.46316
6.28845	-1.51929	0.328825	-0.41155	-2.19231
6.24714	-1.53174	0.318684	-0.324651	-0.883096
6.20654	-1.47505	0.313109	-0.0917406	-1.81241
6.16984	-1.46248	0.312509	0.0367932	-4.78151
6.1303	-1.58222	0.311625	-0.116086	-5.2
6.08717	-1.73019	0.305727	-0.330926	-4.64073
6.04052	-1.85412	0.294904	-0.496666	-1.89437
5.99033	-1.85659	0.282653	-0.400354	-0.01211
5.94321	-1.76743	0.276009	-0.113064	-1.03084
5.89787	-1.7236	0.27564	0.074865	-4.50378
5.85182	-1.83101	0.276166	-0.0644107	-5.2
5.7981	-2.00156	0.270506	-0.334003	-5.16128
5.74173	-2.16812	0.257765	-0.601668	-1.88635
5.68489	-2.18863	0.242261	-0.561039	1.16704
5.62806	-2.00041	0.233194	-0.0687398	0.817311
5.57882	-1.7988	0.238493	0.448835	-4.85978
5.52915	-1.91467	0.249419	0.28324	-5.2
5.47709	-2.08297	0.252995	0.0031092	-5.2
5.42068	-2.24994	0.249334	-0.274117	-5.2
5.35749	-2.42507	0.237836	-0.568295	-2.91516
5.296	-2.48727	0.22273	-0.627965	0.594407
5.22863	-2.29025	0.211247	-0.120254	1.38284
5.17624	-2.0875	0.214791	0.387375	-4.42361
5.11913	-2.18257	0.224707	0.258023	-5.2
5.06	-2.35889	0.227273	-0.0488116	-5.2
4.9963	-2.53449	0.221882	-0.354463	-5.2
4.93343	-2.69868	0.209776	-0.643792	-1.92843
4.85987	-2.73307	0.191898	-0.64684	1.40144
4.79122	-2.52595	0.181177	-0.132709	1.59501
4.73101	-2.30405	0.185024	0.410615	-4.28307
4.66839	-2.38583	0.196154	0.299607	-5.2
4.60132	-2.57713	0.199441	-0.0475083	-5.2
4.52627	-2.77684	0.192849	-0.41083	-5.2
4.45154	-2.96524	0.177506	-0.758257	-1.32362
4.37413	-2.97499	0.157909	-0.722051	2.73103
4.30234	-2.75431	0.146132	-0.1904	2.48994
4.23403	-2.51365	0.149075	0.385245	-3.53257
4.16851	-2.57235	0.159429	0.30941	-5.2
4.09898	-2.77003	0.162443	-0.0676077	-5.2
4.02725	-2.96137	0.156003	-0.433361	-5.2
3.94754	-3.16327	0.139493	-0.823816	-0.949605
3.86482	-3.17645	0.117635	-0.808399	3.63871
3.78239	-2.91943	0.103669	-0.206954	3.67194
3.70987	-2.66986	0.106178	0.374698	-3.10299
3.63766	-2.72563	0.116556	0.291957	-5.2
3.56399	-2.93703	0.118562	-0.13062	-5.2
3.48472	-3.15252	0.109336	-0.56325	-4.22461
3.3971	-3.32975	0.089142	-0.915709	0.829104
3.31538	-3.15533	0.0699487	-0.50743	5.05763
3.23742	-2.84809	0.0660005	0.188687	0.570622
3.16683	-2.60702	0.0788051	0.741294	-5.2
3.09445	-2.79265	0.0948897	0.36562	-5.2
3.01577	-3.02604	0.0980615	-0.111298	-5.2
2.93408	-3.24928	0.0890079	-0.568177	-4.3659
2.84713	-3.43225	0.0692045	-0.941628	0.95557
2.75951	-3.25083	0.0485512	-0.523867	5.2
2.67909	-2.94198	0.0441279	0.168716	0.861435
2.60338	-2.69137	0.0570918	0.735684	-5.2
2.53118	-2.88934	0.071635	0.323863	-5.2
2.44663	-3.14077	0.0730797	-0.200417	-5.2
2.3652	-3.3644	0.0619986	-0.668165	-3.17855
2.27228	-3.50656	0.0396493	-0.961421	2.29367
2.18313	-3.30709	0.0192389	-0.514026	5.2
2.10123	-3.00288	0.0148963	0.158679	0.985354
2.02373	-2.75992	0.0271303	0.698592	-5.2
1.94369	-2.98582	0.0407973	0.215938	-5.2
1.85625	-3.24949	0.0386621	-0.347385	-5.2
1.77196	-3.48502	0.0234139	-0.853405	-1.17539
1.67693	-3.53759	-0.00161433	-0.964619	4.7922
1.58782	-3.2953	-0.0204427	-0.437163	5.2
1.50312	-2.99082	-0.0229922	0.222634	0.518018
1.42852	-2.76888	-0.0103572	0.703407	-5.2
1.35688	-2.98488	0.00191176	0.228424	-5.2
1.27252	-3.25351	-0.000174623	-0.360159	-5.2
1.17739	-3.53178	-0.0191342	-0.973587	-0.605996
1.0848	-3.57043	-0.0462665	-1.06948	5.2
0.991692	-3.30844	-0.0682105	-0.5158	5.2
0.906386	-3.02212	-0.0736728	0.086386	2.01547
0.828021	-2.8045	-0.0646051	0.5384	-4.86423
0.747476	-3.0065	-0.0542644	0.0743575	-5.2
0.665584	-3.28236	-0.06075	-0.54956	-4.9075
0.576722	-3.5429	-0.0830741	-1.14487	2.36637
0.485505	-3.4078	-0.11132	-0.882806	5.2
0.397216	-3.14128	-0.127603	-0.342176	5.2
0.318946	-2.88988	-0.129647	0.163853	0.691604
0.243693	-2.70379	-0.119776	0.526683	-4.98961
0.170451	-2.95158	-0.113055	-0.0547939	-5.2
0.0930168	-3.2318	-0.122896	-0.706224	-2.62447
0.00318636	-3.40517	-0.148252	-1.13353	5.03934
-0.083528	-3.22615	-0.174495	-0.798483	5.2
-0.164252	-2.9938	-0.189205	-0.353793	5.2
-0.241802	-2.76007	-0.192543	0.0883535	1.68555
-0.316574	-2.59959	-0.185604	0.368979	-3.22834
-0.391755	-2.79136	-0.18146	-0.115901	-5.2
-0.468348	-3.09222	-0.194087	-0.83541	-0.890175
-0.550355	-3.195	-0.220263	-1.13054	5.2
-0.631392	-3.01657	-0.246322	-0.823372	5.2
-0.707067	-2.81407	-0.262918	-0.470979	5.2
-0.777599	-2.6199	-0.270675	-0.140716	4.53288
-0.843535	-2.46031	-0.270847	0.113284	0.611659
-0.906016	-2.3592	-0.265908	0.241454	-2.17741
-0.969404	-2.5197	-0.26528	-0.195975	-3.68744
-1.03538	-2.74995	-0.277779	-0.783196	1.34795
-1.10972	-2.70512	-0.300572	-0.789235	5.2
-1.17781	-2.53342	-0.317666	-0.524156	5.2
-1.24371	-2.3555	-0.328008	-0.254507	5.2
-1.30269	-2.18905	-0.331278	-0.00767259	2.923
-1.36042	-2.10634	-0.330147	0.0543242	0.323561
-1.41693	-2.07157	-0.329521	0.0134981	-0.302205
-1.47208	-2.16592	-0.333453	-0.301452	0.229781
-1.52806	-2.1285	-0.342125	-0.335292	4.06261
-1.58619	-2.02088	-0.350178	-0.230216	4.76699
-1.63499	-1.88907	-0.353718	-0.0616481	3.40202
-1.6848	-1.8089	-0.354566	-0.0138114	1.64011
-1.73131	-1.77504	-0.355411	-0.0610397	1.20913
-1.77888	-1.75015	-0.358055	-0.132611	1.8179
-1.82408	-1.72753	-0.362486	-0.205709	2.70196
-1.87018	-1.68945	-0.368689	-0.252299	3.73103
-1.91303	-1.60886	-0.374625	-0.205252	4.63074
-1.95325	-1.48974	-0.378238	-0.0774298	4.10066
-1.99069	-1.39498	-0.379211	-0.00252437	2.65743
-2.02778	-1.35943	-0.379918	-0.0594609	1.94575
-2.06439	-1.3575	-0.383207	-0.189011	2.65803
-2.09928	-1.32835	-0.389003	-0.257058	4.44886
-2.13368	-1.22196	-0.39476	-0.167303	5.2
-2.16469	-1.08065	-0.396989	-0.00446734	4.50222
-2.19133	-0.974509	-0.395789	0.0882762	2.61021
-2.21888	-0.938583	-0.393948	0.0164161	1.68231
-2.24442	-0.955907	-0.395854	-0.158826	2.54545
-2.26997	-0.93775	-0.401557	-0.259768	4.92324
-2.29383	-0.82476	-0.407479	-0.160712	5.2
-2.31353	-0.695581	-0.409809	-0.0233038	5.2
-2.32989	-0.56744	-0.408584	0.111717	3.5267
-2.3443	-0.506216	-0.405612	0.0997396	2.14214
-2.35742	-0.507255	-0.404777	-0.0388577	2.33871
-2.37057	-0.504109	-0.40756	-0.168803	4.00481
-2.38278	-0.43369	-0.411928	-0.156649	5.2
-2.39271	-0.304964	-0.414387	-0.026817	5.2
-2.39896	-0.180868	-0.413385	0.0983405	4.3302
-2.40243	-0.0919671	-0.410047	0.14946	2.90697
-2.40434	-0.0650541	-0.407177	0.0750921	2.41601
-2.40597	-0.0607603	-0.406921	-0.0520188	3.278
-2.40702	-0.0184518	-0.409069	-0.103539	5.15346
-2.40594	0.0998086	-0.410299	0.0114661	5.2
-2.40169	0.222251	-0.408305	0.13566	4.49738
-2.39465	0.315157	-0.403872	0.198182	3.01079
-2.38634	0.345093	-0.399642	0.133355	2.38396
-2.37696	0.348312	-0.397801	0.0025896	3.12573
-2.36744	0.382291	-0.398546	-0.057108	5.01158
-2.35552	0.499077	-0.398609	0.0546971	5.2
-2.34151	0.617443	-0.395572	0.180689	4.49177
-2.32344	0.715733	-0.389522	0.255443	2.93565
-2.30441	0.74426	-0.38363	0.188465	2.15875
-2.28587	0.737963	-0.380598	0.0536363	2.90637
-2.26557	0.764721	-0.380168	-0.0194491	4.79834
-2.24517	0.866359	-0.379467	0.0774866	5.2
-2.21997	0.996934	-0.37524	0.227575	4.66694
-2.19484	1.09312	-0.368514	0.320238	2.73764
-2.16251	1.12584	-0.359753	0.256447	1.74143
-2.13241	1.10306	-0.355098	0.0854707	2.43349
-2.10362	1.11169	-0.35418	-0.0125749	4.7415
-2.07333	1.21875	-0.353093	0.100888	5.2
-2.03986	1.3514	-0.348112	0.270223	4.70792
-2.00171	1.46954	-0.338713	0.406424	2.48137
-1.9617	1.48855	-0.328442	0.333087	0.974633
-1.9222	1.43591	-0.322385	0.108598	1.7542
-1.88372	1.41683	-0.321596	-0.0423507	4.65558
-1.8426	1.52963	-0.321289	0.0866243	5.2
-1.79923	1.67746	-0.315914	0.295991	5.0157
-1.75197	1.81843	-0.304957	0.493288	2.32418
-1.70618	1.83767	-0.292921	0.439621	0.106706
-1.65933	1.75936	-0.28463	0.175005	0.647229
-1.61443	1.69739	-0.283128	-0.0525386	3.86636
-1.56755	1.78138	-0.283646	0.0320761	5.2
-1.51922	1.93297	-0.27962	0.26697	5.2
-1.46477	2.09435	-0.268639	0.521932	2.70731
-1.41177	2.13882	-0.254999	0.534705	-0.207897
-1.35624	1.95349	-0.246415	0.0466515	-0.440153
-1.30643	1.74759	-0.252848	-0.485601	5.2
-1.25767	1.88643	-0.264009	-0.273543	5.2
-1.20646	2.04625	-0.267692	-0.0151327	5.2
-1.14891	2.21042	-0.264331	0.249169	5.2
-1.08692	2.37607	-0.253623	0.519006	3.38577
-1.02404	2.45491	-0.238548	0.608165	0.0926618
-0.95849	2.38812	-0.224545	0.383197	-1.01632
-0.899072	2.1792	-0.22132	-0.144644	1.40659
-0.842876	2.15548	-0.227211	-0.270343	5.2
-0.782723	2.31272	-0.231452	-0.00744311	5.2
-0.717807	2.48751	-0.227298	0.297213	5.2
-0.648118	2.66814	-0.214682	0.609798	2.78043
-0.580556	2.72914	-0.198091	0.676151	-0.971727
-0.506801	2.51127	-0.185697	0.13275	-1.89865
-0.446934	2.29068	-0.189589	-0.407832	4.31357
-0.384455	2.38045	-0.200393	-0.279603	5.2
-0.320132	2.56084	-0.203332	0.0462728	5.2
-0.251124	2.74071	-0.197625	0.371405	5.2
-0.177412	2.92314	-0.183185	0.705309	1.79047
-0.100896	2.95137	-0.164117	0.708669	-2.09958
-0.0240546	2.72086	-0.151705	0.150878	-2.29644
0.0458942	2.47424	-0.156137	-0.440571	4.02457
0.110878	2.5626	-0.167117	-0.301429	5.2
0.182836	2.76133	-0.170091	0.0741361	5.2
0.257217	2.95309	-0.163122	0.437242	5.2
0.336616	3.14792	-0.146391	0.810834	0.967594
0.418707	3.1509	-0.124948	0.771715	-3.42779
0.497724	2.91414	-0.111495	0.214457	-3.18361
0.575448	2.65205	-0.114607	-0.399132	3.09303
0.644531	2.70358	-0.125464	-0.326315	5.2
0.720325	2.9108	-0.128842	0.0829695	5.2
0.801922	3.12568	-0.120459	0.509783	4.88005
0.889131	3.32741	-0.100668	0.91253	-0.0902187
0.971002	3.16324	-0.0806993	0.523764	-4.89407
1.05215	2.85475	-0.0761759	-0.178794	-0.638351
1.12039	2.6249	-0.0880878	-0.708361	5.2
1.19031	2.79332	-0.103588	-0.371531	5.2
1.26587	3.01005	-0.10738	0.0674668	5.2
1.34703	3.22498	-0.099586	0.503228	4.97967
1.43367	3.43216	-0.0803997	0.926394	-0.0850476
1.52514	3.26769	-0.0578968	0.541778	-5.12684
1.60615	2.96868	-0.0526112	-0.131866	-0.948679
1.68263	2.71875	-0.0647463	-0.699785	5.2
1.75792	2.89989	-0.0801815	-0.328204	5.2
1.8395	3.13383	-0.0822875	0.156027	5.2
1.92401	3.35801	-0.0717406	0.621264	3.81154
2.01706	3.5246	-0.0495863	0.964887	-1.62394
2.10689	3.33434	-0.0282017	0.534699	-5.2
2.19253	3.02009	-0.0234028	-0.163054	-1.09237
2.2677	2.783	-0.0353793	-0.692493	5.2
2.3421	2.97493	-0.0493782	-0.285953	5.2
2.42587	3.22053	-0.0497953	0.235132	5.2
2.51625	3.46551	-0.0358646	0.757106	2.62032
2.61151	3.58088	-0.0113389	1.00162	-3.51082
2.70571	3.36039	0.010724	0.51811	-5.2
2.78912	3.06806	0.0156668	-0.118356	-1.29469
2.86555	2.83456	0.00510749	-0.626711	5.2
2.94142	3.0376	-0.00667627	-0.181769	5.2
3.02709	3.29851	-0.0035242	0.388457	5.2
3.1198	3.55944	0.0153633	0.962498	0.374725
3.21655	3.58639	0.0435004	1.03187	-5.2
3.31004	3.32381	0.0647322	0.475415	-5.2
3.38973	3.06241	0.0695271	-0.0757446	-1.48841
3.47203	2.83638	0.0600174	-0.547488	4.84287
3.55063	3.033	0.0496954	-0.0976066	5.2
3.63974	3.32199	0.0565598	0.554681	5.2
3.72973	3.59027	0.079699	1.16539	-2.31827
3.82221	3.45415	0.109148	0.899632	-5.2
3.9086	3.20067	0.125934	0.384585	-5.2
3.99141	2.94386	0.129116	-0.132746	-1.07533
4.06533	2.76045	0.120317	-0.492084	4.70141
4.1396	2.98038	0.113349	0.0279593	5.2
4.22092	3.26488	0.123211	0.689742	2.98594
4.30825	3.44055	0.147598	1.11952	-4.79267
4.39972	3.28403	0.176111	0.835113	-5.2
4.48508	3.0487	0.192697	0.386326	-5.2
4.56419	2.82071	0.197188	-0.0428176	-2.0879
4.63532	2.6677	0.192025	-0.311217	2.92047
4.70348	2.81158	0.188157	0.0632506	5.2
4.78027	3.09633	0.198925	0.748305	1.47718
4.86603	3.23289	0.225436	1.12014	-5.2
4.95131	3.05741	0.253101	0.823564	-5.2
5.03383	2.8464	0.27123	0.461018	-5.2
5.10529	2.65896	0.279121	0.14707	-4.47492
5.17482	2.50058	0.279555	-0.0989544	-0.716736
5.23597	2.40269	0.275177	-0.221811	1.97
5.30289	2.55726	0.274963	0.207962	3.67533
5.3725	2.78979	0.288688	0.805504	-1.53138
5.44486	2.73469	0.311143	0.788096	-5.2
5.51895	2.5575	0.329956	0.522507	-5.2
5.58321	2.39345	0.340504	0.281823	-5.2
5.64552	2.22824	0.34489	0.0456951	-3.3631
5.70005	2.14625	0.344945	-0.019691	-0.858074
5.75297	2.09272	0.344299	-0.0239141	-0.207322
5.81125	2.05929	0.344762	0.028397	-0.230656
5.86415	2.01238	0.34571	0.043177	-0.904556
5.91784	1.96673	0.347212	0.0656075	-1.15791
5.96649	1.92724	0.349247	0.0926947	-1.50313
6.01607	1.88867	0.352195	0.127586	-1.89595
6.06653	1.85147	0.356345	0.170963	-2.3824
6.11422	1.81835	0.361584	0.220068	-2.98074
6.16077	1.76568	0.367547	0.229003	-3.77222
6.20386	1.68572	0.372716	0.176506	-4.08914
6.24643	1.59234	0.376416	0.101615	-3.48921
6.28842	1.52201	0.378918	0.0819686	-2.76564
6.32747	1.48557	0.381732	0.130928	-2.66884
6.3657	1.45639	0.386158	0.196698	-3.32396
6.40283	1.40087	0.391625	0.207908	-4.4059
6.4405	1.29341	0.39635	0.120086	-4.76129
6.47142	1.18426	0.398041	0.0145027	-3.65182
6.50121	1.11433	0.398082	-0.0020566	-2.90005
6.52969	1.07945	0.398795	0.0562072	-2.49737
6.55752	1.06292	0.401668	0.154116	-3.22385
6.58553	1.0146	0.406513	0.190579	-4.6958
6.61144	0.906827	0.41064	0.101793	-5.2
6.63408	0.775992	0.411469	-0.0354735	-4.26924
6.65307	0.68932	0.409764	-0.0843652	-2.74396
6.67191	0.662026	0.408485	0.00269677	-2.29139
6.68841	0.658726	0.41021	0.125021	-3.31716
6.70495	0.614702	0.414248	0.166351	-5.1467
6.71997	0.497409	0.417541	0.0577314	-5.2
6.73168	0.374356	0.417395	-0.0631812	-4.47212
6.73992	0.288876	0.414963	-0.115585	-3.06964
6.74713	0.251971	0.412381	-0.0558262	-2.56912
6.75377	0.240707	0.412443	0.0572968	-3.28049
6.75949	0.201453	0.41473	0.105382	-4.93753
6.76337	0.0988645	0.416473	0.0185731	-5.2
6.76441	-0.0145265	0.415384	-0.0919316	-4.64647
6.7628	-0.105518	0.411837	-0.156379	-3.28423
6.75931	-0.147285	0.407771	-0.113316	-2.64112
6.75532	-0.158454	0.406026	-0.0118661	-3.15195
6.7508	-0.188729	0.406592	0.0477587	-4.56932
6.74449	-0.276643	0.407155	-0.0114029	-5.2
6.73501	-0.395798	0.404836	-0.133669	-4.83219
6.72343	-0.491516	0.399722	-0.217483	-3.25007
6.71013	-0.527131	0.393984	-0.175735	-2.37468
6.69747	-0.527261	0.390727	-0.0693968	-2.84427
6.68246	-0.545206	0.389964	0.015089	-4.22964
6.66678	-0.615803	0.389947	-0.015314	-5.2
6.64854	-0.732399	0.387337	-0.149282	-5.2
6.62885	-0.838748	0.381358	-0.269459	-3.39095
6.6054	-0.888838	0.372982	-0.263158	-2.09074
6.58056	-0.881734	0.366635	-0.133187	-2.14925
6.55774	-0.8744	0.364556	-0.012564	-3.66333
6.53432	-0.926498	0.364117	-0.0199152	-5.2
6.50873	-1.03946	0.361443	-0.158333	-5.2
6.48015	-1.15437	0.354518	-0.30249	-3.52534
6.44693	-1.21241	0.344387	-0.319745	-1.89078
6.41547	-1.20322	0.3365	-0.203166	-1.66947
6.38448	-1.18091	0.332648	-0.0603355	-2.92478
6.35343	-1.20852	0.331433	-0.0256928	-4.96168
6.31935	-1.31795	0.328613	-0.164072	-5.2
6.28633	-1.43015	0.32184	-0.32048	-3.64623
6.24359	-1.50708	0.309704	-0.386232	-1.74494
6.20451	-1.49596	0.299712	-0.275869	-0.961891
6.1662	-1.45152	0.294196	-0.0959457	-2.12253
6.12991	-1.45363	0.292596	-0.0207828	-4.47433
6.08941	-1.55031	0.290216	-0.144062	-5.2
6.04901	-1.67726	0.283098	-0.340335	-3.9972
6.00418	-1.76511	0.270997	-0.451612	-1.47238
5.95831	-1.75566	0.258592	-0.355859	-0.160957
5.91183	-1.6855	0.250983	-0.128769	-1.15014
5.87008	-1.65711	0.249232	0.000859966	-3.91132
5.82432	-1.73879	0.247906	-0.103172	-5.2
5.77721	-1.88154	0.241074	-0.34345	-4.24211
5.72486	-1.99248	0.227475	-0.514947	-1.29679
5.67706	-1.98421	0.213982	-0.438756	0.720376
5.62345	-1.8207	0.205711	-0.0187846	-0.0360973
5.57525	-1.75199	0.208547	0.191827	-4.87228
5.5264	-1.87948	0.211672	-0.0234855	-5.2
5.47545	-2.03455	0.2066	-0.30129	-4.97265
5.41836	-2.18833	0.192618	-0.576686	-1.64517
5.36334	-2.20395	0.175779	-0.55983	1.69575
5.30791	-2.03962	0.164326	-0.152724	1.52182
5.2556	-1.84602	0.167341	0.318789	-3.11934
5.20736	-1.8911	0.177171	0.269749	-5.2
5.15605	-2.0533	0.180703	-0.0327761	-5.2
5.09821	-2.22459	0.174431	-0.353454	-4.76905
5.03837	-2.37326	0.15935	-0.629711	-0.98765
4.97656	-2.37049	0.140645	-0.580344	2.27682
4.91503	-2.17772	0.129311	-0.118886	1.88633
4.86301	-1.99474	0.132562	0.31712	-3.33198
4.80848	-2.06669	0.141518	0.200676	-5.2
4.75251	-2.23773	0.142547	-0.132335	-5.2
4.69194	-2.41479	0.133056	-0.479637	-3.41103
4.63277	-2.50973	0.116987	-0.65387	0.678162
4.56626	-2.36789	0.100092	-0.311094	2.82091
4.50744	-2.16807	0.0981048	0.15455	-0.932078
4.44746	-2.13989	0.105553	0.247584	-5.2
4.38737	-2.31923	0.10797	-0.113109	-5.2
4.32704	-2.49999	0.0990894	-0.480128	-3.37591
4.25503	-2.62922	0.0786847	-0.735394	0.92776
4.18824	-2.47318	0.0606751	-0.373573	4.05208
4.12689	-2.25436	0.0571255	0.12253	0.0871487
4.07084	-2.07113	0.0677073	0.541623	-5.2
4.01495	-2.24471	0.0792927	0.182349	-5.2
3.95392	-2.442	0.078357	-0.227319	-5.2
3.89041	-2.63167	0.0657	-0.62299	-1.84303
3.82094	-2.69597	0.0443097	-0.748124	2.82459
3.75292	-2.51677	0.0270359	-0.345333	4.486
3.69293	-2.29301	0.0245319	0.151914	0.0562557
3.63798	-2.1183	0.0352069	0.542726	-4.25876
3.57657	-2.2798	0.0478078	0.201236	-5.2
3.51202	-2.49396	0.0467191	-0.254369	-5.2
3.44439	-2.70093	0.0319926	-0.69697	-1.23918
3.37341	-2.74478	0.00893539	-0.787535	3.99295
3.30145	-2.56358	-0.0104513	-0.391061	5.2
3.2382	-2.31143	-0.013705	0.157635	0.965778
3.18067	-2.13334	-0.00234676	0.5451	-5.2
3.12344	-2.30447	0.00972047	0.170386	-5.2
3.05803	-2.53136	0.00696971	-0.325128	-5.2
2.98927	-2.74972	-0.0105132	-0.804921	-0.0163362
2.91739	-2.75932	-0.0361738	-0.833462	5.2
2.84561	-2.53793	-0.0557875	-0.36298	5.2
2.78057	-2.28965	-0.0586152	0.163098	1.2172
2.72342	-2.12529	-0.0477783	0.507011	-4.8409
2.66619	-2.30394	-0.0376073	0.102321	-5.2
2.60571	-2.52604	-0.0422077	-0.396361	-4.35527
2.5401	-2.71321	-0.060374	-0.821684	1.45367
2.46785	-2.59175	-0.0841912	-0.578568	5.2
2.40582	-2.37581	-0.0944597	-0.131505	4.0261
2.34432	-2.19118	-0.092284	0.243578	-1.00674
2.28524	-2.21417	-0.0848228	0.165552	-5.2
2.22253	-2.44271	-0.0875485	-0.361885	-4.46725
2.1535	-2.66045	-0.107418	-0.86925	1.71856
2.07988	-2.54987	-0.134442	-0.667145	5.2
2.01632	-2.34357	-0.148475	-0.258745	5.2
1.96462	-2.16085	-0.150383	0.100919	1.2132
1.91036	-2.03037	-0.14305	0.341941	-2.90096
1.85196	-2.16344	-0.136539	0.00594102	-5.2
1.79001	-2.42013	-0.146168	-0.599243	-1.90385
1.72795	-2.53103	-0.168506	-0.887516	5.2
1.66382	-2.37422	-0.192271	-0.60055	5.2
1.60468	-2.18309	-0.204954	-0.243993	5.2
1.55044	-1.99746	-0.206967	0.0982478	1.76411
1.50009	-1.89244	-0.200853	0.26539	-1.98709
1.44962	-2.00036	-0.196925	-0.0297384	-3.9315
1.39058	-2.21481	-0.206836	-0.562707	-0.56031
1.33421	-2.2823	-0.22701	-0.773441	5.2
1.27452	-2.12358	-0.248029	-0.50424	5.2
1.22162	-1.95314	-0.258843	-0.211467	5.2
1.17308	-1.78741	-0.260857	0.0689049	2.29017
1.12624	-1.70188	-0.256352	0.172486	-0.735195
1.08119	-1.77099	-0.254321	-0.0553811	-1.8928
1.03162	-1.89917	-0.262018	-0.41561	0.698457
0.982582	-1.85367	-0.275365	-0.3999	5.17993
0.937948	-1.71319	-0.284182	-0.17861	5.2
0.895508	-1.55782	-0.285713	0.0697579	2.52721
0.854555	-1.49157	-0.282104	0.121983	-0.13314
0.815139	-1.5451	-0.281347	-0.0803754	-0.696078
0.773836	-1.6278	-0.288225	-0.345933	1.60485
0.735037	-1.59596	-0.298809	-0.359892	5.08278
0.69218	-1.45737	-0.307979	-0.16026	5.2
0.656243	-1.3128	-0.309454	0.0576346	2.96779
0.623176	-1.2439	-0.306373	0.112298	0.630905
0.591237	-1.21882	-0.303282	0.0731422	0.0525922
0.559533	-1.212	-0.302524	-0.00475439	0.522606
0.528272	-1.19339	-0.303544	-0.057035	1.43907
0.496315	-1.17461	-0.306406	-0.112745	2.07792
0.467293	-1.15055	-0.310434	-0.150707	2.79284
0.436963	-1.09933	-0.315238	-0.138576	3.45808
0.409374	-1.02678	-0.31868	-0.0779147	3.41976
0.382651	-0.955557	-0.320373	-0.0244911	2.72178
0.35932	-0.914075	-0.321152	-0.0279265	2.22475
0.336781	-0.891049	-0.322716	-0.0712446	2.33201
0.313104	-0.86382	-0.325926	-0.113329	2.89441
0.292123	-0.817956	-0.329432	-0.108345	3.3491
0.271658	-0.757853	-0.332552	-0.0769039	3.38993
0.252781	-0.696817	-0.334564	-0.0435847	3.25302
0.235415	-0.64159	-0.335662	-0.0225215	3.09265
0.21939	-0.593194	-0.336305	-0.0156224	3.0042
0.204569	-0.548799	-0.33686	-0.0166191	3.00468
0.190889	-0.505289	-0.337477	-0.0186848	3.05622
0.178352	-0.460947	-0.338124	-0.0180175	3.11516
0.167396	-0.417319	-0.338674	-0.0142391	3.15594
0.156794	-0.369906	-0.339091	-0.00825415	3.17324
0.147465	-0.322999	-0.339275	-0.00185401	3.17699
0.139389	-0.277138	-0.339227	0.00398853	3.17502
0.132765	-0.234155	-0.338982	0.00884474	3.1737
0.127054	-0.190726	-0.338542	0.0132858	3.17479
0.122351	-0.14691	-0.3379	0.017573	3.17721
0.118963	-0.105795	-0.337104	0.0216241	3.179
0.116669	-0.0658169	-0.33613	0.0256742	3.17852
0.115411	-0.0256269	-0.334927	0.0298387	3.17524
0.115246	0.0118313	-0.333579	0.0337552	3.16903
0.116074	0.0479501	-0.332045	0.0375029	3.16068
0.117693	0.0801626	-0.33046	0.0407891	3.15046
0.120215	0.112398	-0.328647	0.0440253	3.13954
0.123702	0.144544	-0.326587	0.0472839	3.12668
0.127863	0.174186	-0.324434	0.0502442	3.11107
0.132776	0.202539	-0.322117	0.0530082	3.09442
0.13818	0.228609	-0.319738	0.0555003	3.07613
0.144475	0.254506	-0.31711	0.0579216	3.05757
0.151428	0.279238	-0.314326	0.0602681	3.0366
0.159008	0.302841	-0.311383	0.0625442	3.01355
0.167513	0.326177	-0.308162	0.0647894	2.9884
0.175936	0.346716	-0.305032	0.066673	2.96039
0.184859	0.366238	-0.301769	0.0682978	2.93341
0.19503	0.386343	-0.298098	0.0700144	2.906
0.20573	0.405491	-0.294277	0.0717016	2.87432
0.216934	0.423726	-0.290301	0.0733364	2.84047
0.228177	0.44039	-0.286335	0.074683	2.80463
0.240299	0.456868	-0.282078	0.0759507	2.76952
0.252381	0.471977	-0.277856	0.0770223	2.7877
0.264863	0.487599	-0.273443	0.0805739	2.75505
0.277745	0.502701	-0.268763	0.0842939	2.68265
0.291518	0.517021	-0.263661	0.0865082	2.60448
0.305128	0.529463	-0.258611	0.0869001	2.54332
0.319592	0.541495	-0.2533	0.0865216	2.50634
0.333269	0.552266	-0.248344	0.0863316	2.47763
0.347777	0.563367	-0.243121	0.0868288	2.44786
0.362572	0.574348	-0.237795	0.0879378	2.40535
0.378235	0.585055	-0.232123	0.0894199	2.35187
0.393002	0.595553	-0.226751	0.0903262	2.28823
0.408618	0.605474	-0.221078	0.0906227	2.23647
0.424486	0.615914	-0.215361	0.0909035	2.18991
0.441264	0.626768	-0.209344	0.0914212	2.14429
0.4577	0.637201	-0.203479	0.0921358	2.09256
0.474401	0.647264	-0.197541	0.0927891	2.0385
0.492017	0.657307	-0.191306	0.0933679	1.98392
0.509231	0.666593	-0.18524	0.0938391	1.92731
0.526681	0.675449	-0.179124	0.0941166	1.87281
0.545041	0.684311	-0.172725	0.0944597	1.82019
0.562942	0.692489	-0.166519	0.0947729	1.76304
0.581051	0.700256	-0.160275	0.0949365	1.70692
0.599356	0.707637	-0.154001	0.0950092	1.65197
0.617848	0.71466	-0.147703	0.0950576	1.5974
0.635797	0.721069	-0.141625	0.0950673	1.54224
0.654629	0.727408	-0.135282	0.0951166	1.48889
0.673621	0.733391	-0.12892	0.0951554	1.43189
0.693504	0.739264	-0.122286	0.0952764	1.37414
0.713539	0.744712	-0.115631	0.0953117	1.31189
0.732965	0.74949	-0.10921	0.0951277	1.24994
0.753264	0.754019	-0.102538	0.0948299	1.19272
0.772921	0.758011	-0.0961162	0.0945497	1.1341
0.791915	0.7614	-0.0899539	0.0940537	1.07679
