0	0.5	5.5	1.4	0
0.000582106	0.0378582	-0.0993283	0.043921	-0
0.00124314	0.0103923	-0.0993476	-0.0498053	0.354818
0.0013196	-0.00346112	-0.101632	-0.11543	0.596962
0.00121647	-0.00411886	-0.105275	-0.153215	0.779389
0.00121497	0.00370792	-0.109515	-0.172426	0.900475
0.0014973	0.0168289	-0.114319	-0.183046	0.978476
0.00214574	0.0322892	-0.119146	-0.188729	1.03875
0.00321783	0.0493257	-0.124097	-0.192625	1.08707
0.00481049	0.0678134	-0.129346	-0.196732	1.13214
0.0068268	0.0863472	-0.134507	-0.20086	1.18028
0.00933565	0.105668	-0.139775	-0.205042	1.22819
0.0124834	0.126468	-0.145364	-0.209696	1.27738
0.0162003	0.147892	-0.15109	-0.214986	1.33045
0.0203403	0.169501	-0.156735	-0.219882	1.38643
0.0250561	0.192135	-0.162503	-0.224484	1.4411
0.0305894	0.216557	-0.168619	-0.229365	1.49627
0.0370369	0.242732	-0.175106	-0.234892	1.55505
0.0434243	0.267054	-0.181032	-0.23979	1.61853
0.0513164	0.295456	-0.18781	-0.245082	1.67633
0.0590477	0.321745	-0.193989	-0.249909	1.74186
0.0684966	0.352095	-0.201066	-0.255781	1.80174
0.0784337	0.382547	-0.208035	-0.26136	1.87126
0.0887968	0.413158	-0.214884	-0.266299	1.93929
0.100418	0.446169	-0.222128	-0.271276	2.00479
0.111986	0.477736	-0.22896	-0.276032	0.704024
0.125477	0.446902	-0.23907	-0.431326	2.13824
0.137986	0.479629	-0.250951	-0.447605	2.60239
0.150663	0.532087	-0.261701	-0.416317	2.72866
0.164679	0.586584	-0.271685	-0.385108	2.72705
0.18259	0.645925	-0.282465	-0.361296	5.2
0.203022	0.816673	-0.289012	-0.0962184	5.2
0.226497	0.982545	-0.287985	0.164821	5.2
0.255438	1.15518	-0.279723	0.438257	5.2
0.289086	1.33167	-0.263927	0.724111	2.62623
0.323144	1.38542	-0.245263	0.756887	0.0600712
0.359827	1.32253	-0.227583	0.536559	-3.15266
0.391346	1.10097	-0.220896	-0.021003	1.01132
0.418917	1.04902	-0.224747	-0.209294	5.2
0.448288	1.21939	-0.226663	0.0846382	5.2
0.482522	1.40696	-0.21999	0.41667	5.2
0.521665	1.59766	-0.204569	0.759088	2.44492
0.562497	1.65981	-0.184501	0.830252	-2.49071
0.60218	1.49931	-0.168459	0.422264	-3.00878
0.639469	1.27304	-0.164848	-0.130038	1.70454
0.670887	1.26741	-0.169695	-0.196782	5.2
0.706114	1.45253	-0.170627	0.149451	5.2
0.748307	1.66537	-0.160927	0.555353	4.89596
0.794214	1.85919	-0.141508	0.926688	0.492803
0.842662	1.85019	-0.117795	0.862258	-4.12043
0.887672	1.60329	-0.102667	0.284446	-3.71959
0.926059	1.36016	-0.102961	-0.282449	2.42567
0.961391	1.39611	-0.11086	-0.240054	5.2
1.00218	1.62393	-0.111125	0.219269	5.2
1.04746	1.84794	-0.0992246	0.675352	3.39986
1.09958	1.99964	-0.0766163	0.974166	-1.8166
1.14837	1.87467	-0.0551987	0.678507	-5.2
1.19321	1.5766	-0.0463347	0.00803888	-2.4567
1.23159	1.39814	-0.0520793	-0.399705	4.61777
1.26792	1.54934	-0.0592863	-0.0865533	5.2
1.30973	1.7861	-0.0549443	0.413579	5.2
1.3595	2.03337	-0.0371197	0.939598	0.511182
1.41319	2.06818	-0.0110125	1.00746	-5.2
1.46378	1.80484	0.00816552	0.429566	-5.2
1.50677	1.51459	0.0107624	-0.203544	-0.746422
1.54384	1.37091	0.000430843	-0.516585	5.2
1.58375	1.60942	-0.00717522	0.00507177	5.2
1.63105	1.88365	0.00136026	0.605144	4.0523
1.68073	2.08153	0.0221974	1.04274	-2.50882
1.73581	1.96384	0.048056	0.797294	-5.2
1.7816	1.70439	0.0609636	0.246533	-5.2
1.82225	1.43335	0.0596192	-0.326843	0.400493
1.85862	1.40931	0.0494086	-0.360997	5.2
1.8999	1.66823	0.0469883	0.223315	5.2
1.94706	1.94862	0.0613288	0.856114	0.811724
1.99688	2.01614	0.085444	1.02825	-5.2
2.04666	1.79132	0.106835	0.569065	-5.2
2.08826	1.54743	0.114559	0.0715517	-4.17309
2.12712	1.3417	0.110668	-0.338832	1.58431
2.16093	1.39895	0.103234	-0.178687	5.2
2.19929	1.67081	0.106613	0.45042	3.92394
2.24976	1.92083	0.127902	1.04039	-3.10676
2.30155	1.85765	0.156514	0.953439	-5.2
2.34681	1.62819	0.175415	0.509396	-5.2
2.38609	1.40303	0.182814	0.079114	-5.07441
2.42083	1.17957	0.179015	-0.34438	-0.727042
2.45036	1.11834	0.168376	-0.41892	4.30096
2.481	1.34647	0.164449	0.133105	5.16045
2.52005	1.64887	0.177501	0.850952	-1.12008
2.56364	1.64863	0.202076	0.915766	-5.2
2.60397	1.4491	0.221321	0.55394	-5.2
2.64254	1.2203	0.231157	0.142265	-5.2
2.67357	1.00435	0.229546	-0.242932	-2.71713
2.69838	0.916785	0.221426	-0.356833	3.36682
2.72623	1.1091	0.217329	0.141217	3.50868
2.7582	1.34133	0.228839	0.721773	-2.7044
2.79327	1.31564	0.249122	0.747742	-5.2
2.82502	1.12846	0.264387	0.429272	-5.2
2.85089	0.949121	0.271174	0.127955	-5.2
2.87385	0.759051	0.27019	-0.188528	-3.91697
2.88996	0.649693	0.263911	-0.345421	-0.596368
2.90758	0.638669	0.254368	-0.274774	4.66728
2.92753	0.909473	0.255649	0.398604	2.10926
2.95367	1.08624	0.2726	0.871545	-5.2
2.98166	0.949459	0.294638	0.676592	-5.2
3.0032	0.781881	0.308085	0.413178	-5.2
3.02186	0.607793	0.315486	0.147266	-5.2
3.03545	0.443661	0.315969	-0.0998796	-5.2
3.04505	0.273629	0.309689	-0.35657	-3.20546
3.05106	0.197029	0.299449	-0.41866	-0.361376
3.05642	0.233138	0.290421	-0.24082	1.75792
3.06497	0.399446	0.290218	0.221772	-1.62795
3.07564	0.410641	0.297902	0.343947	-5.2
3.08449	0.260071	0.304266	0.120712	-5.2
3.08901	0.0941322	0.30395	-0.134667	-5.2
3.08922	-0.071772	0.296998	-0.391119	-3.49711
3.08601	-0.165543	0.285267	-0.494945	-0.693522
3.08197	-0.134187	0.274255	-0.332256	0.0187668
3.07975	-0.043732	0.269608	-0.0445221	-1.2148
3.07895	-0.0221798	0.27042	0.0933309	-4.37085
3.07664	-0.153365	0.270561	-0.095774	-5.2
3.07062	-0.322373	0.264567	-0.374706	-4.0444
3.06009	-0.451449	0.251775	-0.563367	-1.03088
3.04833	-0.44186	0.238215	-0.459255	3.77771
3.03975	-0.205827	0.233674	0.133174	0.669482
3.03636	-0.072005	0.243136	0.507589	-5.2
3.03279	-0.224274	0.253795	0.261513	-5.2
3.0241	-0.412528	0.256376	-0.0570831	-5.2
3.01153	-0.5856	0.25115	-0.349784	-4.90231
2.99403	-0.754113	0.238246	-0.632218	-1.7569
2.97393	-0.781024	0.221804	-0.61222	3.06146
2.95583	-0.590269	0.211687	-0.123793	2.84429
2.94334	-0.379273	0.215658	0.407498	-3.74513
2.93341	-0.450278	0.225805	0.325102	-5.2
2.91983	-0.630931	0.229841	0.00661192	-5.2
2.90172	-0.8122	0.225888	-0.313095	-5.2
2.87602	-1.01749	0.211846	-0.679252	-2.32879
2.84866	-1.07686	0.193175	-0.7392	2.77009
2.82363	-0.907485	0.179621	-0.308985	3.26335
2.80242	-0.671712	0.17933	0.268137	-1.7654
2.78535	-0.669667	0.188001	0.33484	-5.2
2.76566	-0.854085	0.192614	-0.00255546	-5.2
2.74073	-1.05579	0.187487	-0.377634	-5.2
2.71054	-1.25991	0.172522	-0.761218	-1.51001
2.67716	-1.29373	0.152144	-0.779313	3.2742
2.64488	-1.08414	0.137616	-0.270211	3.63953
2.61993	-0.84384	0.138312	0.301626	-1.92057
2.59823	-0.857243	0.147326	0.320776	-5.2
2.57435	-1.05572	0.150616	-0.0642346	-5.2
2.54397	-1.2728	0.143227	-0.488499	-4.54816
2.50833	-1.46062	0.125596	-0.852941	0.288644
2.46715	-1.34485	0.104102	-0.55583	4.61572
2.43351	-1.05414	0.0978635	0.117233	1.61242
2.40756	-0.896567	0.107023	0.498126	-5.2
2.38154	-1.07499	0.117056	0.14735	-5.2
2.35049	-1.30441	0.114636	-0.31521	-5.2
2.31193	-1.54369	0.0993574	-0.800741	-1.52811
2.27248	-1.59776	0.0778543	-0.889728	4.03286
2.23324	-1.39206	0.0601112	-0.415473	5.2
2.20109	-1.08997	0.058425	0.266516	0.606702
2.1741	-0.948089	0.0712757	0.600183	-5.2
2.147	-1.15862	0.0818567	0.165082	-5.2
2.115	-1.39164	0.0796843	-0.318891	-5.2
2.0739	-1.64394	0.0637233	-0.845957	-1.09429
2.032	-1.69024	0.0410694	-0.929939	4.87896
1.98923	-1.44607	0.0224043	-0.383447	5.2
1.9556	-1.1515	0.0212445	0.269699	0.578706
1.9277	-1.02752	0.0328226	0.550609	-5.2
1.89741	-1.24821	0.0422946	0.0801834	-5.2
1.86149	-1.5046	0.0369723	-0.468271	-4.77186
1.81918	-1.74065	0.0179312	-0.976189	1.19399
1.77412	-1.67292	-0.00695892	-0.825705	5.2
1.73412	-1.40163	-0.0208144	-0.23563	5.2
1.70149	-1.12028	-0.0186921	0.374409	-0.397653
1.6736	-1.07725	-0.00631408	0.464453	-5.2
1.64117	-1.3364	-0.00112371	-0.104952	-5.2
1.60276	-1.60719	-0.0118899	-0.700751	-2.0497
1.5593	-1.72238	-0.0338849	-0.961002	4.50764
1.51634	-1.54136	-0.0550568	-0.579474	5.2
1.47993	-1.27122	-0.0623541	-0.00747991	3.98721
1.45075	-1.07434	-0.057099	0.404407	-2.04315
1.42259	-1.13631	-0.0473375	0.250847	-5.2
1.38516	-1.4439	-0.0501345	-0.441485	-4.99228
1.34392	-1.7176	-0.0699767	-1.06164	2.51289
1.29799	-1.64118	-0.0980811	-0.924435	5.2
1.26003	-1.3998	-0.114908	-0.431129	5.2
1.22589	-1.14002	-0.11914	0.0958608	3.65439
1.19959	-0.975054	-0.112426	0.418929	-2.12578
1.17287	-1.05231	-0.102514	0.211999	-5.2
1.14176	-1.33859	-0.105674	-0.44972	-3.46413
1.10413	-1.54519	-0.124078	-0.940862	3.85481
1.06352	-1.41972	-0.147695	-0.715114	5.2
1.03095	-1.19405	-0.159836	-0.272532	5.2
1.00208	-0.954165	-0.160635	0.194722	3.06725
0.979919	-0.830848	-0.152736	0.412829	-2.36231
0.956384	-0.948526	-0.144735	0.103464	-4.57013
0.928167	-1.21649	-0.150481	-0.531847	-1.97138
0.894361	-1.36645	-0.169789	-0.913905	5.2
0.86183	-1.20067	-0.189838	-0.611645	5.2
0.832606	-0.973859	-0.20035	-0.18632	5.2
0.81017	-0.760552	-0.199828	0.210431	3.29967
0.79212	-0.63802	-0.191501	0.410951	-0.110101
0.775177	-0.678388	-0.182452	0.259563	-3.621
0.754683	-0.900296	-0.182763	-0.285966	-2.46011
0.728883	-1.07495	-0.19627	-0.730941	4.37892
0.701798	-0.963945	-0.21433	-0.559417	5.2
0.679537	-0.757204	-0.223778	-0.184076	5.2
0.662038	-0.547144	-0.223444	0.193965	4.26481
0.649996	-0.388294	-0.214661	0.465066	0.311698
0.640183	-0.39096	-0.20292	0.388329	-3.46426
0.62664	-0.616795	-0.199932	-0.174127	-2.8752
0.608707	-0.808933	-0.210617	-0.65935	4.0513
0.588489	-0.709546	-0.226986	-0.517777	5.2
0.573224	-0.518667	-0.23553	-0.17839	5.2
0.562073	-0.315259	-0.235309	0.180652	5.00303
0.556164	-0.114114	-0.225139	0.533456	1.25052
0.553535	-0.0919259	-0.210137	0.501948	-3.53817
0.548539	-0.305754	-0.20371	-0.0335263	-3.23844
0.537595	-0.526731	-0.212042	-0.584883	3.22298
0.523715	-0.464282	-0.228163	-0.526921	5.2
0.51422	-0.270616	-0.237325	-0.185069	2.23339
0.508063	-0.204467	-0.240998	-0.12536	5.2
0.50509	-0.0145902	-0.240036	0.202328	5.2
0.507298	0.177477	-0.230241	0.539619	1.8171
0.512627	0.218274	-0.215691	0.552376	-3.06661
0.515968	0.0343436	-0.207388	0.0832084	-3.10112
0.513926	-0.182595	-0.212564	-0.459913	2.75049
0.509029	-0.154282	-0.225845	-0.472837	5.2
0.507515	0.0357	-0.233758	-0.137874	2.26753
0.509368	0.0937763	-0.236404	-0.0911675	5.2
0.514165	0.276307	-0.234727	0.225539	5.2
0.523938	0.468517	-0.224298	0.56519	2.18364
0.537131	0.529805	-0.208409	0.624693	-2.88242
0.5488	0.349642	-0.197691	0.163527	-3.16567
0.554925	0.129601	-0.200805	-0.383057	2.41656
0.558014	0.146099	-0.212313	-0.417265	5.2
0.564185	0.332571	-0.218984	-0.084694	5.2
0.576025	0.536728	-0.216123	0.282798	5.2
0.592644	0.73469	-0.203945	0.642065	1.8391
0.611864	0.784548	-0.186882	0.686417	-2.96005
0.630842	0.599484	-0.174058	0.219214	-3.40368
0.643707	0.361469	-0.176242	-0.361419	1.96574
0.65322	0.373497	-0.187427	-0.399269	5.2
0.666041	0.578171	-0.193176	-0.0202506	5.2
0.683845	0.783436	-0.18854	0.362301	5.13607
0.705975	0.979744	-0.174719	0.73069	1.06171
0.731892	0.997355	-0.155529	0.712538	-3.5589
0.755192	0.786	-0.143447	0.199532	-3.53686
0.77129	0.568035	-0.145252	-0.321268	2.12377
0.786354	0.563478	-0.156878	-0.386467	5.2
0.803705	0.771942	-0.161755	0.0146287	5.2
0.828699	1.00507	-0.154814	0.465632	4.63195
0.859832	1.21113	-0.136035	0.862061	-1.67053
0.889415	1.12368	-0.116557	0.629149	-5.04549
0.915771	0.8233	-0.108847	-0.0676752	-2.78905
0.934428	0.628277	-0.11713	-0.532616	4.77027
0.951008	0.752927	-0.129052	-0.300292	5.2
0.973641	0.980032	-0.130771	0.152173	5.2
1.00219	1.20765	-0.120689	0.607054	2.95713
1.03659	1.33143	-0.100934	0.838315	-2.27734
1.06982	1.20366	-0.0826152	0.527145	-4.98032
1.09833	0.907824	-0.0775261	-0.148899	-1.90635
1.11893	0.7623	-0.0861839	-0.494278	5.2
1.14135	0.946449	-0.095942	-0.123291	5.2
1.17161	1.20527	-0.0916726	0.408919	5.2
1.20766	1.45652	-0.0733785	0.929627	-2.04775
1.245	1.37407	-0.0506596	0.727555	-5.2
1.278	1.07242	-0.0402315	0.0504242	-4.35209
1.30162	0.828673	-0.0461513	-0.497862	2.75986
1.32394	0.883518	-0.059961	-0.396439	5.2
1.34901	1.12046	-0.0635821	0.102585	5.2
1.38293	1.38196	-0.0530928	0.654832	2.67645
1.42064	1.50862	-0.032374	0.917629	-3.43152
1.45844	1.3616	-0.0117546	0.587687	-5.2
1.49001	1.07528	-0.00492624	-0.0428826	-3.37339
1.51525	0.880162	-0.0120301	-0.473467	3.25707
1.54006	0.998493	-0.0225826	-0.220182	5.2
1.56952	1.26058	-0.0207573	0.346985	5.2
1.60588	1.52673	-0.00393956	0.926119	-0.629191
1.64537	1.46592	0.0197025	0.79542	-5.2
1.68015	1.20471	0.0331989	0.231792	-5.2
1.70869	0.920151	0.0308702	-0.380617	-0.348461
1.73099	0.827307	0.0175325	-0.575836	5.2
1.75655	1.08499	0.00913205	-0.00624537	5.2
1.79125	1.38289	0.0184964	0.651738	2.6098
1.82927	1.52919	0.0400678	0.982347	-4.59344
1.86579	1.35506	0.0610981	0.617386	-5.2
1.89745	1.09092	0.0696127	0.0608704	-5.00026
1.92242	0.840479	0.0640767	-0.465038	1.00266
1.94376	0.847131	0.051119	-0.430827	5.2
1.97029	1.12441	0.0477475	0.194165	5.2
2.00194	1.39665	0.0605812	0.808421	-0.369729
2.03833	1.36002	0.0820954	0.752614	-5.2
2.06957	1.13053	0.0952251	0.279103	-5.2
2.09638	0.865607	0.0950943	-0.267263	-2.16895
2.11644	0.758517	0.0853639	-0.472209	3.76814
2.13876	0.932057	0.0770374	-0.063588	5.2
2.16565	1.21063	0.0836537	0.572682	1.83006
2.2005	1.34803	0.104285	0.906784	-5.2
2.23433	1.19118	0.125707	0.603137	-5.2
2.26105	0.95732	0.134653	0.134332	-5.2
2.28272	0.718566	0.131704	-0.342367	-1.57812
2.30063	0.636024	0.119835	-0.478398	3.75481
2.31863	0.823725	0.112969	-0.0298491	5.2
2.34406	1.1228	0.121493	0.664066	2.11306
2.37412	1.2667	0.143002	1.02223	-5.2
2.40773	1.0845	0.168379	0.682154	-5.2
2.432	0.867663	0.179979	0.266043	-5.2
2.45223	0.639623	0.181073	-0.167647	-4.16736
2.46703	0.465184	0.172046	-0.485776	1.38543
2.47976	0.544094	0.16157	-0.256946	4.27636
2.49875	0.81537	0.163429	0.394294	2.18614
2.52221	0.976827	0.17938	0.804884	-5.2
2.54618	0.822276	0.198059	0.532604	-5.2
2.56529	0.602586	0.206698	0.125536	-5.2
2.57776	0.403162	0.205059	-0.241539	-3.61977
2.58642	0.271494	0.195734	-0.460208	0.721384
2.59414	0.340271	0.186095	-0.245581	3.30154
2.60583	0.5558	0.186748	0.287225	0.062443
2.62164	0.636303	0.198056	0.5279	-5.2
2.63604	0.454549	0.20803	0.201095	-5.2
2.64457	0.264793	0.208497	-0.14685	-4.94891
2.64901	0.0401807	0.197711	-0.55612	-1.31869
2.64927	0.0024141	0.182416	-0.573591	3.78214
2.65197	0.221567	0.174082	-0.0352485	4.04078
2.66121	0.479204	0.181564	0.586838	-2.09214
2.67472	0.476677	0.199588	0.648854	-5.2
2.68457	0.278517	0.211838	0.287384	-5.2
2.6892	0.0605354	0.214112	-0.109196	-5.2
2.68805	-0.140843	0.206333	-0.476051	-2.31171
2.68292	-0.21403	0.191474	-0.562475	2.73001
2.67925	-0.0388605	0.181814	-0.114969	3.32983
2.6813	0.187017	0.186344	0.43971	-1.93359
2.68662	0.186183	0.199648	0.503489	-5.2
2.68895	-0.00878361	0.208202	0.14817	-5.2
2.68577	-0.218771	0.206818	-0.235876	-5.2
2.67777	-0.413788	0.196276	-0.594587	-1.44373
2.66638	-0.446264	0.180317	-0.601104	3.18805
2.65718	-0.249103	0.170737	-0.11153	3.31309
2.65372	-0.0257937	0.175209	0.434123	-2.30568
2.65306	-0.0552611	0.187338	0.431441	-5.2
2.64901	-0.255983	0.193726	0.0586217	-5.2
2.63957	-0.462459	0.190054	-0.326213	-4.78357
2.62434	-0.657858	0.176185	-0.687319	-0.716276
2.60677	-0.669335	0.15808	-0.65517	3.8226
2.5918	-0.429998	0.147945	-0.0785968	3.64321
2.58348	-0.174402	0.154654	0.53473	-2.74887
2.57883	-0.221033	0.169033	0.488024	-5.2
2.57033	-0.42978	0.176513	0.0912307	-5.2
2.5563	-0.641741	0.173441	-0.31177	-5.2
2.53674	-0.855149	0.159844	-0.72058	-1.02923
2.51291	-0.88542	0.139533	-0.733382	3.92817
2.49198	-0.650073	0.126912	-0.171912	4.28025
2.47907	-0.393131	0.130461	0.431758	-1.81631
2.46906	-0.377792	0.145454	0.515838	-5.2
2.45595	-0.597406	0.153744	0.0888933	-5.2
2.43826	-0.808751	0.150608	-0.323062	-5.2
2.41322	-1.03857	0.135599	-0.774341	-0.860234
2.38677	-1.05886	0.115727	-0.777191	4.44096
2.36036	-0.80276	0.101652	-0.177027	4.71399
2.34335	-0.51728	0.105961	0.482876	-1.70276
2.33093	-0.517627	0.11963	0.519027	-5.2
2.31466	-0.736937	0.127531	0.0813724	-5.2
2.29143	-0.974871	0.123062	-0.3947	-5.05753
2.26427	-1.18982	0.107598	-0.826928	0.199807
2.2334	-1.13574	0.0867038	-0.675124	5.1013
2.20641	-0.849483	0.0769459	-0.0194029	3.75225
2.18765	-0.611357	0.0840825	0.529367	-3.22257
2.17087	-0.685558	0.0982101	0.399152	-5.2
2.15083	-0.912034	0.102263	-0.0638871	-5.2
2.12505	-1.14097	0.094577	-0.532797	-3.30739
2.092	-1.29496	0.0757129	-0.839604	1.95503
2.05935	-1.19307	0.0564403	-0.593671	5.2
2.03213	-0.902424	0.0495665	0.0612195	3.12645
2.01013	-0.687323	0.0587359	0.552263	-3.819
1.99041	-0.816394	0.0714141	0.292497	-5.2
1.96488	-1.07007	0.0720159	-0.23788	-5.2
1.9337	-1.31892	0.0587928	-0.760656	-1.11631
1.8969	-1.38238	0.0358939	-0.882701	4.75354
1.86345	-1.15886	0.0185587	-0.383367	5.2
1.83637	-0.857915	0.0175136	0.28267	1.34979
1.81536	-0.73251	0.0299788	0.565901	-5.2
1.79324	-0.946538	0.04029	0.109212	-5.2
1.76514	-1.20677	0.0356397	-0.448239	-4.33197
1.7308	-1.42432	0.0176225	-0.915878	1.71434
1.69129	-1.35413	-0.0071572	-0.759999	5.2
1.65851	-1.07293	-0.019424	-0.14821	5.2
1.63438	-0.794332	-0.0151042	0.456649	-0.590125
1.61435	-0.750049	0.000280109	0.551066	-5.2
1.5917	-1.0021	0.00770752	-0.000175889	-5.2
1.56198	-1.27333	-0.00030554	-0.593473	-2.61077
1.5283	-1.40908	-0.0192137	-0.894193	3.86861
1.49335	-1.24784	-0.0388964	-0.550647	5.2
1.46453	-0.977895	-0.0454513	0.026715	4.09106
1.44206	-0.763193	-0.0384705	0.482987	-1.98594
1.42105	-0.831891	-0.0264888	0.320927	-5.2
1.39589	-1.10313	-0.0260038	-0.282529	-5.2
1.36202	-1.39523	-0.0427489	-0.93484	1.06083
1.32571	-1.35407	-0.0673682	-0.863528	5.2
1.29474	-1.11911	-0.0829597	-0.373481	5.2
1.2691	-0.863587	-0.0854791	0.157492	3.09364
1.24877	-0.713388	-0.0771125	0.458772	-2.61614
1.22907	-0.832111	-0.0680363	0.174077	-5.2
1.20488	-1.10348	-0.0714129	-0.443098	-3.00035
1.17224	-1.29737	-0.0899817	-0.89625	3.74985
1.13741	-1.1539	-0.112329	-0.619576	5.2
1.11162	-0.917495	-0.121627	-0.140629	5.2
1.08974	-0.654603	-0.117857	0.390507	1.52809
1.074	-0.578971	-0.105436	0.517937	-4.35661
1.05669	-0.785344	-0.0973787	0.0318699	-5.2
1.03121	-1.09235	-0.106363	-0.675856	-1.45648
1.00228	-1.20447	-0.127295	-0.960064	5.2
0.970665	-1.00941	-0.150278	-0.584645	5.2
0.947575	-0.776863	-0.159291	-0.129377	5.2
0.93046	-0.548732	-0.156649	0.315115	2.4021
0.916879	-0.44054	-0.144739	0.496187	-2.71987
0.904352	-0.582988	-0.136246	0.13907	-4.6932
0.8855	-0.860112	-0.141332	-0.513525	-2.59922
0.861721	-1.02983	-0.159772	-0.933677	5.2
0.836515	-0.865175	-0.181397	-0.632975	5.2
0.816995	-0.646102	-0.192218	-0.218903	5.2
0.803088	-0.432382	-0.19249	0.181598	4.38792
0.794458	-0.265721	-0.184003	0.483333	0.227564
0.787803	-0.259525	-0.170708	0.434173	-3.62055
0.778746	-0.470092	-0.166174	-0.0801341	-3.19968
0.76364	-0.682112	-0.175323	-0.600565	2.70695
0.745566	-0.625744	-0.191688	-0.542601	5.2
0.732011	-0.419488	-0.200775	-0.159886	5.2
0.723926	-0.210737	-0.199702	0.226876	4.40586
0.720793	-0.047362	-0.190213	0.519067	0.381129
0.719853	-0.0506356	-0.177495	0.451758	-3.44885
0.715922	-0.258028	-0.171752	-0.0619748	-2.86005
0.706076	-0.462464	-0.180566	-0.569796	3.12268
0.69458	-0.391813	-0.195083	-0.47973	5.2
0.687118	-0.186466	-0.202524	-0.0998937	5.2
0.685088	0.0279759	-0.199671	0.296273	4.32523
0.688049	0.192522	-0.188001	0.588773	0.0998748
0.69312	0.174032	-0.173391	0.48688	-3.67944
0.6948	-0.0437992	-0.167772	-0.0439346	-2.76733
0.691013	-0.237816	-0.175471	-0.525316	3.37652
0.685306	-0.152094	-0.188982	-0.402768	5.2
0.684118	0.0552742	-0.1943	-0.0158421	5.2
0.688918	0.279608	-0.188675	0.402964	3.76093
0.698109	0.419607	-0.174855	0.646221	-0.0361167
0.707995	0.354937	-0.160739	0.450125	-3.93494
0.714208	0.132588	-0.155969	-0.086882	-2.16243
0.715213	-0.0427249	-0.164719	-0.525967	4.1328
0.71532	0.0830503	-0.177006	-0.311874	5.2
0.720339	0.29565	-0.179692	0.091343	5.2
0.730895	0.508394	-0.17187	0.495627	2.82603
0.744939	0.605121	-0.157277	0.652722	-2.24229
0.759142	0.467746	-0.144348	0.30138	-3.77667
0.768355	0.219832	-0.144384	-0.290932	0.216515
0.773015	0.171476	-0.154109	-0.445218	5.2
0.779606	0.357745	-0.161748	-0.0921229	5.2
0.791862	0.576428	-0.158428	0.330975	4.874
0.809594	0.780026	-0.144533	0.7239	0.400329
0.831929	0.787045	-0.123917	0.689694	-4.5104
0.850247	0.542532	-0.1123	0.113216	-4.22616
0.860808	0.281294	-0.117631	-0.497171	2.00511
0.867575	0.287429	-0.132321	-0.526301	5.2
0.877878	0.506025	-0.140439	-0.0948028	5.2
0.893356	0.723335	-0.13722	0.334836	4.87997
0.915016	0.934621	-0.122884	0.752293	0.281719
0.939779	0.942184	-0.102847	0.730081	-4.61754
0.961105	0.686584	-0.0912564	0.137575	-4.63359
0.974791	0.419408	-0.0958265	-0.477796	1.69227
0.985388	0.415608	-0.110818	-0.523073	5.2
0.998457	0.63166	-0.118506	-0.0873767	5.2
1.01891	0.874327	-0.114005	0.402425	4.70277
1.04339	1.07597	-0.0986712	0.808654	-1.48499
1.07084	1.00308	-0.0792217	0.618532	-5.2
1.09314	0.710847	-0.0717748	-0.0471614	-3.52431
1.1081	0.499795	-0.0794195	-0.534064	3.57681
1.12185	0.602251	-0.0920361	-0.338877	5.2
1.1415	0.849119	-0.0942214	0.168746	5.2
1.16906	1.11011	-0.0816998	0.707769	1.77285
1.2003	1.19018	-0.0601672	0.857769	-4.27682
1.2288	0.977243	-0.0434706	0.373405	-5.2
1.25021	0.680873	-0.0427241	-0.290736	-1.27164
1.26548	0.56872	-0.0540335	-0.552299	5.2
1.28341	0.789125	-0.0636049	-0.0901538	5.2
1.30946	1.06187	-0.0577847	0.485127	4.13353
1.33978	1.26153	-0.0394693	0.905901	-2.14493
1.37334	1.18151	-0.01626	0.720468	-5.2
1.39949	0.913063	-0.00571649	0.128292	-5.2
1.41999	0.616596	-0.011401	-0.524584	0.84504
1.43542	0.60899	-0.0264476	-0.547664	5.2
1.45434	0.855037	-0.0340417	-0.0185797	5.2
1.48013	1.11854	-0.0268672	0.548622	2.92838
1.5113	1.26819	-0.0081139	0.870575	-3.26
1.54171	1.13479	0.0108033	0.578474	-5.2
1.56666	0.868831	0.0178296	4.1826e-05	-4.21014
1.58674	0.631388	0.0104972	-0.515422	1.85436
1.60263	0.677942	-0.0021425	-0.411987	5.2
1.62443	0.943844	-0.00561232	0.169582	5.2
1.65144	1.20606	0.00609403	0.744462	0.431714
1.68519	1.26257	0.0288771	0.874475	-5.2
1.71611	1.00999	0.0457215	0.33407	-5.2
1.738	0.751917	0.0468989	-0.216438	-2.23877
1.75569	0.627241	0.0373895	-0.47533	3.64314
1.77346	0.777579	0.0284002	-0.134631	5.2
1.79738	1.0563	0.033149	0.486718	3.04361
1.82603	1.22403	0.0504052	0.867994	-3.70619
1.85686	1.10154	0.071069	0.620385	-5.2
1.88214	0.848248	0.0801749	0.0912598	-5.2
1.90247	0.563769	0.0739135	-0.502469	-0.403498
1.91443	0.508077	0.0604072	-0.604159	5.2
1.93081	0.769576	0.0518998	-0.0120935	5.2
1.95583	1.07186	0.0611285	0.670093	1.21815
1.98541	1.17736	0.082621	0.925782	-5.2
2.01395	0.980268	0.102572	0.525988	-5.2
2.03681	0.724304	0.109418	0.00321774	-5.2
2.05236	0.481017	0.102804	-0.493075	-0.19333
2.06388	0.437814	0.0882655	-0.555029	5.2
2.07857	0.708834	0.0814817	0.0672124	5.2
2.10207	1.01952	0.093255	0.77823	-0.484914
2.12798	1.01335	0.114064	0.798872	-5.2
2.15254	0.791172	0.13011	0.35622	-5.2
2.16881	0.574338	0.13323	-0.0766547	-4.54957
2.18136	0.365297	0.125346	-0.488016	-0.0731124
2.19019	0.342045	0.111744	-0.498463	4.6879
2.20351	0.621234	0.10657	0.152151	5.11255
2.22461	0.931395	0.120682	0.870751	-2.13891
2.25004	0.907121	0.145455	0.865195	-5.2
2.27007	0.696597	0.161967	0.455845	-5.2
2.28565	0.466739	0.168032	0.0122881	-5.2
2.29484	0.248257	0.162674	-0.408405	-1.93796
2.30005	0.174447	0.150075	-0.51633	2.98408
2.30665	0.349734	0.141835	-0.0839174	4.20105
2.31925	0.610562	0.147964	0.534968	-0.658253
2.33569	0.627636	0.163825	0.625335	-5.2
2.3491	0.435972	0.175196	0.262506	-5.2
2.35731	0.229491	0.176634	-0.130574	-5.13864
2.36043	0.0184803	0.167822	-0.532346	-1.05677
2.36007	-0.0175194	0.152371	-0.554235	3.77483
2.36228	0.201687	0.144471	-0.0251043	4.14092
2.37105	0.462384	0.152181	0.594586	-1.74494
2.38301	0.460813	0.168607	0.643742	-5.2
2.39296	0.262101	0.181402	0.272114	-5.2
2.39686	0.0591276	0.183208	-0.111072	-5.2
2.39557	-0.151032	0.174966	-0.508501	-1.76106
2.39076	-0.20286	0.160611	-0.5644	3.03544
2.3877	-0.018363	0.151475	-0.108631	3.69593
2.39049	0.223308	0.156489	0.471319	-1.43032
2.39697	0.229125	0.170994	0.541715	-5.2
2.40056	0.0366861	0.180733	0.18168	-5.2
2.39902	-0.157219	0.180505	-0.184691	-5.2
2.39134	-0.383622	0.169125	-0.614381	-1.38662
2.38067	-0.419498	0.152395	-0.637763	3.72892
2.37217	-0.193738	0.14208	-0.092733	4.12878
2.37068	0.0685552	0.148065	0.529406	-1.88658
2.37286	0.0625707	0.163404	0.569361	-5.2
2.37199	-0.133768	0.173045	0.195816	-5.2
2.36565	-0.345662	0.172676	-0.20786	-5.2
2.35324	-0.565937	0.161181	-0.629477	-1.44496
2.33841	-0.603907	0.144624	-0.662121	3.55776
2.32521	-0.395683	0.133522	-0.15984	4.06478
2.31831	-0.126362	0.13813	0.4765	-1.44627
2.31568	-0.116515	0.151811	0.545424	-5.2
2.31022	-0.314212	0.1614	0.166924	-5.2
2.2986	-0.537871	0.159854	-0.264753	-5.2
2.28171	-0.753957	0.147328	-0.684242	-1.03431
2.26135	-0.786388	0.128548	-0.707848	0.122985
2.242	-0.697587	0.113102	-0.472396	4.38028
2.2271	-0.443037	0.108398	0.122041	2.07718
2.21796	-0.279255	0.117291	0.518586	-4.45553
2.20925	-0.424505	0.12817	0.242647	-5.2
2.19582	-0.642904	0.128609	-0.19302	-5.2
2.17604	-0.87009	0.117464	-0.647918	-1.58005
2.1525	-0.925702	0.0991142	-0.73248	3.62403
2.13056	-0.735952	0.0851574	-0.285663	4.76402
2.11571	-0.461693	0.086154	0.342782	0.147907
2.1054	-0.366521	0.0991861	0.582609	-5.2
2.09281	-0.583284	0.109543	0.14508	-5.2
2.07449	-0.817207	0.106893	-0.330056	-5.10038
2.04908	-1.05605	0.0911743	-0.817587	0.00545766
2.02182	-1.00148	0.0707367	-0.670253	5.2
1.9984	-0.716453	0.0609005	-0.0226241	4.27901
1.98331	-0.4583	0.0683494	0.564821	-2.56928
1.97181	-0.506368	0.0826856	0.484246	-5.2
1.9549	-0.747433	0.0891025	-0.0133347	-5.2
1.93221	-0.988788	0.0820168	-0.512723	-3.25983
1.90336	-1.13937	0.0638194	-0.816549	2.27568
1.877	-1.03301	0.0466146	-0.565956	5.2
1.85355	-0.759322	0.0395783	0.0484994	3.35497
1.83675	-0.550298	0.0474778	0.521329	-3.13822
1.82172	-0.644998	0.0596829	0.332014	-5.2
1.80517	-0.8537	0.0620282	-0.107898	-5.2
1.77508	-1.14339	0.0493111	-0.720569	-1.92421
1.74397	-1.23525	0.0277488	-0.908548	4.86751
1.71442	-1.00664	0.00983896	-0.400906	5.2
1.69216	-0.71708	0.00803589	0.236915	2.08062
1.67558	-0.578812	0.0187698	0.544532	-4.71179
1.65888	-0.751818	0.0294291	0.173469	-5.2
1.6358	-1.01382	0.0263218	-0.391384	-4.41852
1.60644	-1.2357	0.0096572	-0.871523	1.67412
1.57585	-1.17873	-0.0114637	-0.746808	5.2
1.54855	-0.914854	-0.0236176	-0.174286	5.2
1.52916	-0.647045	-0.0204263	0.405615	0.220857
1.51383	-0.567138	-0.0066936	0.576111	-5.2
1.49615	-0.81018	0.00184809	0.0424484	-5.2
1.4725	-1.07153	-0.00454877	-0.530937	-2.53894
1.4401	-1.22502	-0.0247155	-0.87267	3.70149
1.40987	-1.07039	-0.0440031	-0.545441	5.2
1.38565	-0.801621	-0.0504985	0.02757	4.55848
1.368	-0.566358	-0.0430083	0.527228	-1.4865
1.35324	-0.606582	-0.0295526	0.426676	-5.2
1.33313	-0.885291	-0.0263454	-0.19406	-5.2
1.30749	-1.15481	-0.039012	-0.795483	0.566358
1.27591	-1.13356	-0.0616084	-0.766791	5.2
1.24952	-0.889019	-0.0751097	-0.25433	5.2
1.22991	-0.629592	-0.0743789	0.288541	2.12104
1.21523	-0.518196	-0.0635055	0.509081	-3.74836
1.19772	-0.717079	-0.0545046	0.0510754	-5.2
1.1743	-1.01197	-0.0623068	-0.615541	-1.49267
1.14636	-1.11975	-0.0822135	-0.876282	5.2
1.11957	-0.910156	-0.100314	-0.44859	5.2
1.09929	-0.660595	-0.105046	0.0627781	4.81225
1.08521	-0.432655	-0.0971143	0.527268	-2.04479
1.07297	-0.516522	-0.084545	0.311583	-5.2
1.05578	-0.804262	-0.0850629	-0.347187	-3.58197
1.03296	-1.01021	-0.100077	-0.828348	3.60143
1.00723	-0.918804	-0.12094	-0.664948	5.2
0.986525	-0.680692	-0.13187	-0.188493	5.2
0.971584	-0.435514	-0.130091	0.301344	2.86436
0.962328	-0.317322	-0.119523	0.518968	-0.124798
0.953546	-0.345669	-0.106545	0.417011	-5.0157
0.941808	-0.604584	-0.10334	-0.183766	-4.06892
0.922765	-0.849067	-0.115888	-0.755901	2.49469
0.90091	-0.795048	-0.135631	-0.680783	5.2
0.883233	-0.567754	-0.147431	-0.232208	5.2
0.871569	-0.338762	-0.147376	0.218064	3.94595
0.865036	-0.172569	-0.137394	0.532757	-2.32625
0.859484	-0.28845	-0.126481	0.234632	-4.56096
0.848951	-0.548682	-0.128415	-0.375833	-1.67212
0.832035	-0.688632	-0.143821	-0.72975	5.2
0.816556	-0.516754	-0.158912	-0.403963	5.2
0.806151	-0.293041	-0.163534	0.0297555	5.2
0.801592	-0.0801252	-0.157432	0.442174	1.7995
0.80055	-0.0165877	-0.14436	0.529556	-3.01506
0.798229	-0.184506	-0.135885	0.116907	-4.03793
0.790111	-0.433092	-0.140731	-0.473147	0.580763
0.778297	-0.452982	-0.154916	-0.566855	5.2
0.769027	-0.24985	-0.164908	-0.177697	5.2
0.765482	-0.0215297	-0.163529	0.262797	4.40838
0.767211	0.15208	-0.152687	0.590082	-0.928509
0.771133	0.0934119	-0.137678	0.408689	-4.2203
0.770453	-0.1485	-0.134629	-0.164367	-0.0806503
0.76502	-0.235024	-0.142969	-0.400483	3.9606
0.760401	-0.0910334	-0.15073	-0.137651	5.2
0.76086	0.122685	-0.148825	0.280342	4.08352
0.766355	0.291777	-0.137163	0.60108	-2.34553
0.772724	0.181653	-0.124721	0.317477	-4.21777
0.774019	-0.0824173	-0.124655	-0.303738	-1.55035
0.770169	-0.209702	-0.136709	-0.624672	5.2
0.766293	-0.0244736	-0.150596	-0.272688	5.2
0.768892	0.207758	-0.151584	0.181321	5.2
0.776448	0.413641	-0.142198	0.584947	1.05611
0.788528	0.454596	-0.125084	0.627029	-3.65572
0.797555	0.254342	-0.115038	0.14981	-4.29328
0.800563	-0.0203903	-0.12001	-0.492402	0.899861
0.799415	-0.0426918	-0.134249	-0.582758	5.2
0.800719	0.158579	-0.14476	-0.190318	5.2
0.8075	0.374861	-0.143976	0.235179	5.2
0.82028	0.600068	-0.131872	0.680296	0.713072
0.836419	0.619562	-0.113586	0.680879	-4.46526
0.849761	0.383808	-0.102438	0.128299	-4.69132
0.856012	0.0902832	-0.108489	-0.551079	1.24482
0.857643	0.0763829	-0.124122	-0.619593	5.2
0.862469	0.293398	-0.135443	-0.190971	5.2
0.873706	0.529782	-0.134019	0.278233	5.2
0.890554	0.757992	-0.120659	0.733693	0.420653
0.910691	0.767376	-0.101169	0.716155	-4.86983
0.9274	0.503028	-0.0900915	0.104963	-4.9293
0.936513	0.20967	-0.0964669	-0.56885	1.60325
0.9414	0.202516	-0.114032	-0.621792	5.2
0.949524	0.425046	-0.124486	-0.175583	5.2
0.9637	0.656153	-0.122785	0.287866	5.2
0.983859	0.887855	-0.109056	0.755063	0.420778
1.00649	0.899612	-0.0896638	0.747965	-4.92152
1.0269	0.64609	-0.0771417	0.164384	-5.15449
1.0396	0.343237	-0.0821895	-0.52586	1.03566
1.04746	0.310106	-0.0986054	-0.629215	5.2
1.05865	0.533128	-0.109931	-0.17798	5.2
1.07571	0.769175	-0.108076	0.301515	5.2
1.09889	1.00584	-0.0937344	0.784952	0.275661
1.12547	1.01453	-0.0727967	0.775309	-5.2
1.14875	0.751722	-0.0597236	0.176964	-5.2
1.16422	0.450014	-0.0643417	-0.505068	0.835411
1.17511	0.426306	-0.0795692	-0.581494	5.2
1.18838	0.643719	-0.0887443	-0.132858	5.2
1.2084	0.887234	-0.0853937	0.370772	4.7301
1.23559	1.11686	-0.0687142	0.846197	-0.961226
1.2642	1.05064	-0.0479281	0.681007	-5.2
1.28793	0.769711	-0.0382851	0.0506317	-4.64779
1.30432	0.502668	-0.0450862	-0.548751	1.97453
1.31699	0.52336	-0.0604742	-0.521382	5.2
1.33435	0.768917	-0.0677824	-0.00603176	5.2
1.35671	1.01009	-0.0613405	0.501223	3.16365
1.38631	1.16891	-0.0429778	0.830595	-2.40534
1.41446	1.05851	-0.0247241	0.577381	-5.2
1.43913	0.768179	-0.0178055	-0.0665528	-3.78474
1.45612	0.550387	-0.0261843	-0.551407	2.99745
1.47079	0.629481	-0.0398634	-0.389267	5.2
1.49055	0.884896	-0.0427478	0.156521	5.2
1.51705	1.14431	-0.0311853	0.712437	1.09299
1.54785	1.20606	-0.0104781	0.840539	-5.0624
1.57644	0.970042	0.00526234	0.320634	-5.2
1.59775	0.683443	0.00508614	-0.304376	-1.47571
1.61491	0.568368	-0.00774932	-0.557062	5.2
1.63139	0.781302	-0.0167464	-0.0942222	5.2
1.6564	1.06024	-0.0107942	0.512357	3.33895
1.68389	1.22089	0.00597885	0.86371	-3.24529
1.71609	1.11024	0.0276757	0.627088	-5.2
1.74132	0.838421	0.0361649	0.0420872	-5.1362
1.75949	0.569471	0.0294486	-0.536241	0.995412
1.77335	0.578358	0.0153175	-0.509375	5.2
1.79232	0.840833	0.00898878	0.0702912	5.2
1.81792	1.11768	0.0190697	0.681908	1.10335
1.85065	1.20068	0.0414501	0.874894	-5.2
1.87955	0.985965	0.0593353	0.421561	-5.2
1.90232	0.711617	0.0625752	-0.158038	-3.5697
1.91833	0.531414	0.05328	-0.53314	2.60462
1.9337	0.642426	0.0413687	-0.273142	5.2
1.95411	0.923162	0.0425893	0.356349	4.13233
1.98131	1.1565	0.0590836	0.884945	-2.66101
2.01084	1.07724	0.0812314	0.735363	-5.2
2.03553	0.826749	0.0934643	0.216574	-5.2
2.05363	0.576033	0.0920987	-0.300816	-2.15314
2.06702	0.471298	0.0812029	-0.500636	3.49184
2.08154	0.638333	0.0719898	-0.107819	5.2
2.10113	0.92024	0.0775647	0.534023	1.70183
2.12706	1.05133	0.0962349	0.850699	-5.2
2.15224	0.852129	0.114103	0.450723	-5.2
2.16988	0.62817	0.119228	-0.00271036	-5.2
2.183	0.388261	0.112649	-0.488078	-0.529376
2.19184	0.350749	0.0990225	-0.535445	4.93197
2.20385	0.598293	0.09186	0.038807	5.2
2.22347	0.899388	0.102206	0.730804	-0.604921
2.24735	0.899141	0.122802	0.768772	-5.2
2.268	0.680611	0.137409	0.335329	-5.2
2.28255	0.448346	0.139888	-0.12526	-4.71215
2.29139	0.241331	0.131114	-0.53163	0.169313
2.29768	0.265159	0.117902	-0.43712	4.81384
2.30793	0.532201	0.114405	0.186346	3.94441
2.32506	0.774431	0.126994	0.757109	-2.89771
2.34556	0.705079	0.147214	0.654243	-5.2
2.36095	0.482955	0.158495	0.22108	-5.2
2.3705	0.260174	0.158389	-0.2116	-4.21991
2.3749	0.0865203	0.148435	-0.538628	1.37525
2.37752	0.153242	0.135903	-0.344477	4.26833
2.38486	0.409799	0.134913	0.262092	0.108344
2.39684	0.484834	0.145241	0.473568	-4.47204
2.4074	0.316262	0.153776	0.15609	-5.2
2.41251	0.101287	0.152219	-0.263528	-3.77795
2.41309	-0.0461692	0.141998	-0.537519	3.16872
2.4134	0.109211	0.131965	-0.151434	4.01436
2.42001	0.370124	0.136517	0.466016	-0.350322
2.43037	0.401489	0.150902	0.583418	-5.2
2.43836	0.20099	0.161438	0.198677	-5.2
2.44062	-0.0186498	0.160857	-0.226161	-4.72041
2.43747	-0.215103	0.149877	-0.602215	-0.288324
2.43136	-0.223231	0.133762	-0.571534	4.25066
2.42844	0.0238173	0.125774	0.0142312	4.09175
2.43223	0.269174	0.133665	0.592924	-2.32448
2.43938	0.254263	0.149985	0.606861	-5.2
2.44335	0.0364316	0.160822	0.186037	-5.2
2.44115	-0.190742	0.159681	-0.253454	-4.97691
2.43378	-0.390617	0.148337	-0.639472	-0.376987
2.42313	-0.399016	0.131284	-0.610023	4.276
2.41599	-0.162772	0.12277	-0.0520046	4.14538
2.41536	0.105702	0.130221	0.57948	-1.95091
2.4184	0.0906806	0.14654	0.59381	-5.2
2.41801	-0.121942	0.156667	0.180909	-5.2
2.41042	-0.374976	0.154464	-0.31062	-5.2
2.3983	-0.586771	0.141336	-0.724718	0.0135591
2.38348	-0.555841	0.123471	-0.613492	4.89717
2.37204	-0.276049	0.115282	0.0404736	3.90926
2.36826	-0.0176147	0.124997	0.647957	-3.19708
2.3677	-0.0776804	0.14296	0.564167	-5.2
2.36244	-0.306161	0.152019	0.117045	-5.2
2.35151	-0.526333	0.149255	-0.31275	-4.85616
2.33507	-0.73016	0.13578	-0.709448	-0.323284
2.31587	-0.726185	0.117445	-0.657395	4.43577
2.30002	-0.47851	0.107508	-0.0773481	4.09368
2.29103	-0.223775	0.113548	0.5174	-2.17208
2.28538	-0.249824	0.127931	0.501505	-5.2
2.27571	-0.471657	0.135724	0.063022	-5.2
2.26043	-0.697224	0.131356	-0.384725	-4.32473
2.23894	-0.886967	0.115765	-0.755765	2.85258
2.21635	-0.744909	0.0988701	-0.406887	4.88717
2.20031	-0.446572	0.0972882	0.280556	1.44255
2.18981	-0.301091	0.111359	0.638359	-5.2
2.17894	-0.506604	0.124531	0.232091	-5.2
2.16267	-0.735963	0.12435	-0.22729	-5.2
2.14044	-0.965271	0.112231	-0.688494	-1.3326
2.11554	-1.01064	0.0937748	-0.753798	3.94499
2.09077	-0.797417	0.0793765	-0.256325	4.88773
2.07396	-0.50685	0.0816596	0.407248	-0.363241
2.06223	-0.462538	0.0942701	0.532993	-5.2
2.04756	-0.678496	0.102789	0.093722	-5.2
2.02579	-0.92455	0.0982717	-0.409352	-4.60443
1.99896	-1.13182	0.081933	-0.832272	1.14682
1.97007	-1.0587	0.061806	-0.647409	5.2
1.947	-0.782962	0.0533186	-0.0244011	4.00899
1.92993	-0.542588	0.0601381	0.521477	-2.57828
1.91621	-0.596726	0.0731233	0.424635	-5.2
1.89753	-0.836928	0.0775761	-0.075953	-5.2
1.87354	-1.07265	0.0692804	-0.568274	-2.53569
1.84403	-1.1862	0.0512387	-0.796354	2.9189
1.81479	-1.03998	0.0342403	-0.461245	5.2
1.79162	-0.748486	0.0308804	0.18871	2.30346
1.77502	-0.598752	0.0403722	0.528496	-4.61572
1.75787	-0.764133	0.0508438	0.181562	-5.2
1.73458	-1.0182	0.0482916	-0.358365	-4.9217
1.70611	-1.24962	0.0329183	-0.852126	0.931159
1.67481	-1.20716	0.0115832	-0.751602	5.2
1.64673	-0.942141	-0.00069007	-0.16868	5.2
1.62546	-0.644835	0.00389933	0.483616	-0.326997
1.60944	-0.620573	0.0181502	0.540528	-5.2
1.59032	-0.861861	0.0257761	0.0190439	-5.2
1.56436	-1.12532	0.0185745	-0.550908	-2.80284
1.53308	-1.26876	-0.00011558	-0.862084	3.4127
1.50163	-1.12069	-0.0191986	-0.54068	5.2
1.47374	-0.811332	-0.0249016	0.129041	4.02462
1.45621	-0.602117	-0.0157292	0.581016	-3.11479
1.43985	-0.704015	-0.00221993	0.354559	-5.2
1.41699	-0.982868	-0.00108984	-0.257303	-5.2
1.38777	-1.25483	-0.0158571	-0.856299	0.627297
1.35517	-1.21133	-0.0381721	-0.770135	5.2
1.32595	-0.946523	-0.0515453	-0.205622	5.2
1.30497	-0.677941	-0.0491646	0.365864	0.996139
1.28877	-0.598351	-0.0367334	0.525643	-5.18487
1.27123	-0.829334	-0.0293993	0.00853626	-5.2
1.24588	-1.10965	-0.0376285	-0.617199	-1.66423
1.2177	-1.21565	-0.0559998	-0.864249	5.19757
1.18658	-1.02971	-0.0759404	-0.480344	5.2
1.16183	-0.749005	-0.0808573	0.105762	4.45392
1.14587	-0.537513	-0.0724863	0.543903	-1.81218
1.13127	-0.591824	-0.058317	0.401784	-5.2
1.11331	-0.85105	-0.0554392	-0.18476	-5.2
1.08499	-1.16089	-0.0707858	-0.886584	1.05494
1.05571	-1.14048	-0.0938485	-0.869259	5.2
1.02908	-0.903681	-0.110309	-0.385578	5.2
1.00958	-0.666257	-0.113648	0.0974006	4.26113
0.994993	-0.466876	-0.105635	0.496371	-1.49586
0.982466	-0.530307	-0.0940422	0.323595	-5.2
0.964989	-0.815782	-0.0941337	-0.333174	-3.61262
0.940814	-1.03248	-0.109745	-0.842108	3.56892
0.915719	-0.933932	-0.129734	-0.665977	5.2
0.894533	-0.700642	-0.140898	-0.202026	5.2
0.879476	-0.466927	-0.139887	0.261098	3.13445
0.869204	-0.334351	-0.129639	0.505043	-2.14902
0.85963	-0.436285	-0.119009	0.239922	-4.74608
0.845352	-0.701316	-0.120891	-0.378777	-2.07565
0.823988	-0.86206	-0.137055	-0.775762	4.87753
0.803256	-0.696487	-0.154215	-0.463759	5.2
0.788225	-0.469074	-0.16027	-0.020524	5.2
0.779309	-0.252874	-0.155316	0.400037	1.89809
0.77432	-0.161956	-0.142141	0.547961	-2.97668
0.768335	-0.322398	-0.132405	0.150733	-4.64854
0.756224	-0.600767	-0.13725	-0.503337	-0.670087
0.739093	-0.694723	-0.154299	-0.758264	5.2
0.723247	-0.502715	-0.169913	-0.3944	5.2
0.71316	-0.282468	-0.174443	0.0277527	5.2
0.708823	-0.0728458	-0.168535	0.42912	2.03907
0.708198	0.00653336	-0.154826	0.545202	-2.74811
0.706324	-0.162671	-0.14533	0.122799	-4.02351
0.698737	-0.412929	-0.150143	-0.473854	0.727378
0.687413	-0.436073	-0.164462	-0.578535	5.2
0.678122	-0.235471	-0.175479	-0.200166	5.2
0.674917	-0.0106857	-0.174871	0.228467	4.90652
0.677364	0.191243	-0.163769	0.611396	0.440283
0.682512	0.196418	-0.148355	0.571461	-4.2278
0.684798	-0.038153	-0.140326	0.0100421	-3.94968
0.680127	-0.296924	-0.148715	-0.606119	2.26124
0.672083	-0.263683	-0.165909	-0.589229	5.2
0.668028	-0.0613799	-0.175824	-0.203607	5.2
0.669503	0.16195	-0.175355	0.221694	5.2
0.676614	0.377248	-0.164049	0.63363	0.943257
0.687176	0.408128	-0.146654	0.647927	-4.02607
0.69496	0.177419	-0.136641	0.0957282	-4.35092
0.696022	-0.0820069	-0.142207	-0.516607	1.71883
0.693163	-0.0922697	-0.157908	-0.590144	5.2
0.69344	0.116341	-0.168153	-0.190164	5.2
0.699739	0.341551	-0.167222	0.242229	5.2
0.710988	0.550436	-0.155945	0.645257	0.999348
0.725974	0.579593	-0.138383	0.658596	-3.84118
0.738418	0.36132	-0.127615	0.136274	-4.16614
0.744292	0.100611	-0.13236	-0.4777	1.53808
0.74642	0.0975478	-0.146477	-0.53183	5.2
0.751463	0.300194	-0.155517	-0.140502	5.2
0.762236	0.519814	-0.153396	0.286691	5.1879
0.778713	0.739769	-0.140157	0.717056	0.688024
0.798401	0.753593	-0.121138	0.702473	-4.43593
0.815191	0.515711	-0.109543	0.142865	-4.50213
0.824875	0.240105	-0.114486	-0.498037	1.52351
0.83058	0.235988	-0.129159	-0.54773	5.2
0.83903	0.443455	-0.137857	-0.138571	5.2
0.853609	0.669063	-0.135423	0.308154	5.19746
0.874054	0.895575	-0.121344	0.759486	0.491851
0.898662	0.904947	-0.100473	0.740422	-4.82346
0.918975	0.642343	-0.0887047	0.133357	-4.88564
0.931379	0.36158	-0.0937558	-0.511069	1.58808
0.939948	0.348576	-0.10932	-0.574134	5.2
0.951874	0.571571	-0.118501	-0.124973	5.2
0.96907	0.79499	-0.115763	0.32553	4.99959
0.992747	1.01804	-0.101232	0.776441	0.243644
1.01747	1.02046	-0.0823352	0.752592	-5.0207
1.04216	0.770222	-0.068679	0.177802	-5.02245
1.05864	0.46254	-0.0736763	-0.521172	1.02884
1.06946	0.442566	-0.088653	-0.591493	5.2
1.08425	0.666927	-0.0988709	-0.133438	5.2
1.10481	0.904946	-0.095747	0.354529	4.97889
1.13256	1.14184	-0.0793617	0.842014	-2.17461
1.16051	1.05373	-0.0599332	0.625954	-5.2
1.18419	0.765192	-0.0520653	-0.0253255	-3.79348
1.20093	0.535244	-0.0598857	-0.54814	3.10273
1.21539	0.619599	-0.0732436	-0.385987	5.2
1.23471	0.862017	-0.0765694	0.119586	5.2
1.25934	1.09834	-0.0671661	0.613705	2.07
1.28943	1.19777	-0.0481242	0.811705	-3.42163
1.3189	1.03772	-0.0308788	0.447372	-5.2
1.34196	0.744563	-0.0279862	-0.205228	-2.19684
1.35792	0.605232	-0.0372176	-0.520844	4.75394
1.37565	0.766248	-0.0484369	-0.183104	5.2
1.399	1.02148	-0.045889	0.360083	4.906
1.42755	1.25337	-0.030459	0.855861	-0.972923
1.45985	1.19387	-0.00895216	0.718572	-5.2
1.48742	0.922244	0.00210916	0.121871	-5.2
1.5069	0.647468	-0.00268272	-0.480614	0.810643
1.52284	0.626385	-0.0171711	-0.530179	5.2
1.54135	0.862418	-0.024272	-0.0194732	5.2
1.56848	1.13684	-0.0164791	0.574823	2.78682
1.59877	1.27502	0.00195205	0.875279	-3.6984
1.62944	1.13712	0.0212319	0.576701	-5.2
1.65533	0.861706	0.0282847	-0.0186559	-4.36279
1.67456	0.628225	0.0209585	-0.522056	1.88518
1.69104	0.67909	0.00777866	-0.40562	5.2
1.71307	0.952858	0.00494747	0.196767	5.2
1.74153	1.22643	0.018201	0.800376	-0.0526812
1.77391	1.21067	0.0402102	0.775787	-5.2
1.80342	0.959098	0.05441	0.241195	-5.2
1.82405	0.701841	0.0533271	-0.304974	-1.42614
1.8406	0.60181	0.0418958	-0.50795	4.46157
1.85782	0.800515	0.0341393	-0.0599871	5.2
1.88241	1.08199	0.0410306	0.569656	2.12564
1.91243	1.21218	0.0601868	0.872202	-4.76001
1.94193	1.02212	0.0787548	0.479583	-5.2
1.96725	0.734719	0.0836629	-0.118978	-4.56536
1.98333	0.511626	0.0743196	-0.580643	1.89353
1.99698	0.578588	0.0603035	-0.410982	5.2
2.01567	0.858551	0.05787	0.222455	5.2
2.04075	1.13715	0.0716366	0.854007	-1.51444
2.07421	1.11901	0.0979158	0.846786	-5.2
2.10044	0.888761	0.114135	0.379087	-5.2
2.12024	0.644759	0.117291	-0.115444	-4.28681
2.13432	0.447815	0.108928	-0.507824	1.52906
2.14587	0.510405	0.0974656	-0.33708	5.2
2.16349	0.802646	0.0972493	0.336782	3.67547
2.18535	1.00767	0.111413	0.818267	-3.69637
2.21197	0.909844	0.132807	0.64779	-5.2
2.23254	0.67799	0.143526	0.188016	-5.2
2.24747	0.437787	0.141949	-0.28652	-3.06732
2.25674	0.315046	0.131713	-0.510019	2.3298
2.26662	0.443848	0.121576	-0.183766	4.73246
2.28183	0.720825	0.125373	0.463718	1.58543
2.30333	0.855201	0.142996	0.804897	-5.2
2.32426	0.663089	0.160751	0.43921	-5.2
2.33846	0.439232	0.166293	0.00603753	-5.2
2.34645	0.23512	0.161512	-0.388144	-1.90237
2.35132	0.151974	0.148571	-0.51488	2.75037
2.357	0.306811	0.139629	-0.127711	4.14868
2.36833	0.559366	0.144275	0.472164	-0.278479
2.38358	0.585266	0.158777	0.580274	-5.2
2.39656	0.394411	0.169741	0.21954	-5.2
2.40368	0.184044	0.16997	-0.184131	-4.62791
2.40588	-0.00663153	0.160292	-0.54409	-0.444708
2.40512	-0.0195307	0.145099	-0.518191	3.94448
2.40748	0.211266	0.13814	0.0359167	3.81059
2.4167	0.461176	0.147467	0.632183	-2.33232
2.42866	0.425335	0.16456	0.607136	-5.2
2.43696	0.216488	0.17508	0.206849	-5.2
2.43962	-0.00172454	0.174838	-0.207554	-5.02411
2.43657	-0.216319	0.163532	-0.615923	-0.711135
2.43025	-0.229538	0.146633	-0.589781	4.22769
2.42726	0.0120406	0.138463	-0.0135971	4.11224
2.43106	0.269993	0.146381	0.598275	-2.24774
2.43826	0.245412	0.163036	0.597351	-5.2
2.4419	0.0349665	0.173343	0.195252	-5.2
2.4399	-0.179866	0.172874	-0.214729	-5.2
2.43233	-0.394905	0.161746	-0.626976	-1.01729
2.42148	-0.419661	0.144895	-0.628628	3.93968
2.41313	-0.184383	0.135124	-0.0651737	4.1229
2.41176	0.0645847	0.141155	0.523928	-2.06692
2.41404	0.0576831	0.157212	0.561636	-5.2
2.41249	-0.169167	0.166873	0.125748	-5.2
2.40517	-0.385342	0.164526	-0.289841	-4.88084
2.39303	-0.57859	0.152482	-0.659781	-0.516276
2.37766	-0.581718	0.135311	-0.617404	0.137385
2.3632	-0.492661	0.121997	-0.377219	3.72236
2.3533	-0.267106	0.119101	0.156891	1.51376
2.34823	-0.137253	0.127843	0.482691	-4.62552
2.34295	-0.296827	0.137252	0.178882	-5.2
2.33218	-0.522973	0.135867	-0.269065	-5.2
2.31552	-0.750283	0.122783	-0.721848	-0.538521
2.29379	-0.77211	0.101597	-0.728119	4.72097
2.2761	-0.514699	0.0893311	-0.130931	5.05748
2.26721	-0.237733	0.0941253	0.504167	-1.31621
2.26168	-0.203682	0.112312	0.617946	-5.2
2.25315	-0.432931	0.122945	0.158022	-5.2
2.23812	-0.67285	0.120484	-0.323401	-5.12458
2.21753	-0.901835	0.10584	-0.78598	0.0455678
2.19511	-0.854387	0.0868907	-0.650289	5.2
2.17512	-0.556128	0.0777333	0.0328935	4.15393
2.16409	-0.304086	0.0864805	0.612665	-3.12771
2.15589	-0.375347	0.102185	0.488825	-5.2
2.14302	-0.609696	0.108556	0.0117275	-5.2
2.12482	-0.836892	0.102837	-0.450925	-3.56512
2.10086	-0.9951	0.0867336	-0.764781	1.65147
2.07673	-0.911236	0.0696069	-0.555337	5.16591
2.05633	-0.641616	0.0626779	0.0577789	3.16088
2.04254	-0.437136	0.0708151	0.528349	-3.36488
2.03142	-0.527416	0.0824115	0.35464	-5.2
2.01524	-0.760309	0.0850808	-0.128074	-5.2
1.99116	-1.01434	0.0742448	-0.65614	-1.86902
1.96352	-1.09768	0.0547229	-0.816524	4.02409
1.93611	-0.899405	0.0378074	-0.36557	5.2
1.91669	-0.604649	0.0371636	0.293181	1.46547
1.90287	-0.484269	0.049129	0.571635	-5.2
1.88758	-0.689917	0.0599829	0.140304	-5.2
1.86526	-0.953319	0.0559717	-0.416343	-4.41245
1.83759	-1.16672	0.0390558	-0.867645	1.63936
1.8066	-1.09679	0.0169203	-0.704314	5.2
1.78252	-0.829633	0.0066832	-0.11469	5.2
1.76429	-0.531802	0.0127808	0.541588	-0.81203
1.75004	-0.524893	0.029434	0.564438	-5.2
1.73355	-0.75967	0.0380201	0.0612688	-5.2
1.71026	-1.02093	0.0320418	-0.499453	-3.26267
1.68265	-1.17805	0.0150845	-0.83604	2.83834
1.65078	-1.05728	-0.00583485	-0.569523	5.2
1.62619	-0.76944	-0.012571	0.0582493	4.21502
1.60931	-0.539826	-0.00424414	0.558721	-2.38059
1.5949	-0.610497	0.00946156	0.404646	-5.2
1.57572	-0.867536	0.012776	-0.155081	-5.2
1.54838	-1.14744	4.35846e-05	-0.766335	-0.535108
1.51763	-1.19487	-0.0219217	-0.873967	5.2
1.48855	-0.940418	-0.0386925	-0.326925	5.2
1.46777	-0.668577	-0.0393088	0.255658	2.20709
1.45227	-0.542355	-0.028704	0.520715	-4.01905
1.43631	-0.716797	-0.0193542	0.13015	-5.2
1.414	-0.99296	-0.0241341	-0.482578	-2.98611
1.38584	-1.16092	-0.0419434	-0.861936	3.66143
1.35675	-1.03312	-0.062181	-0.599662	5.2
1.33257	-0.764559	-0.0705643	-0.034732	5.2
1.3162	-0.504949	-0.0640999	0.511075	-0.0821702
1.30416	-0.489364	-0.0502807	0.526435	-5.2
1.28821	-0.751905	-0.0439012	-0.0649064	-5.2
1.26477	-1.03958	-0.0543232	-0.711974	-0.672306
1.23652	-1.11042	-0.0757876	-0.889388	5.2
1.21027	-0.88821	-0.0935617	-0.431724	5.2
1.18994	-0.627709	-0.0976767	0.104823	4.54547
1.17577	-0.394733	-0.0877862	0.580785	-1.35844
1.16484	-0.450531	-0.0731296	0.430096	-5.2
1.1495	-0.732217	-0.0702153	-0.211208	-4.99787
1.12763	-1.00565	-0.0836109	-0.835233	1.91478
1.10108	-0.986561	-0.106646	-0.826117	5.2
1.07832	-0.756278	-0.122304	-0.361368	5.2
1.06193	-0.514602	-0.125108	0.1252	4.55908
1.05139	-0.305923	-0.116198	0.540532	-2.91173
1.04251	-0.425115	-0.104685	0.242203	-5.2
1.02752	-0.721887	-0.10749	-0.443121	-2.25441
1.00651	-0.878245	-0.124426	-0.824654	5.2
0.985486	-0.698019	-0.142516	-0.476335	5.2
0.970961	-0.47385	-0.148645	-0.0340374	5.2
0.961747	-0.243797	-0.143416	0.418946	1.84343
0.956907	-0.165954	-0.130792	0.544152	-3.31724
0.950609	-0.334737	-0.120703	0.130782	-4.77366
0.938128	-0.616658	-0.126124	-0.527513	-0.726509
0.920587	-0.710123	-0.143742	-0.777816	5.2
0.904899	-0.522964	-0.159312	-0.418732	5.2
0.894353	-0.297825	-0.164277	0.0178716	5.2
0.889615	-0.0751146	-0.157994	0.449294	1.94079
0.888785	-0.0043964	-0.144566	0.552189	-3.07598
0.886674	-0.177246	-0.134707	0.12528	-4.27199
0.879002	-0.427889	-0.139235	-0.467113	0.482945
0.867244	-0.451616	-0.153422	-0.568715	5.2
0.858258	-0.256211	-0.163275	-0.193791	5.2
0.854599	-0.0341691	-0.162506	0.235645	4.55693
0.856339	0.158069	-0.151369	0.601917	0.012181
0.860449	0.146933	-0.1366	0.530334	-4.36316
0.861131	-0.102543	-0.130287	-0.0602117	-3.74982
0.85492	-0.347196	-0.140093	-0.642514	2.76767
0.845595	-0.281928	-0.157997	-0.554709	5.2
0.841191	-0.0734988	-0.166775	-0.152719	5.2
0.842235	0.142796	-0.165051	0.265034	4.58944
0.848237	0.327623	-0.153848	0.614329	0.199172
0.856988	0.321624	-0.138052	0.551393	-4.0554
0.862381	0.0855738	-0.130827	-0.0101388	-3.54609
0.861677	-0.132155	-0.137858	-0.529824	2.65876
0.858546	-0.083159	-0.151332	-0.470081	5.2
0.859418	0.144217	-0.157976	-0.0280569	5.2
0.866536	0.374469	-0.152464	0.419961	3.48612
0.878703	0.518335	-0.137363	0.682859	-1.93506
0.891085	0.408653	-0.122611	0.398748	-4.62119
0.898073	0.133178	-0.120755	-0.2449	-1.82975
0.899271	-0.0190516	-0.132644	-0.620765	5.2
0.900637	0.15961	-0.145348	-0.277636	5.2
0.907843	0.385461	-0.146556	0.16629	5.2
0.92152	0.6194	-0.135629	0.627519	1.57742
0.937873	0.673123	-0.118597	0.703126	-3.73888
0.953199	0.478743	-0.1056	0.239693	-4.74798
0.961811	0.193928	-0.108249	-0.419733	0.240617
0.96588	0.146043	-0.121808	-0.563588	5.2
0.971857	0.345774	-0.131343	-0.168183	5.2
0.98396	0.576056	-0.129508	0.291013	5.18502
1.00204	0.806292	-0.115735	0.752591	0.361264
1.02283	0.825644	-0.0960059	0.759937	-5.04712
1.04124	0.566472	-0.0833507	0.161952	-5.2
1.05185	0.261614	-0.0885425	-0.534694	0.985966
1.05785	0.238834	-0.104652	-0.617471	5.2
1.06684	0.46016	-0.11512	-0.170545	5.2
1.08129	0.686893	-0.113412	0.288213	5.2
1.10233	0.923264	-0.099452	0.769036	0.325581
1.12679	0.934512	-0.0788912	0.763384	-5.19595
1.14839	0.648036	-0.0666307	0.109788	-5.2
1.16116	0.346364	-0.0730253	-0.574698	1.48286
1.16959	0.332895	-0.0909555	-0.633247	5.2
1.18168	0.568911	-0.101739	-0.150632	5.2
1.19971	0.809163	-0.0990098	0.341132	4.99098
1.22386	1.0395	-0.0837756	0.814079	-2.27525
1.25018	0.942536	-0.064519	0.576242	-5.2
1.2722	0.628937	-0.0582781	-0.133204	-3.40721
1.28562	0.416652	-0.0684579	-0.619772	4.15018
1.2988	0.551759	-0.08445	-0.352986	5.2
1.3164	0.794008	-0.0868776	0.148419	5.2
1.33928	1.027	-0.076895	0.631815	1.75016
1.36732	1.10955	-0.057856	0.789486	-3.65841
1.39515	0.92307	-0.0414642	0.363192	-5.2
1.41453	0.637219	-0.0406661	-0.276726	-1.31659
1.42904	0.511556	-0.0525844	-0.567935	5.2
1.44436	0.707244	-0.0631719	-0.15884	5.2
1.46614	0.958245	-0.0601528	0.370148	4.73518
1.49413	1.18563	-0.044054	0.850501	-1.03292
1.52346	1.12664	-0.0236271	0.709953	-5.2
1.55024	0.846493	-0.0125306	0.0894215	-5.2
1.56777	0.567508	-0.0183164	-0.527205	1.25722
1.582	0.569782	-0.0333032	-0.530978	5.2
1.59993	0.81492	-0.0404281	-0.00617307	5.2
1.62462	1.07376	-0.0331011	0.548614	2.79481
1.65327	1.20737	-0.015529	0.833413	-3.26706
1.68418	1.05331	0.0032138	0.493426	-5.2
1.70783	0.771771	0.00786995	-0.121917	-3.27668
1.7253	0.585083	-0.000978687	-0.529972	3.22207
1.74149	0.699376	-0.012622	-0.281699	5.2
1.76223	0.953358	-0.0125833	0.27101	5.2
1.78941	1.21089	0.00149253	0.83371	-0.62724
1.82082	1.16513	0.0230579	0.73753	-5.2
1.84693	0.916508	0.0349884	0.201981	-5.2
1.86641	0.652608	0.0326512	-0.36544	-0.731056
1.88174	0.565925	0.019698	-0.546487	5.2
1.89932	0.808103	0.0118452	-0.0102136	5.2
1.92407	1.08454	0.0198335	0.601138	1.9254
1.95897	1.22175	0.0432367	0.914176	-4.85395
1.9885	1.01722	0.0623182	0.484022	-5.2
2.01137	0.752947	0.0673658	-0.0729751	-4.2829
2.02802	0.537845	0.059351	-0.522655	1.64609
2.04225	0.593076	0.0465591	-0.383568	5.2
2.06105	0.860615	0.0442093	0.218135	5.2
2.08614	1.13543	0.0577018	0.837015	-1.21799
2.11729	1.12061	0.0817004	0.82939	-5.2
2.14421	0.869719	0.09723	0.311758	-5.2
2.16343	0.618973	0.0983552	-0.203928	-3.2335
2.17739	0.466838	0.0888258	-0.505119	2.37635
2.19119	0.583723	0.0782081	-0.219706	5.2
2.20928	0.860615	0.0807257	0.412597	2.77063
2.23514	1.0409	0.098022	0.838903	-4.15386
2.26081	0.897535	0.117279	0.56202	-5.2
2.28154	0.647019	0.125382	0.0569166	-5.2
2.29516	0.408246	0.120416	-0.423497	-1.27578
2.30504	0.347321	0.107065	-0.516522	4.10217
2.31692	0.560451	0.0991003	-0.0138099	5.2
2.33641	0.872546	0.108763	0.705754	-0.216336
2.35977	0.884061	0.12913	0.771648	-5.2
2.38099	0.669727	0.14483	0.351718	-5.2
2.39571	0.430419	0.147704	-0.119556	-5.07603
2.40389	0.207675	0.138692	-0.557491	-0.197366
2.40867	0.191996	0.123445	-0.54702	4.93002
2.41673	0.449647	0.116488	0.0571669	4.98461
2.43317	0.756232	0.128026	0.770707	-1.60978
2.45472	0.746069	0.151164	0.80002	-5.2
2.47205	0.529297	0.167397	0.383179	-5.2
2.48313	0.300409	0.171559	-0.0565668	-5.2
2.48791	0.0903969	0.164908	-0.459896	-1.60184
2.48919	0.0286478	0.150764	-0.538859	3.15977
2.49194	0.205816	0.142359	-0.10401	4.09612
2.50121	0.470875	0.148355	0.526122	-0.782673
2.51403	0.491764	0.164013	0.624907	-5.2
2.52404	0.299532	0.175364	0.260905	-5.2
2.52898	0.07539	0.176413	-0.166064	-5.2
2.52789	-0.148312	0.165962	-0.593577	-1.01929
2.52341	-0.175368	0.149896	-0.59872	4.10233
2.52153	0.0508686	0.140855	-0.0551519	4.30805
2.52712	0.338722	0.149188	0.62656	-1.70137
2.53604	0.338813	0.166486	0.678554	-5.2
2.54237	0.139746	0.179518	0.303128	-5.2
2.54312	-0.0732634	0.181936	-0.100121	-5.2
2.53864	-0.276897	0.174424	-0.486021	-2.19741
2.53	-0.350074	0.159593	-0.585961	2.56116
2.52291	-0.200052	0.149215	-0.208564	3.60002
2.52084	0.0403858	0.151596	0.369364	-0.682063
2.52265	0.0730605	0.163914	0.496284	-5.2
2.52219	-0.124273	0.172835	0.125039	-5.2
2.51607	-0.33849	0.170556	-0.284118	-4.86498
2.50459	-0.536791	0.15809	-0.660907	-0.571536
2.49031	-0.541002	0.140891	-0.619014	4.03546
2.4789	-0.294696	0.13184	-0.0327016	3.76454
2.47449	-0.0542111	0.138723	0.53871	-2.67022
2.47306	-0.0977864	0.152645	0.491161	-5.2
2.4678	-0.308346	0.160186	0.084435	-5.2
2.45684	-0.526387	0.156676	-0.337888	-4.61599
2.44128	-0.709758	0.143638	-0.68916	-0.1238
2.4218	-0.704229	0.125001	-0.629365	4.13549
2.40652	-0.463126	0.115833	-0.0612036	3.70672
2.39767	-0.227933	0.121754	0.493401	-2.47247
2.39192	-0.259591	0.13555	0.467929	-5.2
2.38242	-0.473517	0.142355	0.0475202	-5.2
2.36638	-0.706154	0.137209	-0.411577	-4.26664
2.3456	-0.884825	0.121813	-0.757928	2.07763
2.32275	-0.773471	0.104195	-0.474251	4.82908
2.30593	-0.476915	0.100784	0.210752	2.03607
2.29581	-0.320303	0.111724	0.589465	-5.2
2.28621	-0.487932	0.123482	0.261225	-5.2
2.27112	-0.709824	0.124214	-0.183702	-5.2
2.25143	-0.922271	0.114472	-0.610897	-1.77775
2.22406	-1.00721	0.0945458	-0.758183	3.10393
2.19993	-0.833205	0.0797322	-0.347481	4.93672
2.18214	-0.543593	0.0795401	0.313716	0.913583
2.16982	-0.433098	0.0920734	0.584765	-5.2
2.15624	-0.636062	0.102648	0.173548	-5.2
2.13649	-0.874023	0.100584	-0.312813	-5.2
2.10943	-1.1219	0.0850212	-0.822457	-0.264789
2.07982	-1.13175	0.0630217	-0.818526	5.2
2.05372	-0.859668	0.0492865	-0.203196	5.2
2.03542	-0.560277	0.0531093	0.470188	-0.605831
2.02197	-0.519524	0.0680616	0.580065	-5.2
2.00509	-0.748534	0.0778348	0.104163	-5.2
1.98329	-0.985799	0.0739977	-0.39077	-4.4502
1.95359	-1.2041	0.0570307	-0.845659	1.02922
1.92277	-1.13433	0.0363237	-0.676685	5.2
1.89582	-0.851773	0.0262549	-0.0463191	4.58326
1.8778	-0.601111	0.0323992	0.51267	-2.01381
1.86154	-0.59711	0.0500685	0.537082	-5.2
1.84282	-0.842944	0.0572771	0.0165578	-5.2
1.81747	-1.09685	0.0504397	-0.52151	-3.28069
1.78552	-1.26042	0.0314378	-0.865346	2.6092
1.75392	-1.14225	0.0116086	-0.598853	5.2
1.72784	-0.864548	0.00400919	0.0126047	4.0552
1.70847	-0.637339	0.0111764	0.513227	-2.35758
1.69161	-0.701236	0.0239654	0.379087	-5.2
1.66903	-0.968515	0.0263469	-0.19794	-5.2
1.64029	-1.23282	0.0134732	-0.770482	-0.520944
1.60739	-1.27494	-0.00839454	-0.861946	5.2
1.57696	-1.03776	-0.0249165	-0.34756	5.2
1.55373	-0.760899	-0.0258569	0.250739	1.96961
1.53595	-0.632501	-0.0150274	0.525209	-4.41148
1.51658	-0.83278	-0.00593011	0.0824631	-5.2
1.49233	-1.09707	-0.0114306	-0.499776	-2.93564
1.46156	-1.25797	-0.0294405	-0.859369	3.38785
1.4299	-1.13676	-0.049681	-0.607222	5.2
1.40379	-0.875731	-0.0581576	-0.0534989	5.2
1.3846	-0.611292	-0.0519723	0.507209	-0.791763
1.36873	-0.610954	-0.0371067	0.492155	-5.2
1.35038	-0.86482	-0.0316847	-0.0755459	-5.2
1.32521	-1.13723	-0.0414984	-0.684547	-0.740444
1.29325	-1.20823	-0.0629985	-0.858633	5.2
1.2645	-0.982089	-0.0798343	-0.387614	5.2
1.24243	-0.725692	-0.0826827	0.146349	3.54494
1.2265	-0.560316	-0.0745195	0.482855	-2.19257
1.21134	-0.644693	-0.0635624	0.274553	-5.2
1.19087	-0.928337	-0.0648575	-0.368586	-3.7915
1.16372	-1.14836	-0.0813673	-0.875375	3.18801
1.13461	-1.05208	-0.102936	-0.696151	5.2
1.11049	-0.809025	-0.114445	-0.201234	5.2
1.09218	-0.557457	-0.112721	0.309093	2.40182
1.07884	-0.445788	-0.101147	0.515653	-3.23262
1.06547	-0.608602	-0.0920888	0.126486	-5.2
1.04477	-0.916949	-0.0984844	-0.581951	-1.57244
1.01908	-1.04061	-0.118154	-0.889513	5.2
0.99495	-0.856793	-0.136821	-0.529499	5.2
0.975221	-0.614697	-0.144372	-0.0499468	5.2
0.962339	-0.385111	-0.139543	0.403562	1.60724
0.953586	-0.313684	-0.126905	0.514368	-3.53597
0.943143	-0.507505	-0.119092	0.0488505	-4.84453
0.92529	-0.805555	-0.127457	-0.646233	0.291624
0.903717	-0.818765	-0.146271	-0.721803	5.2
0.88434	-0.604944	-0.16056	-0.309055	5.2
0.871622	-0.382545	-0.162763	0.121688	5.01166
0.864382	-0.162225	-0.153513	0.546875	0.56742
0.860802	-0.136298	-0.137716	0.551967	-4.47971
0.854033	-0.386584	-0.130223	-0.0421916	-4.69409
0.840142	-0.670774	-0.140334	-0.709184	1.83418
0.822377	-0.658771	-0.160181	-0.734309	5.2
0.807961	-0.448497	-0.174127	-0.33227	5.2
0.799223	-0.232614	-0.177193	0.0791464	5.2
0.796067	-0.0182275	-0.169619	0.487947	1.60632
0.796675	0.0400787	-0.154842	0.557838	-3.24229
0.795272	-0.159141	-0.145947	0.069835	-4.08877
0.788077	-0.406644	-0.151857	-0.519232	1.35514
0.776571	-0.415432	-0.167821	-0.594867	5.2
0.768771	-0.229486	-0.178044	-0.243354	5.2
0.765678	-0.00834663	-0.178726	0.176173	5.2
0.768539	0.212541	-0.16809	0.596751	1.10787
0.774688	0.240391	-0.151947	0.602953	-3.94829
0.778452	0.0147754	-0.142345	0.058335	-4.16311
0.775297	-0.247192	-0.149228	-0.563287	1.85666
0.767968	-0.25106	-0.166651	-0.628334	5.2
0.764059	-0.037118	-0.178188	-0.221672	5.2
0.765783	0.166457	-0.178701	0.164225	5.2
0.772961	0.377879	-0.16901	0.56631	1.62152
0.784629	0.433976	-0.151629	0.629844	-3.19307
0.794082	0.226612	-0.14066	0.12351	-4.00486
0.796491	-0.0381311	-0.146136	-0.505248	1.58428
0.795051	-0.0396838	-0.160962	-0.560849	5.2
0.796651	0.167586	-0.171096	-0.16703	5.2
0.8047	0.398756	-0.16935	0.275197	5.2
0.817969	0.614261	-0.156607	0.69002	0.802161
0.835251	0.638336	-0.137181	0.690395	-4.20128
0.848907	0.398983	-0.126259	0.122437	-4.41401
0.855825	0.10553	-0.132815	-0.566254	1.77034
0.858228	0.110973	-0.149783	-0.604332	5.2
0.863811	0.320963	-0.160316	-0.198405	5.2
0.875649	0.547147	-0.159536	0.239096	5.2
0.892049	0.756853	-0.148268	0.646652	1.35085
0.913436	0.804666	-0.129413	0.701794	-3.45232
0.931935	0.604221	-0.117028	0.221565	-4.24602
0.944078	0.340406	-0.119609	-0.39548	0.954153
0.952231	0.317067	-0.131995	-0.489214	5.2
0.96256	0.51744	-0.139554	-0.0955041	5.2
0.979052	0.742365	-0.136025	0.349341	4.90076
1.00121	0.954064	-0.121277	0.768216	0.172052
1.02621	0.947078	-0.101401	0.714732	-4.78222
1.04687	0.693857	-0.0905416	0.129031	-4.46078
1.06125	0.42395	-0.0956146	-0.49334	1.79651
1.07191	0.436157	-0.109722	-0.501538	5.2
1.08679	0.668549	-0.117023	-0.0330673	5.2
1.10642	0.892433	-0.111964	0.419357	4.12232
1.1332	1.08129	-0.0952781	0.795794	-1.26955
1.16061	1.00036	-0.0765226	0.589139	-5.1842
1.18217	0.722205	-0.0696419	-0.0439948	-3.22592
1.19758	0.524313	-0.0768683	-0.501319	3.5295
1.21173	0.614915	-0.0891422	-0.33113	5.2
1.23085	0.851862	-0.0913094	0.157068	5.2
1.25626	1.09385	-0.0804729	0.657644	1.86975
1.2861	1.18182	-0.0606293	0.826085	-3.74212
1.31487	1.00105	-0.0436903	0.41208	-5.2
1.3377	0.697221	-0.0419598	-0.268832	-1.66216
1.35382	0.566965	-0.053571	-0.570469	5.2
1.37001	0.76185	-0.0636713	-0.162582	5.2
1.39425	1.02355	-0.0603293	0.388903	4.92388
1.42408	1.26194	-0.0434094	0.893444	-1.08596
1.45686	1.21218	-0.0203876	0.773302	-5.2
1.48392	0.948833	-0.00821862	0.191218	-5.2
1.50536	0.650501	-0.0122765	-0.466352	0.234428
1.52075	0.61572	-0.0259204	-0.548812	5.2
1.53946	0.844723	-0.0344115	-0.0570707	5.2
1.56497	1.10689	-0.028275	0.506901	3.36419
1.59607	1.27598	-0.0100845	0.870915	-2.77196
1.62929	1.15411	0.0107378	0.603776	-5.2
1.65478	0.88988	0.0185161	0.0292238	-4.46008
1.6753	0.640638	0.0116841	-0.511781	1.55097
1.69123	0.672197	-0.00126377	-0.440916	5.2
1.71281	0.935046	-0.00566275	0.134135	5.2
1.73958	1.19613	0.00513211	0.706385	0.82988
1.77196	1.2665	0.0263818	0.865953	-5.2
1.8034	1.03042	0.0438996	0.360922	-5.2
1.82654	0.760544	0.0454835	-0.215397	-2.47275
1.84371	0.629337	0.0362137	-0.489604	3.67539
1.86145	0.77595	0.0266514	-0.157568	5.2
1.88539	1.05638	0.0309367	0.466849	3.33963
1.91418	1.23608	0.0480004	0.873611	-3.4327
1.94549	1.12623	0.0691837	0.652938	-5.2
1.97046	0.878619	0.0788292	0.134677	-5.2
1.98984	0.622188	0.0750924	-0.400837	-0.822075
2.00478	0.558329	0.0622778	-0.517317	5.0526
2.02226	0.807672	0.0556009	0.0489811	5.2
2.04719	1.0982	0.0657488	0.706061	0.813508
2.07588	1.17579	0.0864507	0.901018	-5.2
2.10421	0.971735	0.105421	0.487117	-5.2
2.12614	0.725493	0.111281	-0.0149776	-5.2
2.14266	0.463326	0.103115	-0.549329	-0.0475766
2.15415	0.421641	0.0865288	-0.606929	5.2
2.16817	0.681254	0.0778281	-0.0105289	5.2
2.18991	0.978749	0.0867378	0.668819	1.46188
2.21709	1.09383	0.108375	0.954077	-5.2
2.2397	0.932206	0.126582	0.634524	-5.2
2.2634	0.65869	0.137097	0.0883298	-5.2
2.27739	0.426194	0.133147	-0.374012	-1.8194
2.28795	0.346671	0.120347	-0.501446	3.38558
2.30019	0.546656	0.112455	-0.0215874	4.87393
2.31994	0.855284	0.122189	0.696218	-0.393102
2.34479	0.874115	0.144373	0.786481	-5.2
2.36626	0.649463	0.160656	0.351839	-5.2
2.38056	0.4185	0.163874	-0.0952191	-5.2
2.38865	0.189064	0.155086	-0.53979	-0.791995
2.39288	0.162547	0.14024	-0.54738	4.44721
2.40012	0.40914	0.133211	0.037868	4.67508
2.41601	0.714756	0.144698	0.756407	-1.77569
2.43572	0.707764	0.166804	0.796513	-5.2
2.45059	0.52353	0.181992	0.449451	-5.2
2.46003	0.342939	0.187946	0.108713	-5.2
2.46665	0.0924116	0.183777	-0.362129	-3.76764
2.46692	-0.0627612	0.16952	-0.635726	2.46044
2.46665	0.0868113	0.154957	-0.245727	4.76639
2.47275	0.376379	0.157671	0.439379	1.92045
2.48532	0.538996	0.175629	0.853172	-5.2
2.49805	0.368002	0.195608	0.546361	-5.2
2.50465	0.169241	0.204459	0.17867	-5.2
2.50623	-0.0485278	0.203654	-0.221018	-5.2
2.50198	-0.259035	0.192262	-0.609565	-1.14691
2.49472	-0.280401	0.176115	-0.593315	3.72447
2.49018	-0.068014	0.167412	-0.0739754	3.6558
2.49187	0.182978	0.173944	0.533542	-2.24037
2.49702	0.171853	0.189498	0.571134	-5.2
2.49905	-0.0207552	0.199924	0.217581	-5.2
2.49553	-0.231195	0.200354	-0.170341	-5.2
2.48723	-0.425814	0.191424	-0.530323	-2.08035
2.4741	-0.494094	0.174921	-0.61192	2.62913
2.46356	-0.333818	0.164289	-0.206858	3.37286
2.45783	-0.0980977	0.166696	0.365623	-1.28253
2.45587	-0.0832426	0.177639	0.454171	-5.2
2.45144	-0.270155	0.185337	0.108147	-5.2
2.44064	-0.493109	0.182284	-0.310794	-5.2
2.42572	-0.693489	0.169596	-0.690182	-0.837437
2.40566	-0.712073	0.149739	-0.671923	3.84651
2.39	-0.482258	0.139163	-0.120807	0.121959
2.37898	-0.386185	0.139979	0.136326	-2.22118
2.36864	-0.44512	0.142477	0.0534653	-5.06319
2.35567	-0.63552	0.139317	-0.318531	-4.26856
2.33594	-0.818699	0.125754	-0.671995	-0.298299
2.3145	-0.812266	0.108483	-0.617877	3.91537
2.29567	-0.57491	0.0990972	-0.061899	3.54568
2.28376	-0.350367	0.104611	0.463985	-2.43917
2.27436	-0.389863	0.117816	0.416814	-5.2
2.26129	-0.613744	0.122787	-0.0320842	-5.2
2.24308	-0.834514	0.116215	-0.475942	-3.31372
2.21841	-0.980623	0.0992202	-0.757359	1.76964
2.19368	-0.890819	0.0816334	-0.529811	4.92158
2.17423	-0.607416	0.0763296	0.11762	2.72246
2.15978	-0.403925	0.087146	0.59404	-4.27758
2.14799	-0.54287	0.100193	0.321711	-5.2
2.13068	-0.779807	0.10203	-0.162614	-5.2
2.1041	-1.04425	0.0891922	-0.705007	-1.8137
2.07692	-1.11646	0.0695433	-0.8369	4.2951
2.0522	-0.91838	0.0542474	-0.383338	5.2
2.03109	-0.597474	0.053892	0.339475	1.36846
2.01702	-0.471252	0.0678747	0.637452	-5.2
2.0032	-0.664944	0.0796561	0.237273	-5.2
1.98351	-0.900683	0.0791997	-0.253159	-5.2
1.95679	-1.14565	0.0657173	-0.764967	-0.643557
1.92611	-1.18511	0.044139	-0.832489	5.1242
1.89575	-0.890103	0.0289708	-0.172072	5.2
1.87718	-0.606679	0.0328868	0.459263	-0.676674
1.86245	-0.572686	0.0472962	0.547376	-5.2
1.84213	-0.837812	0.0553268	-0.0141105	-5.2
1.81692	-1.09131	0.0476944	-0.552087	-2.87113
1.78662	-1.229	0.0292828	-0.840593	3.02877
1.75615	-1.08814	0.0107672	-0.524909	5.2
1.73163	-0.803713	0.00544418	0.101205	3.32914
1.71341	-0.610451	0.0139913	0.528341	-3.27862
1.69658	-0.723029	0.0257306	0.288287	-5.2
1.67432	-0.983026	0.0257492	-0.272913	-5.2
1.64646	-1.23623	0.0117946	-0.821759	0.377239
1.61533	-1.20308	-0.00922591	-0.748565	5.2
1.58531	-0.927306	-0.0222339	-0.149801	5.2
1.56308	-0.61677	-0.0164664	0.523468	-0.122452
1.54671	-0.586138	0.000110204	0.587562	-5.2
1.52677	-0.852454	0.00884272	0.00541012	-5.2
1.50096	-1.12206	0.00102155	-0.583907	-2.32559
1.46857	-1.2589	-0.01938	-0.887043	4.10754
1.43663	-1.07551	-0.0389776	-0.495377	5.2
1.41313	-0.814529	-0.0441214	0.0631363	3.86633
1.3936	-0.593995	-0.0353815	0.53186	-2.03203
1.37765	-0.66607	-0.0227974	0.363952	-5.2
1.35588	-0.946114	-0.0213849	-0.257662	-5.2
1.32503	-1.24635	-0.0382961	-0.92657	1.07455
1.29256	-1.20968	-0.0627634	-0.863517	5.2
1.26523	-0.97254	-0.0782906	-0.367091	5.2
1.24343	-0.714509	-0.0805489	0.171108	3.29879
1.22721	-0.548823	-0.0712922	0.50818	-2.48357
1.2122	-0.645593	-0.0600069	0.27387	-5.2
1.19167	-0.929446	-0.0613631	-0.368572	-3.84237
1.16449	-1.15008	-0.0778672	-0.875546	3.12339
1.13532	-1.05472	-0.0994426	-0.69711	5.2
1.11114	-0.809659	-0.110949	-0.196541	5.2
1.0934	-0.564972	-0.109323	0.30151	2.27901
1.08028	-0.460165	-0.0985158	0.495539	-3.21164
1.06655	-0.620881	-0.0899306	0.111779	-5.2
1.04647	-0.916067	-0.0960641	-0.565902	-1.47209
1.0207	-1.04139	-0.115544	-0.876247	5.2
0.994121	-0.82644	-0.135101	-0.452368	5.2
0.976408	-0.600562	-0.140553	-0.00357805	5.2
0.963568	-0.359438	-0.133949	0.47498	1.03652
0.955327	-0.305595	-0.119768	0.549479	-4.39029
0.945669	-0.51809	-0.112115	0.0483305	-5.2
0.926575	-0.839806	-0.121411	-0.697895	0.141603
0.901962	-0.867527	-0.144062	-0.807413	5.2
0.88193	-0.661213	-0.160242	-0.408675	5.2
0.86777	-0.437454	-0.164994	0.0246662	5.2
0.859177	-0.207468	-0.1581	0.46972	1.52767
0.854576	-0.152483	-0.14398	0.536401	-3.6257
0.848203	-0.355262	-0.135937	0.0458685	-4.46193
0.83405	-0.646896	-0.144581	-0.642479	0.982227
0.815953	-0.664171	-0.16407	-0.734892	5.2
0.801231	-0.46085	-0.178407	-0.34956	5.2
0.792164	-0.24562	-0.181963	0.0587546	5.2
0.788634	-0.0238795	-0.174492	0.479466	1.89561
0.788971	0.035471	-0.16118	0.554019	-3.113
0.787878	-0.139544	-0.152317	0.120776	-3.97207
0.780131	-0.407395	-0.158137	-0.520573	0.92506
0.768859	-0.434127	-0.173917	-0.635403	5.2
0.759778	-0.228682	-0.186196	-0.250964	5.2
0.756683	-0.0179694	-0.187359	0.145096	5.2
0.759049	0.192178	-0.17825	0.541124	1.53868
0.764821	0.235085	-0.163274	0.576527	-3.2513
0.768854	0.0416492	-0.153543	0.0984637	-3.71833
0.766487	-0.207851	-0.159276	-0.501221	1.64647
0.760945	-0.206511	-0.173267	-0.55266	5.2
0.758002	-0.00268266	-0.183325	-0.171001	5.2
0.760778	0.207803	-0.182402	0.225962	5.2
0.768603	0.410545	-0.171771	0.610184	1.1226
0.780044	0.444228	-0.154988	0.627891	-3.57852
0.789221	0.241349	-0.144534	0.133934	-3.9117
0.792119	-0.00875428	-0.149099	-0.462085	1.56604
0.791232	-0.0208023	-0.163266	-0.541503	5.2
0.793496	0.191873	-0.172549	-0.136598	5.2
0.80137	0.405384	-0.170589	0.27107	5.17441
0.81478	0.618514	-0.158036	0.680203	0.884507
0.831348	0.636138	-0.13998	0.667708	-4.05598
0.845014	0.402277	-0.12952	0.110791	-4.11091
0.851975	0.143494	-0.134891	-0.499649	1.97376
0.855227	0.154296	-0.148714	-0.52243	5.2
0.862177	0.36738	-0.157492	-0.111052	5.2
0.874094	0.577335	-0.154965	0.296476	5.04193
0.891954	0.788764	-0.14172	0.707679	0.7404
0.912895	0.80254	-0.12299	0.692444	-4.18047
0.930266	0.57468	-0.112069	0.155596	-4.23365
0.941661	0.312249	-0.116304	-0.457144	1.564
0.949308	0.311943	-0.129781	-0.499644	5.2
0.960149	0.52701	-0.137404	-0.0748592	5.2
0.976894	0.752276	-0.133321	0.371579	4.63877
1.00104	0.96541	-0.11685	0.791483	-0.624638
1.02561	0.893901	-0.0979385	0.598197	-5.0968
1.04522	0.607909	-0.0907703	-0.0598853	-3.26558
1.05799	0.391842	-0.0993992	-0.565095	3.81307
1.06851	0.492914	-0.112395	-0.378562	5.2
1.08517	0.733882	-0.115846	0.108386	5.2
1.10739	0.966733	-0.106671	0.579939	2.58976
1.13525	1.08159	-0.0876636	0.796707	-2.74203
1.16081	0.94151	-0.0713264	0.463742	-5.2
1.18209	0.635739	-0.0682262	-0.230587	-1.97913
1.1959	0.49071	-0.0788543	-0.572257	5.2
1.21032	0.666847	-0.0904718	-0.215371	5.2
1.23094	0.908971	-0.0893147	0.284242	5.2
1.25784	1.15129	-0.0751596	0.786724	0.488363
1.28974	1.18243	-0.052441	0.832082	-5.2
1.31632	0.9258	-0.0383791	0.254682	-5.2
1.33575	0.640105	-0.0403335	-0.384346	-0.0347472
1.35029	0.525018	-0.0551395	-0.652779	5.2
1.36665	0.750266	-0.0664401	-0.179918	5.2
1.38955	1.00094	-0.0639934	0.347104	5.1499
1.41767	1.23985	-0.0487682	0.852009	-0.689509
1.44992	1.19065	-0.0267827	0.731091	-5.2
1.47737	0.915354	-0.0155558	0.120352	-5.2
1.49725	0.62521	-0.0211055	-0.521888	1.11468
1.51263	0.609185	-0.0367163	-0.566843	5.2
1.53156	0.852656	-0.0448729	-0.0470584	5.2
1.55831	1.12067	-0.0381642	0.525622	3.4494
1.58977	1.29019	-0.0195444	0.887199	-2.79529
1.62218	1.17098	0.000975022	0.622579	-5.2
1.64905	0.896861	0.00934252	0.0233365	-4.47373
1.66969	0.643028	0.00216969	-0.531046	1.79051
1.68505	0.676786	-0.0107423	-0.458348	5.2
1.70675	0.937449	-0.0156829	0.108394	5.2
1.73718	1.22601	-0.00353704	0.737312	1.31301
1.77294	1.31037	0.0202669	0.925197	-5.2
1.80432	1.07562	0.0385527	0.42061	-5.2
1.82859	0.802973	0.0415801	-0.163399	-2.97173
1.84761	0.627582	0.0315225	-0.534873	3.22997
1.86647	0.761497	0.0195011	-0.232018	5.2
1.89204	1.05852	0.0224382	0.426653	4.41843
1.92283	1.29846	0.0408257	0.963291	-2.8051
1.95633	1.22586	0.0655325	0.82246	-5.2
1.98492	0.974077	0.0800537	0.295686	-5.2
2.00677	0.717141	0.0804954	-0.239791	-2.4807
2.02299	0.597012	0.0710976	-0.478119	3.30011
2.03942	0.74422	0.0627118	-0.133782	5.2
2.06252	1.02903	0.0677546	0.512233	2.39865
2.09143	1.18084	0.0861338	0.87094	-4.68351
2.11937	1.01684	0.104837	0.543316	-5.2
2.14242	0.768221	0.11205	0.0360816	-5.2
2.15858	0.533751	0.106747	-0.441232	-0.513078
2.17124	0.479173	0.0930886	-0.526611	4.82635
2.18724	0.73081	0.0860199	0.0558203	5.2
2.20924	1.01769	0.0959583	0.713607	-0.380977
2.23612	1.01033	0.115904	0.733707	-5.2
2.25889	0.802968	0.129317	0.31835	-5.2
2.27703	0.55403	0.130873	-0.178082	-4.05564
2.28901	0.375949	0.121508	-0.524533	1.70418
2.29941	0.457521	0.10979	-0.30677	5.2
2.31587	0.762217	0.111036	0.398642	3.00816
2.3384	0.957017	0.127857	0.865391	-4.77859
2.36225	0.820896	0.148746	0.615339	-5.2
2.38105	0.581192	0.15876	0.146099	-5.2
2.3931	0.354613	0.156595	-0.295128	-3.07994
2.40079	0.226128	0.145274	-0.522406	2.16217
2.40788	0.344317	0.134974	-0.216565	4.46731
2.42085	0.615379	0.137816	0.423747	1.72779
2.43882	0.752523	0.153811	0.772986	-5.2
2.45651	0.574267	0.17054	0.439243	-5.2
2.46809	0.361552	0.176197	0.031693	-5.2
2.4744	0.151599	0.171773	-0.369551	-2.57434
2.47683	0.0520796	0.159636	-0.530338	2.3668
2.47976	0.192737	0.150008	-0.170667	3.93686
2.48807	0.438647	0.153464	0.417722	-0.22557
2.50016	0.468597	0.166551	0.537461	-5.2
2.51022	0.263572	0.176256	0.150613	-5.2
2.51418	0.0380723	0.174293	-0.279519	-4.24961
2.51298	-0.125971	0.163341	-0.582207	1.22253
2.51008	-0.0612786	0.149751	-0.387664	4.05763
2.51174	0.186429	0.147446	0.203683	2.21924
2.51887	0.35041	0.158431	0.613658	-4.57187
2.52713	0.215655	0.173185	0.378233	-5.2
2.52978	-0.00225627	0.177371	-0.037686	-5.2
2.52659	-0.225999	0.170387	-0.464396	-2.68302
2.51933	-0.321848	0.15605	-0.617372	2.48427
2.51258	-0.176299	0.144208	-0.249008	0.15842
2.50916	-0.0958671	0.141131	-0.0231336	-0.0840745
2.5072	-0.0571223	0.142323	0.109455	-2.45135
2.50473	-0.135263	0.143682	-0.012879	-3.96261
2.49906	-0.296345	0.139297	-0.31687	-2.71745
2.48989	-0.400769	0.128469	-0.499571	3.16435
2.4808	-0.237036	0.119376	-0.0978992	2.8883
2.47722	-0.0465333	0.123041	0.359737	-1.53367
2.47604	-0.0648802	0.133035	0.363047	-5.2
2.47176	-0.274662	0.137416	-0.0496241	-5.2
2.46152	-0.503776	0.129985	-0.504978	-2.51777
2.44684	-0.60923	0.113966	-0.693885	0.0837734
2.43186	-0.534993	0.0983054	-0.495191	4.8706
2.42131	-0.267235	0.0932209	0.123381	2.94005
2.41704	-0.0750299	0.102724	0.577295	-3.75859
2.41424	-0.185292	0.11559	0.371734	-5.2
2.40635	-0.416722	0.119083	-0.0947103	-5.2
2.393	-0.642982	0.110777	-0.552077	-2.01161
2.37487	-0.731735	0.0938296	-0.711284	3.15616
2.35833	-0.571184	0.0802637	-0.331178	5.07659
2.34731	-0.281325	0.0803949	0.330803	1.24762
2.34186	-0.1527	0.0944675	0.643272	-5.2
2.33564	-0.348006	0.107723	0.251578	-5.2
2.32394	-0.57806	0.107912	-0.21669	-5.2
2.30569	-0.816994	0.0957052	-0.704848	-0.784762
2.28355	-0.858211	0.0758174	-0.765618	4.75871
2.26425	-0.608551	0.0628464	-0.195076	5.2
2.25247	-0.308801	0.0669333	0.483582	-0.345863
2.24533	-0.272972	0.0817764	0.587351	-5.2
2.23498	-0.506334	0.0915253	0.10696	-5.2
2.21926	-0.741567	0.0878796	-0.378805	-4.1282
2.19733	-0.934454	0.0726144	-0.773738	1.2821
2.17331	-0.878222	0.0534033	-0.628899	5.2
2.15352	-0.584273	0.045272	0.0326481	4.37362
2.14177	-0.331465	0.0538726	0.60344	-2.61768
2.13295	-0.392778	0.0693904	0.490092	-5.2
2.11883	-0.648615	0.0752943	-0.0448036	-5.2
2.09949	-0.889105	0.0676336	-0.548219	-2.39659
2.07476	-1.00117	0.0501219	-0.773529	3.16299
2.05044	-0.845996	0.033972	-0.419036	5.2
2.03175	-0.546039	0.0319123	0.250005	2.29
2.02014	-0.401342	0.0427812	0.579325	-4.85662
2.00756	-0.581166	0.0548394	0.202516	-5.2
1.98813	-0.848107	0.0523846	-0.363493	-4.78682
1.96397	-1.0752	0.0370242	-0.846421	1.33807
1.93729	-1.02535	0.0164098	-0.728227	5.2
1.91396	-0.759899	0.00483446	-0.14264	5.2
1.89804	-0.475625	0.00958041	0.482981	-0.277138
1.88694	-0.446479	0.0234516	0.552243	-5.2
1.87189	-0.689368	0.0319245	0.0296084	-5.2
1.85134	-0.944385	0.0255181	-0.520003	-2.60769
1.82488	-1.07951	0.00789835	-0.810421	3.37969
1.79713	-0.936904	-0.0108916	-0.498266	5.2
1.77647	-0.660741	-0.0158076	0.102651	3.75775
1.76254	-0.46471	-0.00760586	0.528558	-2.58158
1.75034	-0.548613	0.00430885	0.34404	-5.2
1.73254	-0.816428	0.0055268	-0.241417	-5.2
1.70429	-1.12165	-0.0115054	-0.91146	0.761073
1.67479	-1.09697	-0.0360382	-0.865471	5.2
1.64779	-0.82505	-0.0523619	-0.285762	5.2
1.62992	-0.560101	-0.0521768	0.277102	2.24726
1.61672	-0.434815	-0.040709	0.535205	-3.79449
1.60359	-0.605462	-0.0309802	0.14899	-5.2
1.58322	-0.896813	-0.0359193	-0.501327	-2.74002
1.55764	-1.05836	-0.0541199	-0.870666	4.3261
1.53265	-0.903469	-0.0729377	-0.552172	5.2
1.51132	-0.628737	-0.0801092	0.0215443	5.2
1.4984	-0.374678	-0.0723913	0.552026	-1.64221
1.48903	-0.420203	-0.0588904	0.430754	-5.2
1.47373	-0.713216	-0.0561918	-0.231477	-5.15588
1.45227	-0.992101	-0.0701886	-0.863153	1.95198
1.42535	-0.958581	-0.0941814	-0.819032	5.2
1.40424	-0.73006	-0.108833	-0.352089	5.2
1.38855	-0.487079	-0.111293	0.142236	4.27069
1.37858	-0.290807	-0.102198	0.535394	-1.40149
1.37052	-0.346889	-0.0886746	0.378889	-5.2
1.35734	-0.638594	-0.0872354	-0.290683	-3.89195
1.33754	-0.872659	-0.102215	-0.835282	3.38406
1.31515	-0.795887	-0.123778	-0.706434	5.2
1.29807	-0.574438	-0.135829	-0.264328	5.2
1.28661	-0.351737	-0.136672	0.178035	4.10676
1.27965	-0.157833	-0.126073	0.553737	-3.2279
1.27429	-0.295463	-0.114122	0.210361	-4.93499
1.26328	-0.576679	-0.117282	-0.44248	-1.54529
1.24619	-0.713963	-0.133936	-0.785458	5.2
1.22961	-0.529486	-0.150665	-0.430943	5.2
1.2186	-0.295783	-0.15588	0.0254519	5.2
1.21399	-0.0817697	-0.14982	0.442933	1.71079
1.21288	-0.0211208	-0.136753	0.526636	-3.11809
1.21018	-0.201984	-0.128373	0.0863217	-4.11985
1.20108	-0.464937	-0.134655	-0.534712	0.75876
1.18892	-0.483387	-0.149793	-0.62159	5.2
1.17867	-0.288115	-0.161591	-0.248128	5.2
1.17415	-0.0686377	-0.162301	0.176075	5.12558
1.17527	0.146688	-0.152113	0.592686	0.691336
1.17981	0.172359	-0.135777	0.599589	-4.27162
1.18131	-0.0700759	-0.127322	0.0249873	-4.51659
1.17539	-0.357712	-0.136086	-0.650115	1.77636
1.16566	-0.353029	-0.154587	-0.68952	5.2
1.15918	-0.143545	-0.167364	-0.286964	5.2
1.1583	0.064352	-0.169337	0.11186	5.2
1.16316	0.287871	-0.160316	0.541446	1.8208
1.17125	0.344279	-0.14549	0.614443	-3.22432
1.17797	0.155746	-0.135042	0.154828	-4.12863
1.17845	-0.112497	-0.139684	-0.479656	0.950186
1.17462	-0.146409	-0.154785	-0.603857	5.2
1.17316	0.0550148	-0.166427	-0.220864	5.2
1.17751	0.270378	-0.166574	0.192705	5.2
1.18744	0.485647	-0.155979	0.607686	1.33573
1.20025	0.521889	-0.139964	0.638217	-3.56068
1.21131	0.31427	-0.129472	0.138653	-4.04548
1.21606	0.0595556	-0.133954	-0.462743	1.42747
1.21689	0.0427854	-0.148824	-0.549348	5.2
1.22064	0.249823	-0.158055	-0.149303	5.2
1.22961	0.459045	-0.156508	0.256258	5.2
1.24586	0.694268	-0.142711	0.71498	0.888861
1.26372	0.71493	-0.124314	0.71612	-4.48817
1.27999	0.465153	-0.112213	0.128052	-4.71389
1.28801	0.187905	-0.117385	-0.515858	1.62062
1.29222	0.173267	-0.133814	-0.592319	5.2
1.29947	0.387021	-0.143849	-0.172334	5.2
1.31315	0.617775	-0.14214	0.281462	5.2
1.33307	0.849381	-0.128153	0.739706	0.736767
1.35478	0.866683	-0.109148	0.738378	-4.60301
1.37508	0.612895	-0.0965058	0.146645	-4.82488
1.38708	0.321386	-0.101763	-0.524978	1.50539
1.39483	0.315583	-0.117219	-0.57497	5.2
1.40637	0.542548	-0.126743	-0.121641	5.2
1.42356	0.770611	-0.123742	0.334554	5.03948
1.44757	1.0002	-0.108281	0.795512	0.170967
1.47385	0.99769	-0.0874665	0.75634	-5.18529
1.49634	0.717724	-0.0757294	0.11545	-5.0432
1.51095	0.418353	-0.0819617	-0.566908	1.74956
1.52097	0.408172	-0.098991	-0.62007	5.2
1.53448	0.633456	-0.109245	-0.162795	5.2
1.55324	0.859015	-0.107351	0.295827	5.2
1.57874	1.09387	-0.0932089	0.775524	0.54962
1.61239	1.12053	-0.068625	0.801752	-4.9428
1.63835	0.859387	-0.0550302	0.208487	-5.2
1.65606	0.568667	-0.0583425	-0.447019	0.651529
1.66969	0.526193	-0.0727722	-0.56238	5.2
1.68544	0.743228	-0.0814741	-0.112182	5.2
1.70807	0.987415	-0.0775316	0.39559	4.60179
1.73662	1.20121	-0.0612644	0.840086	-1.02884
1.76764	1.14251	-0.0401338	0.693961	-5.2
1.79375	0.861119	-0.0301495	0.0652129	-4.70027
1.8119	0.602049	-0.0360638	-0.513444	1.88627
1.8271	0.619384	-0.0505831	-0.490191	5.2
1.84619	0.855978	-0.0570273	0.00999895	5.2
1.87186	1.10876	-0.0495382	0.54576	2.99912
1.90268	1.25179	-0.031176	0.845317	-2.87608
1.9341	1.12862	-0.0117968	0.567866	-5.2
1.95965	0.84275	-0.00539281	-0.0617795	-3.71496
1.97862	0.629102	-0.0134779	-0.533312	2.91303
1.99638	0.726612	-0.026262	-0.326569	5.2
2.01867	0.983224	-0.0274297	0.226828	5.2
2.04776	1.24483	-0.0139025	0.793167	0.25184
2.08082	1.27297	0.00819611	0.853776	-5.2
2.10981	1.02991	0.0233904	0.326026	-5.2
2.1328	0.749788	0.0236663	-0.280055	-1.70411
2.15034	0.628381	0.0122015	-0.540056	4.77251
2.16896	0.834486	0.00320611	-0.0855913	5.2
2.19431	1.10587	0.00901712	0.51139	3.02782
2.22543	1.27266	0.0275564	0.883295	-3.45753
2.25717	1.13536	0.0477304	0.595079	-5.2
2.28318	0.870433	0.055746	0.0320737	-5.04527
2.30229	0.610212	0.0491097	-0.5203	0.930286
2.31881	0.616161	0.0335218	-0.492065	5.2
2.33882	0.881055	0.0278061	0.0993397	5.2
2.36435	1.15027	0.0380973	0.700182	0.57787
2.39533	1.20924	0.0588503	0.845944	-5.2
2.424	0.976724	0.0750834	0.359392	-5.2
2.44587	0.715964	0.0770438	-0.185944	-3.1364
2.46228	0.559016	0.067716	-0.505084	2.71893
2.47766	0.664483	0.0567306	-0.252849	5.2
2.49854	0.941914	0.0583232	0.374501	3.69927
2.52475	1.14451	0.0737894	0.839962	-3.10465
2.55401	1.05896	0.094918	0.681517	-5.2
2.57743	0.820385	0.105684	0.192078	-5.2
2.59541	0.572156	0.103814	-0.315592	-2.10166
2.60906	0.462011	0.0918621	-0.522065	3.48106
2.62298	0.633865	0.0828805	-0.116119	5.2
2.6434	0.92774	0.0888637	0.556451	1.63738
2.66934	1.0497	0.107743	0.856943	-5.2
2.69531	0.842269	0.126281	0.444769	-5.2
2.71336	0.611666	0.131365	-0.0174364	-5.2
2.72606	0.374414	0.124501	-0.492668	-0.607915
2.73459	0.33787	0.110878	-0.533995	4.7792
2.74619	0.579292	0.103648	0.0306502	5.2
2.7662	0.891711	0.114551	0.752639	-0.759904
2.78991	0.894363	0.135842	0.801328	-5.2
2.80981	0.687663	0.15109	0.396717	-5.2
2.82413	0.467541	0.155383	-0.0340754	-5.2
2.83322	0.240797	0.148516	-0.477636	-1.17506
2.83842	0.196869	0.135375	-0.527101	3.93224
2.84583	0.391412	0.126389	-0.0557247	4.58931
2.86043	0.67883	0.134336	0.61846	-0.614278
2.87799	0.695163	0.151685	0.701081	-5.2
2.89407	0.482997	0.165502	0.293948	-5.2
2.90336	0.269687	0.167487	-0.11733	-5.2
2.90744	0.0403368	0.158132	-0.560383	-0.955393
2.90741	-0.00698349	0.141926	-0.612472	4.28126
2.91012	0.230495	0.132949	-0.0468284	5.00321
2.92014	0.529673	0.14115	0.653485	-1.21844
2.93544	0.557845	0.161715	0.76881	-5.2
2.94732	0.35058	0.176749	0.374212	-5.2
2.95337	0.142108	0.180929	-0.0221626	-5.2
2.95408	-0.0808665	0.174407	-0.445761	-2.56672
2.95065	-0.171659	0.160692	-0.586767	2.57562
2.94789	-0.0203393	0.149867	-0.203615	4.03354
2.95074	0.231974	0.152641	0.398615	-0.36771
2.95762	0.27363	0.165585	0.543614	-5.2
2.96234	0.0773189	0.17528	0.173174	-5.2
2.96157	-0.130175	0.174457	-0.222454	-4.97598
2.95576	-0.327063	0.164042	-0.596651	-0.779394
2.9466	-0.350537	0.14782	-0.594641	3.72516
2.94024	-0.129778	0.139035	-0.0636546	3.85486
2.94005	0.104954	0.144715	0.495452	-2.01725
2.94283	0.0849967	0.158077	0.501379	-5.2
2.94233	-0.125906	0.165932	0.0959808	-5.2
2.93611	-0.344134	0.162747	-0.324573	-4.39368
2.92474	-0.523006	0.149748	-0.661835	0.227027
2.91167	-0.459635	0.134353	-0.47491	4.19323
2.90287	-0.212485	0.129511	0.110049	0.0725465
2.89868	-0.119164	0.137125	0.362647	-4.1214
2.89399	-0.266214	0.143045	0.0869518	-5.2
2.8841	-0.488761	0.139483	-0.351395	-4.22988
2.86751	-0.684948	0.124011	-0.731732	0.0379026
2.85071	-0.632164	0.106919	-0.578253	4.98501
2.83718	-0.353646	0.0995554	0.0676061	3.54846
2.83106	-0.129331	0.108518	0.593763	-3.42689
2.8273	-0.213392	0.122695	0.447734	-5.2
2.81876	-0.440212	0.128369	-0.00567179	-5.2
2.80487	-0.662352	0.122449	-0.450456	-3.29537
2.7832	-0.819522	0.10467	-0.750885	1.81982
2.76507	-0.734145	0.0893355	-0.534597	5.16442
2.74786	-0.432665	0.0832502	0.158047	3.0478
2.73914	-0.227549	0.0944402	0.63841	-4.40033
2.73241	-0.356712	0.108553	0.388964	-5.2
2.71932	-0.603522	0.112031	-0.112182	-5.2
2.70044	-0.840097	0.102631	-0.593279	-2.15407
2.6782	-0.926547	0.0854954	-0.751513	3.27507
2.65502	-0.759094	0.069633	-0.357275	5.19884
2.63928	-0.459953	0.0694123	0.321564	1.23371
2.6299	-0.348912	0.0810406	0.588378	-5.2
2.61807	-0.544082	0.0934789	0.193072	-5.2
2.59984	-0.796611	0.0913981	-0.327165	-5.2
2.57587	-1.037	0.0761319	-0.826517	-0.037251
2.54737	-1.04479	0.0531049	-0.818746	5.2
2.52353	-0.774222	0.0393442	-0.209975	5.2
2.5074	-0.478986	0.0428203	0.451002	-0.153005
2.49596	-0.43417	0.057001	0.566172	-5.2
2.48254	-0.653767	0.0657812	0.105053	-5.2
2.46121	-0.91646	0.0608702	-0.448082	-4.00886
2.43475	-1.10934	0.043724	-0.852747	2.0247
2.40531	-1.02997	0.0220006	-0.66699	5.2
2.38077	-0.724671	0.0128428	0.00861798	4.96547
2.36482	-0.425558	0.0226916	0.670698	-2.11496
2.3543	-0.462426	0.0398358	0.600106	-5.2
2.33918	-0.705306	0.04885	0.0828437	-5.2
2.31739	-0.96122	0.0436424	-0.462267	-3.57325
2.28994	-1.13759	0.0264262	-0.836757	2.3569
2.26238	-1.03907	0.00750502	-0.615095	5.2
2.23891	-0.764055	-0.000673437	-0.0109974	4.57271
2.22248	-0.510854	0.00657533	0.545051	-1.74918
2.20927	-0.545579	0.0209576	0.473579	-5.2
2.19101	-0.808518	0.0261241	-0.0944961	-5.2
2.16643	-1.0721	0.0159723	-0.66507	-1.33585
2.13716	-1.15592	-0.00435707	-0.846753	4.93901
2.11065	-0.937834	-0.0203174	-0.372614	5.2
2.08875	-0.637392	-0.0213123	0.278324	2.43357
2.07426	-0.494161	-0.00959077	0.587001	-4.50751
2.05913	-0.653134	0.00398262	0.23749	-5.2
2.03754	-0.935044	0.00175016	-0.379479	-4.49106
2.01124	-1.15988	-0.0141708	-0.874356	2.14239
1.98265	-1.09134	-0.0352301	-0.732309	5.2
1.95743	-0.839113	-0.0475125	-0.193409	5.2
1.93927	-0.569242	-0.0447583	0.382351	1.04532
1.92606	-0.480744	-0.0315033	0.563282	-5.18202
1.91007	-0.730604	-0.0230334	0.00599269	-5.2
1.88729	-1.01061	-0.0312877	-0.616965	-1.49356
1.85951	-1.1089	-0.050802	-0.846346	5.2
1.83228	-0.877504	-0.0679954	-0.360414	5.2
1.81302	-0.615269	-0.069905	0.190661	3.27374
1.79941	-0.446835	-0.0600142	0.537531	-2.63047
1.78593	-0.5578	-0.0473947	0.274723	-5.2
1.76937	-0.817302	-0.04794	-0.308932	-3.83818
1.74404	-1.04533	-0.063692	-0.82825	2.46179
1.71641	-0.967362	-0.0851032	-0.6839	5.2
1.69382	-0.709467	-0.0962793	-0.15129	5.2
1.67831	-0.449111	-0.0928452	0.385275	1.73522
1.66803	-0.361738	-0.0801809	0.547083	-4.15741
1.65656	-0.553938	-0.0708281	0.100471	-5.2
1.63821	-0.847415	-0.0772003	-0.567412	-1.43058
1.61449	-0.958377	-0.0960378	-0.839927	5.2
1.5926	-0.76319	-0.112948	-0.447075	5.2
1.57555	-0.509915	-0.117799	0.0663168	5.2
1.56555	-0.268333	-0.109472	0.556131	0.0999041
1.5596	-0.230206	-0.0932475	0.604905	-5.2
1.55027	-0.502542	-0.0852615	-0.0216579	-5.2
1.53396	-0.790021	-0.0943706	-0.680388	0.529614
1.51262	-0.804627	-0.114284	-0.748045	5.2
1.49275	-0.558786	-0.129081	-0.254759	5.2
1.4815	-0.319006	-0.129172	0.223769	3.90924
1.47561	-0.14508	-0.118661	0.561907	-1.64558
1.47131	-0.226727	-0.106591	0.346412	-5.10825
1.46115	-0.526169	-0.106595	-0.346262	-2.94466
1.44397	-0.728649	-0.12299	-0.829757	4.66974
1.42584	-0.570871	-0.142666	-0.532078	5.2
1.41413	-0.340145	-0.150337	-0.0777346	5.2
1.40835	-0.113127	-0.146342	0.36781	2.72675
1.40709	0.00393185	-0.133184	0.57414	-2.4064
1.40584	-0.125074	-0.122324	0.250309	-4.67108
1.39904	-0.397015	-0.124149	-0.38608	-1.54745
1.38664	-0.533884	-0.139313	-0.730107	5.2
1.37508	-0.359323	-0.154281	-0.396888	5.2
1.36878	-0.134534	-0.158664	0.0408986	5.2
1.36839	0.0967117	-0.151265	0.491129	1.97788
1.37186	0.16612	-0.137308	0.595438	-3.22036
1.37406	-0.015211	-0.127066	0.154157	-4.46088
1.37002	-0.286378	-0.131607	-0.48247	0.410704
1.36183	-0.318499	-0.146422	-0.599969	5.2
1.35604	-0.114853	-0.157265	-0.206804	5.2
1.35606	0.107389	-0.156798	0.225207	4.96819
1.36169	0.318001	-0.145441	0.633685	0.459206
1.37033	0.323848	-0.12881	0.59959	-4.42232
1.37567	0.0751762	-0.12053	0.0135221	-4.2386
1.37368	-0.206084	-0.129754	-0.647108	2.15362
1.36831	-0.184196	-0.146975	-0.644693	5.2
1.36624	0.0288002	-0.15849	-0.231438	5.2
1.36973	0.241046	-0.158912	0.180247	5.2
1.37943	0.470049	-0.147825	0.626053	1.27619
1.3931	0.518015	-0.129492	0.681581	-3.92166
1.40395	0.299409	-0.118074	0.161453	-4.7189
1.40786	0.00163096	-0.123429	-0.532231	0.928163
1.40713	-0.0269148	-0.138975	-0.637622	5.2
1.40904	0.181717	-0.150514	-0.231009	5.2
1.41677	0.404498	-0.150627	0.204532	5.2
1.43029	0.627172	-0.139429	0.641569	1.2498
1.44733	0.666142	-0.121756	0.682049	-3.83126
1.46208	0.451751	-0.110197	0.173637	-4.4674
1.47028	0.167511	-0.114795	-0.487729	1.01987
1.47383	0.136308	-0.130688	-0.59937	5.2
1.48003	0.347858	-0.141088	-0.183154	5.2
1.49212	0.573335	-0.139832	0.261925	5.2
1.5117	0.816868	-0.125519	0.7454	0.812638
1.5335	0.840149	-0.105455	0.756656	-4.7902
1.5522	0.581215	-0.0931216	0.156107	-5.1643
1.56346	0.263857	-0.0990831	-0.572357	1.25599
1.5693	0.245437	-0.115489	-0.647848	5.2
1.57799	0.455305	-0.126603	-0.228389	5.2
1.59226	0.676804	-0.12654	0.214689	5.2
1.61388	0.915961	-0.114041	0.695078	1.3777
1.63759	0.964396	-0.0953554	0.766499	-4.11368
1.66031	0.755632	-0.080979	0.279328	-5.1251
1.67595	0.456023	-0.0828737	-0.404527	0.0696459
1.68636	0.38537	-0.0969657	-0.589804	5.2
1.69956	0.604721	-0.10727	-0.143917	5.2
1.72027	0.863161	-0.103638	0.381132	5.10257
1.74807	1.11459	-0.0855294	0.896501	-1.27543
1.77663	1.04572	-0.0634961	0.719962	-5.2
1.79936	0.769744	-0.0532357	0.0961252	-4.86946
1.81603	0.476368	-0.0599379	-0.566572	1.70397
1.82909	0.498632	-0.0767573	-0.542873	5.2
1.8449	0.726424	-0.0849927	-0.071462	5.2
1.86808	0.980699	-0.0795327	0.4563	4.14154
1.89618	1.17273	-0.0623002	0.852574	-1.67534
1.92604	1.09485	-0.0417853	0.663988	-5.2
1.95096	0.816388	-0.0324609	0.0410044	-4.43626
1.96873	0.56165	-0.0391401	-0.529449	2.10204
1.98275	0.601574	-0.0526051	-0.45694	5.2
2.00245	0.857541	-0.0576262	0.0845022	5.2
2.02931	1.12178	-0.0475098	0.64487	2.13504
2.06	1.22589	-0.0275886	0.860072	-4.04921
2.09112	1.04101	-0.00881361	0.448276	-5.2
2.11358	0.765817	-0.00545551	-0.157405	-2.56827
2.13157	0.592409	-0.0156418	-0.54122	3.85403
2.14846	0.741258	-0.0265373	-0.222072	5.2
2.17227	1.01458	-0.0243289	0.368063	4.92141
2.20333	1.27572	-0.00645586	0.934914	-1.42529
2.2363	1.22211	0.0174241	0.819172	-5.2
2.26482	0.963847	0.0316873	0.261354	-5.2
2.28685	0.679206	0.0301467	-0.351627	-1.25039
2.30295	0.586803	0.0177101	-0.545986	5.2
2.32139	0.818253	0.00872729	-0.0339604	5.2
2.34641	1.09526	0.0161007	0.577483	2.28412
2.37553	1.22191	0.0344585	0.863432	-4.38636
2.40567	1.05393	0.0535273	0.510219	-5.2
2.42868	0.797788	0.0592046	-0.0327093	-4.34584
2.44644	0.578	0.0520637	-0.49537	1.4144
2.46096	0.61893	0.0400531	-0.39056	5.2
2.48056	0.891088	0.0377491	0.219125	5.2
2.50758	1.17647	0.052087	0.859793	-1.04063
2.53718	1.15102	0.0742641	0.824858	-5.2
2.5633	0.926833	0.0893894	0.360684	-5.2
2.58464	0.66471	0.0915159	-0.181318	-3.52958
2.5996	0.497223	0.0821261	-0.518489	2.32532
2.61348	0.60165	0.0710808	-0.26372	5.2
2.6329	0.8891	0.072827	0.390281	3.444
2.66003	1.1056	0.0905919	0.893264	-3.67834
2.68681	0.996398	0.111459	0.687557	-5.2
2.70952	0.757122	0.122893	0.203979	-5.2
2.72598	0.518461	0.121699	-0.276471	-2.69449
2.73776	0.401382	0.11134	-0.492922	2.64367
2.74897	0.506803	0.100708	-0.226202	5.04284
2.76679	0.807615	0.104149	0.468104	2.32912
2.79006	0.967745	0.12179	0.856931	-5.2
2.81342	0.788487	0.140741	0.509974	-5.2
2.83079	0.557194	0.147805	0.0535712	-5.2
2.8422	0.329324	0.143144	-0.39486	-1.84761
2.8496	0.257495	0.130972	-0.50518	3.25819
2.85951	0.452808	0.122401	-0.0303023	4.54303
2.87568	0.73613	0.130824	0.633709	-0.688612
2.89565	0.759184	0.14973	0.731044	-5.2
2.91278	0.55099	0.163793	0.330802	-5.2
2.92412	0.330229	0.166624	-0.0950153	-5.2
2.92975	0.110857	0.158446	-0.518585	-0.998563
2.93192	0.079657	0.144123	-0.535147	0.182587
2.93484	0.13367	0.132035	-0.368349	4.27037
2.94142	0.378559	0.129843	0.211314	0.125395
2.95228	0.458174	0.13875	0.429128	-3.85351
2.96293	0.315073	0.147274	0.166852	-5.2
2.96791	0.106703	0.146215	-0.242458	-3.79384
2.96851	-0.0516422	0.135816	-0.540469	0.0825432
2.96751	-0.014536	0.123503	-0.416903	4.12281
2.97017	0.224014	0.119513	0.147487	2.9412
2.97821	0.40904	0.129057	0.592624	-3.29509
2.98807	0.317138	0.143391	0.438129	-5.2
2.99331	0.0919664	0.148891	-0.00423544	-5.2
2.99265	-0.134561	0.142773	-0.449572	-2.34249
2.9878	-0.225056	0.128776	-0.601043	2.77434
2.9837	-0.070307	0.117536	-0.220775	4.50924
2.98549	0.200364	0.120257	0.411477	2.28106
2.99299	0.363073	0.136539	0.810934	-5.2
3.00076	0.192686	0.154637	0.488469	-5.2
3.00273	-0.0311333	0.16143	0.0533885	-5.2
2.99895	-0.251656	0.157048	-0.374006	-3.56117
2.99046	-0.392431	0.143788	-0.630176	2.09707
2.98121	-0.28471	0.13011	-0.348113	4.22531
2.97726	-0.0368177	0.128881	0.236008	1.62233
2.97841	0.105084	0.140236	0.59183	-5.16992
2.97928	-0.0728516	0.152208	0.252858	-5.2
2.97436	-0.296099	0.152885	-0.182996	-5.2
2.96366	-0.519016	0.142249	-0.619665	-1.26879
2.94996	-0.558651	0.125768	-0.662216	3.8087
2.93776	-0.355944	0.114179	-0.178077	4.44738
2.93201	-0.0523048	0.119668	0.530143	-0.800653
2.93139	-0.0247544	0.13565	0.633862	-5.2
2.92838	-0.224892	0.146873	0.242683	-5.2
2.91857	-0.466435	0.146779	-0.231311	-5.2
2.90342	-0.690773	0.134817	-0.673489	-1.01936
2.88554	-0.720989	0.117183	-0.698043	4.12195
2.8693	-0.503659	0.105037	-0.184746	4.59419
2.85974	-0.215101	0.109411	0.484331	-0.92208
2.85528	-0.189737	0.123008	0.576324	-5.2
2.84686	-0.412679	0.134077	0.137698	-5.2
2.83369	-0.632262	0.131837	-0.298954	-5.03662
2.8134	-0.862042	0.117364	-0.75715	-0.387219
2.79147	-0.869828	0.0980885	-0.738597	4.94298
2.77128	-0.602465	0.0858059	-0.120801	4.9926
2.75961	-0.306874	0.0918164	0.556473	-1.58058
2.75213	-0.309045	0.107837	0.585739	-5.2
2.74141	-0.524908	0.117698	0.151787	-5.2
2.72462	-0.757266	0.115309	-0.316948	-5.18365
2.7018	-0.989679	0.100728	-0.788516	-0.240694
2.6757	-0.994177	0.0798455	-0.767292	5.2
2.65325	-0.717156	0.0676805	-0.135382	5.2
2.63872	-0.412732	0.0734959	0.555375	-1.36779
2.62897	-0.390646	0.0904524	0.631704	-5.2
2.61594	-0.617834	0.101007	0.166899	-5.2
2.59751	-0.846882	0.0990778	-0.301811	-5.2
2.57227	-1.08567	0.0846229	-0.793125	-0.301003
2.54359	-1.09671	0.0633724	-0.791802	5.2
2.51818	-0.833928	0.0498398	-0.19668	5.2
2.50109	-0.545132	0.0533801	0.453015	-0.627724
2.48828	-0.515919	0.0667541	0.536659	-5.2
2.47202	-0.745076	0.0747797	0.0587069	-5.2
2.44729	-1.01162	0.0683397	-0.498856	-3.88729
2.41602	-1.21035	0.0482622	-0.912607	2.26854
2.38548	-1.10834	0.026754	-0.676067	5.2
2.36124	-0.834241	0.0175493	-0.0678806	4.79942
2.34321	-0.563949	0.0239074	0.531638	-1.56375
2.32911	-0.570708	0.0391002	0.527533	-5.2
2.3111	-0.817487	0.0460448	0.00110876	-5.2
2.28636	-1.07509	0.0386493	-0.549034	-2.83584
2.2514	-1.24047	0.0164295	-0.900461	3.27964
2.22068	-1.0938	-0.00358044	-0.576612	5.2
2.1959	-0.81678	-0.0105873	0.0283141	4.17056
2.17837	-0.596596	-0.00357406	0.508694	-2.1769
2.16289	-0.643465	0.00973838	0.406966	-5.2
2.14125	-0.9121	0.0132318	-0.177676	-5.2
2.11272	-1.19098	-7.68907e-05	-0.786621	-0.386847
2.08215	-1.23067	-0.0215175	-0.877095	5.2
2.05091	-0.973876	-0.039158	-0.325377	5.2
2.02998	-0.711838	-0.0399762	0.236076	2.11494
2.01274	-0.584568	-0.0294437	0.502726	-3.88416
1.99572	-0.754187	-0.0204856	0.122423	-5.2
1.97239	-1.02811	-0.025554	-0.487098	-2.96829
1.94445	-1.19229	-0.0427402	-0.856824	3.65303
1.91487	-1.05034	-0.062149	-0.563667	5.2
1.89022	-0.781121	-0.0695422	0.00289929	5.14419
1.8734	-0.523202	-0.06214	0.545513	-0.962395
1.86031	-0.530832	-0.0470919	0.510126	-5.2
1.84309	-0.800296	-0.0415289	-0.095466	-5.2
1.81732	-1.09747	-0.0534538	-0.763393	-0.236482
1.78778	-1.14905	-0.0757949	-0.898515	5.2
1.75883	-0.901771	-0.0943313	-0.388361	5.2
1.73814	-0.640879	-0.0972679	0.148972	4.01254
1.72452	-0.458672	-0.0886907	0.51745	-1.82112
1.71043	-0.548066	-0.0758913	0.290511	-5.2
1.69164	-0.843878	-0.0771644	-0.384239	-3.5458
1.66779	-1.0499	-0.0931552	-0.863275	3.80114
1.63988	-0.954653	-0.116016	-0.692133	5.2
1.61612	-0.689584	-0.128184	-0.158807	5.2
1.60185	-0.461551	-0.126205	0.298317	2.42526
1.59104	-0.353903	-0.115142	0.491098	-2.6884
1.58124	-0.483966	-0.106645	0.171756	-4.83921
1.56337	-0.786565	-0.111869	-0.530096	-1.61179
1.54195	-0.909873	-0.129448	-0.839371	5.2
1.51929	-0.726555	-0.14863	-0.48817	5.2
1.50301	-0.489194	-0.155266	-0.0233132	5.2
1.4936	-0.27244	-0.150345	0.400189	1.79482
1.48762	-0.205023	-0.138195	0.498366	-3.08272
1.47982	-0.388939	-0.130357	0.0491174	-4.22207
1.46559	-0.65667	-0.137843	-0.583228	0.768951
1.44801	-0.668212	-0.154774	-0.658323	5.2
1.43252	-0.462871	-0.16775	-0.267066	5.2
1.42346	-0.243305	-0.168979	0.154985	4.99535
1.41995	-0.0347199	-0.159567	0.554335	0.627457
1.41955	-0.0196771	-0.144182	0.533396	-4.1692
1.41609	-0.257961	-0.137407	-0.035002	-4.09238
1.40593	-0.513136	-0.146501	-0.640685	2.19631
