0	0.5	5.5	0.4	0
-0.000676878	-0.0398197	-0.102216	-0.130509	-0
-0.00364527	-0.0944013	-0.111974	-0.311029	0.263845
-0.00648049	-0.115414	-0.121565	-0.398063	4.01754
-0.00733193	0.0632891	-0.128356	-0.0546119	4.84681
-0.00308588	0.26868	-0.124435	0.35326	0.331745
0.00429127	0.27514	-0.114949	0.326736	0.606313
0.0110908	0.269746	-0.107431	0.278638	0.729243
0.0178697	0.272931	-0.100834	0.25163	0.999966
0.0261026	0.294851	-0.0933985	0.262848	1.15119
0.0344917	0.325974	-0.0858126	0.299389	1.08117
0.0437074	0.355901	-0.0772312	0.336153	0.836504
0.0532119	0.374563	-0.0682817	0.352284	0.568234
0.0634307	0.382099	-0.0588606	0.346332	0.404891
0.0733776	0.383227	-0.0500855	0.330265	0.355502
0.0833506	0.384269	-0.0416959	0.316927	0.363457
0.0930016	0.388086	-0.0338417	0.312922	0.350086
0.105542	0.395888	-0.0237726	0.317931	0.0212854
0.115349	0.388476	-0.0161124	0.295129	0.133761
0.125432	0.387941	-0.00853935	0.289725	0.163732
0.135565	0.391776	-0.000933412	0.296476	0.0868201
0.145777	0.394039	0.0068402	0.302389	-0.0735998
0.155373	0.371128	0.0138793	0.255497	-0.23522
0.164668	0.34562	0.0198177	0.205248	-0.0789929
0.173359	0.324329	0.0246036	0.166069	0.194444
0.181665	0.339986	0.0292993	0.20914	0.303111
0.190811	0.363335	0.0355535	0.271268	-0.119448
0.19973	0.348695	0.0421332	0.251804	-0.617021
0.208177	0.328358	0.0480213	0.22154	-0.643881
0.217034	0.30566	0.0537592	0.190676	-0.598161
0.224752	0.289083	0.0584684	0.173333	-0.565862
0.23181	0.276361	0.0626846	0.165159	-0.594988
0.238551	0.263622	0.0667164	0.158293	-0.672489
0.244941	0.248287	0.0705211	0.14702	-0.758891
0.251136	0.229094	0.0741005	0.129443	-0.819444
0.257012	0.207117	0.0772872	0.107904	-0.845436
0.262106	0.185663	0.0798114	0.0874958	-0.848048
0.266816	0.164202	0.0819075	0.0689107	-0.846763
0.270816	0.144387	0.0834867	0.0535036	-0.854937
0.274552	0.123294	0.0847555	0.0379722	-0.866883
0.277387	0.104346	0.0855236	0.0241866	-0.892158
0.279737	0.084476	0.0859246	0.00857582	-0.905459
0.281649	0.0633719	0.0859166	-0.00855185	-0.902652
0.283014	0.0424891	0.0854683	-0.0252695	-0.887864
0.283825	0.0231409	0.0846462	-0.0399476	-0.868246
0.284167	0.00390903	0.0834244	-0.0536069	-0.850781
0.284018	-0.0146998	0.0818594	-0.0663718	-0.835222
0.283391	-0.0328287	0.0799707	-0.0786691	-0.81805
0.2823	-0.0505387	0.0777659	-0.0907403	-0.796706
0.280755	-0.0677146	0.0752529	-0.10244	-0.769561
0.278774	-0.0841513	0.0724459	-0.113419	-0.737287
0.276176	-0.100899	0.0691194	-0.124272	-0.696675
0.273359	-0.11531	0.065774	-0.132981	-0.661257
0.27031	-0.128189	0.0623596	-0.140314	-0.624136
0.266809	-0.140711	0.0586225	-0.147239	-0.588128
0.26284	-0.152892	0.0545584	-0.154001	-0.548228
0.25856	-0.16406	0.0503288	-0.159998	-0.502305
0.253994	-0.174024	0.0459491	-0.164874	-0.453909
0.249541	-0.182008	0.0417925	-0.168057	-0.405214
0.244714	-0.189108	0.0373997	-0.170179	-0.362218
0.239718	-0.19516	0.0329655	-0.171496	-0.319075
0.234577	-0.200281	0.0285043	-0.172281	-0.275577
0.229313	-0.204557	0.024025	-0.17273	-0.23033
0.223954	-0.207729	0.0195486	-0.172273	-0.182337
0.218738	-0.209644	0.0152685	-0.170772	-0.135266
0.213065	-0.210649	0.0106979	-0.168379	-0.0924548
0.207801	-0.210631	0.00653299	-0.165507	-0.0471
0.202551	-0.209561	0.00245221	-0.161671	-0.00534737
0.19713	-0.207584	-0.00168504	-0.157179	0.0410913
0.191896	-0.194068	-0.00542861	-0.128731	0.0743584
0.187222	-0.180704	-0.00828256	-0.101646	-0.0494501
0.182477	-0.184467	-0.0110713	-0.113154	-0.156248
0.177934	-0.193947	-0.0140871	-0.137852	-0.20037
0.172293	-0.208745	-0.0184909	-0.1762	0.189414
0.166827	-0.196748	-0.0229721	-0.157166	0.508842
0.162178	-0.176172	-0.0264133	-0.120079	0.48779
0.157702	-0.156344	-0.0291748	-0.0863721	0.344969
0.153794	-0.145329	-0.0312121	-0.0724361	0.219696
0.149943	-0.14109	-0.0331643	-0.0744492	0.201062
0.146018	-0.139539	-0.0353713	-0.0835273	0.276678
0.142454	-0.134905	-0.0375683	-0.0857054	0.402198
0.138959	-0.124215	-0.0397485	-0.0758541	0.48713
0.135923	-0.109898	-0.0414808	-0.058214	0.504108
0.133357	-0.0957934	-0.0427138	-0.0409994	0.468194
0.131036	-0.0833881	-0.0436039	-0.0284139	0.426921
0.128928	-0.0732545	-0.0442727	-0.0216475	0.410267
0.12714	-0.0646942	-0.0447836	-0.0179575	0.426769
0.125582	-0.0555174	-0.0451838	-0.0130717	0.457784
0.124282	-0.0448906	-0.0454164	-0.00511619	0.480486
0.123273	-0.0331812	-0.0454108	0.00517168	0.482706
0.122528	-0.0204916	-0.0451022	0.0164793	0.467458
0.122153	-0.00990557	-0.0445786	0.0250805	0.444708
0.122029	-0.000384753	-0.0438678	0.0315469	0.428843
0.122174	0.0099661	-0.0428581	0.0378507	0.421956
0.122575	0.0194072	-0.0417568	0.0436612	0.417091
0.123202	0.0285221	-0.0405423	0.0496994	0.409224
0.124064	0.0375504	-0.0391676	0.0559851	0.395414
0.125157	0.0462299	-0.0376334	0.0619979	0.376288
0.126523	0.0546486	-0.0358854	0.0675144	0.354762
0.127981	0.0618083	-0.0341444	0.0717975	0.332508
0.12968	0.0686295	-0.0322298	0.0755003	0.31311
0.131625	0.0752241	-0.0301455	0.0789761	0.293859
0.133659	0.0811186	-0.0280547	0.0820303	0.272427
0.135753	0.0862809	-0.0259748	0.084538	0.250084
0.138062	0.0911436	-0.0237495	0.0867649	0.228005
0.140585	0.0956818	-0.0213824	0.0887633	0.204141
0.143123	0.0994476	-0.01906	0.0901566	0.177933
0.145853	0.102716	-0.0166168	0.0910344	0.152792
0.148661	0.105321	-0.0141599	0.0913161	0.127061
0.151531	0.107292	-0.0117027	0.0910744	0.102077
0.154447	0.108724	-0.00925573	0.0905115	0.0776307
0.157394	0.109599	-0.0068284	0.0895882	0.0527494
0.160136	0.109795	-0.00461127	0.0881421	0.0278281
0.162985	0.109435	-0.00234923	0.0861601	0.00602835
0.165923	0.10824	-6.82974e-05	0.0831	-0.0281043
0.168645	0.100776	0.00189459	0.0670339	-0.0339716
0.171255	0.0930314	0.00347176	0.0509897	0.0336236
0.173796	0.0952417	0.00493162	0.0573025	0.104045
0.176355	0.101564	0.00662924	0.073108	0.0497087
0.179052	0.105688	0.00868581	0.0847284	-0.0951397
0.181821	0.0996487	0.010834	0.0749081	-0.205873
0.184298	0.0913251	0.0125849	0.0606139	-0.191597
0.186577	0.0843297	0.0140101	0.049771	-0.146317
0.188628	0.0802262	0.0151914	0.0455201	-0.118641
0.190679	0.0778526	0.0163687	0.0456513	-0.126588
0.192749	0.0756206	0.0176138	0.0467237	-0.16187
0.194739	0.071931	0.0188513	0.0450379	-0.205847
0.196534	0.0663803	0.019945	0.0394301	-0.234783
0.19811	0.059917	0.0208316	0.0318925	-0.238612
0.199524	0.0535358	0.021535	0.0247946	-0.227927
0.200836	0.0477015	0.0221041	0.0193882	-0.217735
0.201965	0.0428463	0.0225434	0.0160087	-0.216839
0.202976	0.0382165	0.0229069	0.0132548	-0.225435
0.203867	0.0332987	0.0231951	0.00997577	-0.236893
0.204658	0.0277244	0.0233963	0.00564162	-0.244374
0.205299	0.0218207	0.0234752	0.000633587	-0.24537
0.205771	0.0161443	0.0234284	-0.00417569	-0.240575
0.206124	0.0103942	0.0232507	-0.00845956	-0.234055
0.206326	0.00477817	0.0229594	-0.0127598	-0.230564
0.206381	-0.000193054	0.0225955	-0.0162406	-0.224237
0.206309	-0.00512638	0.0221298	-0.0194814	-0.219817
0.206121	-0.00973757	0.0216047	-0.0224682	-0.215638
0.205805	-0.0144496	0.0209795	-0.0255852	-0.210666
0.205367	-0.0190661	0.0202732	-0.0287178	-0.203592
0.204835	-0.0233432	0.0195184	-0.0316125	-0.194463
0.204088	-0.0280213	0.0185573	-0.0346721	-0.183021
0.203308	-0.0318534	0.0176267	-0.0369416	-0.172297
0.202468	-0.0352425	0.0166807	-0.0387809	-0.162122
0.201547	-0.0383761	0.015692	-0.0403751	-0.152632
0.200508	-0.0414467	0.0146222	-0.041968	-0.14297
0.199436	-0.0441873	0.0135564	-0.0433826	-0.131613
0.198112	-0.0471014	0.0122781	-0.0448846	-0.118703
0.196708	-0.0496588	0.0109613	-0.0460945	-0.103878
0.195392	-0.0515455	0.00975659	-0.0467157	-0.0896298
0.194086	-0.052977	0.00858871	-0.0468604	-0.0770451
0.192529	-0.054345	0.00723219	-0.0468635	-0.0655612
0.191104	-0.055336	0.0060171	-0.0467852	-0.0533853
0.189656	-0.0560575	0.00480644	-0.046527	-0.0410292
0.188249	-0.0564761	0.0036513	-0.0460605	-0.0286086
0.18661	-0.0566584	0.00232984	-0.0453223	-0.0165689
0.185025	-0.0565854	0.00107509	-0.0445335	-0.00316616
0.183561	-0.0560411	-6.34221e-05	-0.0431616	0.0149096
0.182204	-0.0523618	-0.0010494	-0.0352703	0.0207104
0.180896	-0.0484903	-0.00185462	-0.0272691	-0.0124036
0.179674	-0.0492994	-0.0025664	-0.0297579	-0.0469535
0.178406	-0.0520897	-0.00339949	-0.0368409	-0.0240895
0.176861	-0.0544079	-0.00456621	-0.0434184	0.0430929
0.175535	-0.0516371	-0.00559546	-0.0389913	0.106027
0.174108	-0.0469455	-0.00660566	-0.0310046	0.100795
0.172981	-0.0434115	-0.00730759	-0.0255167	0.0763887
0.171762	-0.0409129	-0.00800208	-0.0229254	0.0614505
0.170755	-0.0397973	-0.0085752	-0.023174	0.0664711
0.169775	-0.0387091	-0.00916014	-0.0236713	0.0850066
0.168794	-0.0368194	-0.00976283	-0.022728	0.105855
0.167774	-0.0336703	-0.0103741	-0.0196228	0.118918
0.166883	-0.0301013	-0.0108652	-0.0156676	0.121564
0.166172	-0.0269295	-0.0112124	-0.0123053	0.118145
0.165512	-0.0239331	-0.0114944	-0.00957798	0.114512
0.164948	-0.0213492	-0.0117086	-0.00768862	0.114324
0.164391	-0.0185689	-0.0118972	-0.00589563	0.11696
0.163944	-0.0159256	-0.0120266	-0.0041497	0.122954
0.163543	-0.0128025	-0.0121072	-0.00170209	0.125904
0.163232	-0.00955351	-0.0121155	0.00100454	0.125763
0.16303	-0.00667753	-0.0120596	0.0033744	0.123815
0.1629	-0.00390034	-0.0119469	0.00555475	0.120586
0.162833	-0.000953672	-0.0117606	0.00769142	0.116627
0.162843	0.00161087	-0.0115383	0.00936825	0.114684
0.162914	0.00402542	-0.0112839	0.0109454	0.112895
0.163052	0.00650736	-0.0109773	0.0126163	0.110503
0.163254	0.00894902	-0.0106269	0.0143098	0.106882
0.163507	0.011198	-0.0102498	0.0158398	0.102099
0.163828	0.0133903	-0.00981969	0.0172458	0.0970874
0.164188	0.015356	-0.00937461	0.0184282	0.091954
0.164647	0.0174101	-0.00884262	0.0196069	0.08638
0.165124	0.0191826	-0.00832024	0.0205843	0.0814361
0.165623	0.0207674	-0.00779548	0.0214322	0.0758942
0.166184	0.0222799	-0.00722887	0.0222011	0.0702436
0.166758	0.0236052	-0.00666645	0.0228412	0.064153
0.167438	0.0249461	-0.0060189	0.0234641	0.0575239
0.168074	0.0259727	-0.00542828	0.0238478	0.0508539
0.168762	0.0268686	-0.00480629	0.0240753	0.0446418
0.169525	0.0276897	-0.00413126	0.0242417	0.0380483
0.170254	0.0283166	-0.00350073	0.02432	0.0314885
0.170967	0.0287549	-0.00289485	0.0242359	0.0247605
0.171718	0.0290447	-0.00226915	0.0239932	0.0186435
0.172475	0.0292041	-0.0016508	0.0236751	0.0126552
0.173205	0.0292344	-0.00106487	0.0232957	0.00662079
0.173933	0.0290427	-0.000492121	0.0226181	0.00019882
0.174655	0.0286912	6.14317e-05	0.021774	-0.00547172
0.175379	0.0268542	0.000581793	0.0178525	-0.0077717
0.176025	0.0249545	0.000975511	0.0139384	0.00833339
0.176758	0.0255716	0.00140506	0.0157375	0.025375
0.177416	0.0270934	0.00184735	0.0196005	0.0297301
0.178147	0.0290552	0.00242317	0.0246204	-0.0273782
0.178965	0.0273395	0.00309857	0.0218981	-0.0691998
0.17971	0.0241532	0.00364837	0.0161843	-0.0666386
0.180281	0.021648	0.00399677	0.011934	-0.0450611
0.180864	0.0201381	0.00430125	0.0101346	-0.02897
0.181439	0.019633	0.00459961	0.0107056	-0.0277283
0.181927	0.0194553	0.00488177	0.0118576	-0.04112
0.182403	0.0186858	0.00517706	0.0118057	-0.0569931
0.182902	0.0170288	0.00548258	0.0101144	-0.0660373
0.183364	0.0148932	0.00573695	0.00754981	-0.0666506
0.183752	0.0128841	0.0059147	0.00526837	-0.0617729
0.184099	0.0111655	0.00604416	0.00375784	-0.0573994
0.184392	0.00981432	0.00613813	0.00301594	-0.0572307
0.184648	0.00852066	0.00621383	0.00243111	-0.0609351
0.184844	0.0072098	0.00626361	0.00158781	-0.0657859
0.185027	0.00543906	0.0062873	7.56581e-05	-0.0672158
0.185142	0.00384333	0.0062703	-0.00137872	-0.0660883
0.18522	0.00224318	0.00621558	-0.00277285	-0.063285
0.185259	0.000780307	0.00612828	-0.00388987	-0.060442
0.185262	-0.000491689	0.00602057	-0.00470043	-0.058638
0.185232	-0.00174666	0.00588852	-0.00543496	-0.0579779
0.185173	-0.00294637	0.00574331	-0.00617094	-0.0574891
0.185079	-0.00420704	0.00557174	-0.00701826	-0.0564193
0.184953	-0.00545798	0.00537763	-0.00790599	-0.0543378
0.184795	-0.00665283	0.00516117	-0.00874013	-0.0514754
0.184607	-0.00775692	0.0049247	-0.00945181	-0.0483662
0.184401	-0.00872333	0.00468157	-0.0100054	-0.0454307
0.184133	-0.00976045	0.0043835	-0.0105655	-0.04254
0.183878	-0.0105802	0.00411443	-0.0109777	-0.0398747
0.183592	-0.0113773	0.00382397	-0.0113796	-0.0372213
0.183299	-0.0120846	0.0035354	-0.0117305	-0.0341708
0.18295	-0.0128011	0.00320273	-0.0120707	-0.0307445
0.182583	-0.0134238	0.00286155	-0.012356	-0.0270622
0.182227	-0.0139263	0.00253894	-0.0125135	-0.0233591
0.18186	-0.0143166	0.00221351	-0.0125626	-0.0200479
0.181498	-0.0146167	0.00190015	-0.0125489	-0.0169216
0.1811	-0.0148788	0.00156236	-0.0125127	-0.0139604
0.180711	-0.0150706	0.0012384	-0.012457	-0.0105643
0.180333	-0.0151773	0.000929068	-0.0123361	-0.0071134
0.179893	-0.0151653	0.0005765	-0.0120234	-0.00382394
0.179515	-0.0150753	0.000280826	-0.0116846	-0.000967932
0.179125	-0.0149273	-1.7464e-05	-0.0113136	0.00171904
0.178763	-0.0139823	-0.000277085	-0.00928827	0.00400568
0.178427	-0.0129856	-0.00048158	-0.00722521	-0.00427068
0.178086	-0.0132577	-0.000679449	-0.00801677	-0.0133158
0.177702	-0.0141387	-0.000935251	-0.0102408	-0.00602209
0.177298	-0.0147087	-0.00124555	-0.0118857	0.0142222
0.17694	-0.0139231	-0.00152584	-0.0106127	0.0303374
0.176595	-0.0126987	-0.00177313	-0.00848527	0.0285318
0.176279	-0.01163	-0.00197007	-0.00677458	0.0214795
0.175975	-0.0109588	-0.00214122	-0.00602477	0.0164514
0.175716	-0.0106592	-0.00228527	-0.00605861	0.016926
0.175443	-0.0103948	-0.00244544	-0.00627875	0.0214436
0.175189	-0.00995967	-0.00260042	-0.00614504	0.027666
0.174939	-0.00924212	-0.00275129	-0.0054769	0.0317989
0.174695	-0.00827586	-0.00288857	-0.00438593	0.0327946
0.174499	-0.00740368	-0.00298557	-0.00342924	0.0317554
0.174318	-0.00658478	-0.003064	-0.00265748	0.0304982
0.174151	-0.00583851	-0.00312784	-0.00210946	0.0300145
0.174008	-0.00517074	-0.00317714	-0.00171243	0.0312454
0.17387	-0.0043799	-0.00321905	-0.00118604	0.0326285
0.17377	-0.00364352	-0.00324135	-0.000623073	0.0339857
0.173689	-0.00284873	-0.00324801	6.31945e-05	0.0341334
0.173622	-0.00195631	-0.003235	0.000837677	0.0330922
0.173583	-0.00121303	-0.00320649	0.00141859	0.0320412
0.17356	-0.000406307	-0.00315684	0.00198532	0.0310266
0.173558	0.000244641	-0.00310196	0.00239337	0.030677
0.173573	0.000889424	-0.00303684	0.00280737	0.0304023
0.17361	0.00164155	-0.00294783	0.00332565	0.0296511
0.173668	0.00237548	-0.00284389	0.00384037	0.0285154
0.173735	0.00297586	-0.00274274	0.00424668	0.0272661
0.173821	0.00356502	-0.0026273	0.00462854	0.0259397
0.173917	0.00409206	-0.00250762	0.00494745	0.0245273
0.174025	0.0045799	-0.00238058	0.00522052	0.0232011
0.174151	0.00505694	-0.00224148	0.00548305	0.0219077
0.174288	0.00550598	-0.00209574	0.00573236	0.0204445
0.174431	0.0059043	-0.00194982	0.00594619	0.0188114
0.174589	0.00627639	-0.00179296	0.00612736	0.0171611
0.17475	0.00659101	-0.00163834	0.00625764	0.0154545
0.174884	0.00680558	-0.00151268	0.00631694	0.0138612
0.175108	0.00712746	-0.00130862	0.00643347	0.0127105
0.175289	0.00735573	-0.00114678	0.00653321	0.0104959
0.175482	0.00752706	-0.000977008	0.00654822	0.00850565
0.175679	0.00761851	-0.000808401	0.0064454	0.00676606
0.17587	0.00766466	-0.000649318	0.00630826	0.00555933
0.17607	0.00769828	-0.000487241	0.00618853	0.00451369
0.176262	0.00772486	-0.000333803	0.00611216	0.00319218
0.176456	0.00773092	-0.000182222	0.00604902	0.0015844
0.176656	0.00769942	-2.69019e-05	0.00593501	-0.000997294
0.17685	0.00717254	0.00011359	0.00479376	-0.00209152
0.177029	0.00663326	0.000222503	0.00366767	0.00275527
0.177197	0.00678843	0.000319434	0.00409542	0.00772095
0.177379	0.00724438	0.000440736	0.00522288	0.0043021
0.177564	0.00755314	0.000582168	0.00606539	-0.00614679
0.177777	0.00711493	0.000748235	0.00535504	-0.0140087
0.177954	0.00654797	0.000874111	0.0043859	-0.0131398
0.178118	0.00606838	0.000977866	0.0036473	-0.0101955
0.178283	0.00575	0.00107463	0.00332285	-0.0083526
0.17843	0.00558679	0.00116081	0.00334287	-0.00917318
0.178589	0.00540367	0.00125831	0.00339752	-0.0117103
0.178721	0.00514553	0.00134125	0.00325415	-0.015032
0.178863	0.00468233	0.00142805	0.00276106	-0.0167049
0.178983	0.00419156	0.00149469	0.00219853	-0.0167965
0.179082	0.00374991	0.00154337	0.00172442	-0.0160606
0.179171	0.00336286	0.00158193	0.00138429	-0.015506
0.179253	0.00300554	0.00161454	0.00114182	-0.0156229
0.179324	0.00266894	0.00164031	0.000933477	-0.0163157
0.179388	0.00229464	0.00166105	0.000671595	-0.0170673
0.17944	0.00190333	0.00167372	0.000356384	-0.0175084
0.179484	0.00147989	0.00167812	-4.5809e-06	-0.0174576
0.179517	0.00106171	0.00167328	-0.000354009	-0.0170772
0.179539	0.000679112	0.00166056	-0.000650101	-0.0166167
0.179551	0.00030406	0.00164008	-0.000913491	-0.0162716
0.179554	-4.15849e-05	0.00161431	-0.0011414	-0.0160425
0.179549	-0.000394712	0.00158154	-0.00137438	-0.0158518
0.179532	-0.000773033	0.0015395	-0.0016345	-0.0154427
0.179504	-0.00115428	0.00148822	-0.00189831	-0.01492
0.179467	-0.00150646	0.00143171	-0.00213771	-0.0142356
0.179418	-0.00184857	0.00136653	-0.00235894	-0.0134952
0.179362	-0.00215609	0.00129789	-0.00254694	-0.0127123
0.179297	-0.00244005	0.00122437	-0.00270919	-0.0119443
0.179222	-0.00271449	0.00114363	-0.0028632	-0.0111738
0.179143	-0.00295904	0.0010617	-0.00299676	-0.010299
0.179063	-0.00316321	0.000982555	-0.00309782	-0.00947167
0.178982	-0.00332887	0.000904495	-0.00315335	-0.00863066
0.178893	-0.00347924	0.000822158	-0.0031902	-0.0079598
0.178794	-0.00363008	0.000732355	-0.00323692	-0.00722553
0.178702	-0.00375198	0.00065103	-0.00327847	-0.00640949
0.178606	-0.00385586	0.000568834	-0.00330714	-0.00552691
0.178493	-0.00395586	0.000472772	-0.00332908	-0.00458368
0.178381	-0.00402785	0.000379734	-0.00333089	-0.00350247
0.178276	-0.00406499	0.000293731	-0.00329775	-0.0024991
0.178158	-0.00407805	0.000199296	-0.0032327	-0.00162692
0.178056	-0.00407111	0.000119494	-0.00316508	-0.000798076
0.177951	-0.00404698	3.83941e-05	-0.00308493	-7.0978e-05
0.17785	-0.00400905	-3.75048e-05	-0.00300113	0.000676732
0.177753	-0.00377407	-0.000107122	-0.00250908	0.00140613
0.177651	-0.00348642	-0.000168628	-0.00192838	-0.000511009
0.17756	-0.00352704	-0.00022038	-0.00208294	-0.00292494
0.177455	-0.00374731	-0.000289209	-0.00266149	-0.00126924
0.177359	-0.00387634	-0.000360743	-0.00304971	0.00413143
0.177265	-0.00367492	-0.000432806	-0.00273768	0.00792266
0.177164	-0.00332549	-0.000503144	-0.00214711	0.0075868
0.177084	-0.00306234	-0.000551422	-0.0017415	0.00574521
0.176998	-0.00288054	-0.000598832	-0.00155984	0.00460316
0.176919	-0.00279028	-0.000642644	-0.00158797	0.00493113
0.176848	-0.00270872	-0.00068446	-0.00163353	0.00650663
0.176782	-0.00256312	-0.000724069	-0.00154333	0.00810595
0.176713	-0.00232377	-0.000763532	-0.00128957	0.00884475
0.176658	-0.00208459	-0.000792198	-0.00101822	0.00882515
0.176607	-0.00184691	-0.000815241	-0.000769084	0.00843463
0.176564	-0.00164665	-0.000832187	-0.000598083	0.00814239
0.176524	-0.0014607	-0.000846	-0.000474391	0.00819934
0.176486	-0.00126484	-0.000857519	-0.000355503	0.00846763
0.176452	-0.00105269	-0.000865723	-0.000215729	0.00886929
0.176425	-0.000820864	-0.000869261	-3.5074e-05	0.00913881
0.176406	-0.000584328	-0.000867315	0.000166881	0.00909854
0.176393	-0.000367582	-0.000860513	0.000349536	0.00887512
0.176387	-0.000169983	-0.000849767	0.000504303	0.00855546
0.176385	2.10779e-05	-0.000834847	0.000637913	0.00829491
0.176388	0.000193715	-0.000817495	0.00074734	0.00811146
0.176395	0.000360769	-0.000797497	0.000850592	0.00798303
0.176408	0.000553136	-0.000770998	0.000975985	0.00777007
0.176424	0.000714536	-0.000745236	0.00108288	0.0075425
0.176447	0.000896483	-0.000712038	0.00120638	0.00717214
0.176475	0.00106025	-0.000676796	0.001312	0.00672812
0.176503	0.00119277	-0.000643064	0.00138748	0.00634627
0.176538	0.00133007	-0.000603229	0.00146102	0.00594427
0.176574	0.00144799	-0.000564513	0.00152167	0.00559625
0.176614	0.00155859	-0.000524222	0.00157953	0.00520294
0.176659	0.00166757	-0.000479283	0.00163523	0.00471817
0.176707	0.00176319	-0.00043297	0.00167824	0.00421478
0.176752	0.00183542	-0.000390768	0.00170225	0.00375381
0.1768	0.0018998	-0.000346348	0.00171833	0.00333365
0.176849	0.00195194	-0.000303355	0.0017266	0.00289753
0.176906	0.00200225	-0.00025333	0.00173147	0.00244471
0.176962	0.00204114	-0.000204935	0.00173289	0.00193187
0.177014	0.00206331	-0.000161832	0.0017215	0.00142414
0.177074	0.00207589	-0.000112363	0.001697	0.000863363
0.177126	0.00207109	-7.05323e-05	0.00165644	-6.39248e-05
0.177176	0.00191767	-3.32773e-05	0.00130296	-4.52574e-08
0.177223	0.00175359	-4.49564e-06	0.000936674	0.00166484
0.177273	0.00183214	2.41607e-05	0.00111223	0.00348747
0.177323	0.00201022	5.84134e-05	0.00151639	0.00196064
0.177381	0.00213077	0.000105123	0.00181016	-0.00113491
0.177433	0.00200407	0.000147439	0.00157323	-0.00375278
0.177481	0.00184089	0.000182742	0.00126898	-0.00311935
0.177531	0.00170442	0.000214784	0.00104207	-0.00201128
0.177575	0.00162418	0.000241289	0.000946161	-0.0014043
0.17762	0.0015665	0.000267193	0.000912227	-0.00148123
0.177663	0.00152233	0.000292723	0.000917297	-0.00196956
0.177707	0.00148908	0.000319875	0.000959895	-0.00271291
0.177748	0.00143011	0.000346571	0.000951917	-0.00375008
0.177787	0.00131777	0.000372461	0.000841252	-0.00449642
0.177819	0.00119438	0.000391498	0.000697948	-0.00467282
0.177851	0.00104063	0.000408707	0.000508879	-0.00448499
0.177875	0.000926211	0.000419885	0.000392823	-0.00410025
0.177898	0.000832113	0.000429213	0.000330199	-0.00399302
0.177919	0.000747639	0.000437245	0.00029162	-0.00419864
0.177939	0.000645634	0.000444826	0.000234494	-0.00450831
0.177955	0.000536816	0.000450013	0.000153201	-0.00478749
0.177968	0.000406603	0.000452742	3.81827e-05	-0.00485627
0.177978	0.000278005	0.000452112	-7.87765e-05	-0.00472367
0.177984	0.000166174	0.000448809	-0.000171424	-0.00453785
0.177987	6.75909e-05	0.000443593	-0.000242269	-0.00438916
0.177987	-3.87413e-05	0.000435562	-0.00030933	-0.00428849
0.177985	-0.000126449	0.000427165	-0.00036114	-0.0042842
0.17798	-0.000215698	0.000417397	-0.000419279	-0.00425963
0.177973	-0.000317024	0.000404636	-0.000491473	-0.00414061
0.177962	-0.000418728	0.000389321	-0.000564426	-0.00395384
0.177951	-0.000500547	0.000374516	-0.000619382	-0.00374695
0.177935	-0.000584898	0.00035646	-0.000670929	-0.00352869
0.177919	-0.000656462	0.000338517	-0.000710061	-0.00335381
0.177901	-0.000723734	0.000319602	-0.000746018	-0.00318344
0.17788	-0.000792467	0.000298209	-0.000783934	-0.00297717
0.177859	-0.000851339	0.000277438	-0.000815424	-0.00276438
0.177834	-0.000909326	0.00025422	-0.000845476	-0.00251597
0.177811	-0.000954677	0.000232856	-0.000865485	-0.00227113
0.177786	-0.000993588	0.000211087	-0.000878392	-0.00204522
0.177758	-0.00103162	0.000186389	-0.000889144	-0.0018205
0.177728	-0.0010666	0.000160486	-0.000900177	-0.00157747
0.177697	-0.00109439	0.000135249	-0.000906981	-0.0012926
0.177669	-0.00111307	0.000111707	-0.000906017	-0.00101771
0.177637	-0.00112488	8.65441e-05	-0.000895611	-0.000762722
0.177608	-0.0011298	6.35002e-05	-0.00088084	-0.000535349
0.17758	-0.00112965	4.17455e-05	-0.000863238	-0.000329199
0.177548	-0.0011254	1.79244e-05	-0.000842903	-0.000134619
0.17752	-0.00111851	-2.88132e-06	-0.00082522	9.11484e-05
0.177492	-0.00104887	-2.26449e-05	-0.000676742	0.000310196
0.177467	-0.000974867	-3.75147e-05	-0.000524193	-0.000268726
0.177438	-0.000991987	-5.33714e-05	-0.000578762	-0.000951665
0.17741	-0.00105611	-7.18779e-05	-0.000742034	-0.00032184
0.177383	-0.00108816	-9.16867e-05	-0.000838803	0.0011025
0.177356	-0.00102992	-0.000111394	-0.000744028	0.00206534
0.177331	-0.000948021	-0.000128859	-0.000605046	0.00191754
0.177305	-0.000873306	-0.000144092	-0.000490919	0.00149652
0.177284	-0.000831562	-0.000155736	-0.000448125	0.00122997
0.177263	-0.000807267	-0.000166857	-0.000447294	0.00131319
0.17724	-0.000781292	-0.000179925	-0.000455736	0.00162207
0.177218	-0.000741752	-0.000192864	-0.000439354	0.00206768
0.177198	-0.000682719	-0.000204317	-0.000382274	0.00238404
0.177182	-0.000617499	-0.000212887	-0.000307137	0.00245937
0.177165	-0.000540939	-0.000220484	-0.000221083	0.00234026
0.177151	-0.000476609	-0.000225786	-0.000161376	0.00219862
0.177139	-0.000422754	-0.000229777	-0.000126333	0.00217278
0.177127	-0.0003706	-0.000233023	-9.9358e-05	0.00227423
0.177118	-0.000316091	-0.000235305	-6.52193e-05	0.00242369
0.17711	-0.000254124	-0.000236431	-1.72017e-05	0.00251053
0.177104	-0.000195282	-0.000236143	3.67239e-05	0.00252436
0.1771	-0.000128696	-0.000234243	9.69335e-05	0.00240573
0.177097	-7.50963e-05	-0.000231277	0.000138655	0.0022963
0.177096	-2.66479e-05	-0.000227402	0.00017019	0.0022279
0.177096	2.45696e-05	-0.000222206	0.000200477	0.00217998
0.177097	7.62463e-05	-0.000215943	0.000230998	0.00216053
0.1771	0.000121096	-0.000209802	0.000259987	0.00214432
0.177104	0.000168532	-0.000202593	0.000294129	0.00208022
0.177109	0.00021449	-0.000194507	0.000327612	0.00197124
0.177114	0.000255213	-0.000185974	0.000354908	0.00184492
0.177122	0.000293515	-0.00017645	0.000377468	0.00173187
0.177131	0.000332613	-0.000165204	0.000398599	0.00161048
0.177141	0.000366612	-0.00015383	0.000414901	0.00149772
0.177151	0.000397933	-0.000142018	0.000429558	0.00139203
0.177162	0.00042474	-0.000130695	0.00044209	0.00129225
0.177173	0.000448356	-0.000119519	0.000453066	0.00116806
0.177185	0.000469722	-0.000107648	0.000461376	0.00101648
0.177197	0.000485893	-9.61033e-05	0.000463591	0.000684656
0.17721	0.000489837	-8.39019e-05	0.00044052	-0.000511198
0.177222	0.000421265	-7.49065e-05	0.000263251	-0.000188472
0.177232	0.000366543	-7.0231e-05	0.000119621	0.0018243
0.177242	0.000433511	-6.56124e-05	0.000243402	0.00268868
0.177256	0.000561503	-5.50986e-05	0.000501892	0.00193562
0.177273	0.000651634	-3.84183e-05	0.000682311	0.00021833
0.177289	0.000654369	-2.12531e-05	0.000678494	-0.00106701
0.177305	0.000586419	-6.32703e-06	0.000524935	-0.00128145
0.177318	0.000516409	4.72046e-06	0.000372691	-0.000565133
0.177331	0.000467859	1.27453e-05	0.000267573	0.000181826
0.177344	0.000478561	2.06357e-05	0.000297064	0.000681292
0.177358	0.000520528	3.03847e-05	0.000398292	0.000361158
0.177372	0.000546947	4.16983e-05	0.00046834	-0.000435197
0.177386	0.000517084	5.27613e-05	0.000418173	-0.00107798
0.1774	0.000467962	6.35927e-05	0.000332397	-0.0010001
0.177412	0.000430794	7.14188e-05	0.000273717	-0.000720593
0.177424	0.000407922	7.89645e-05	0.000251921	-0.000559778
0.177434	0.000398554	8.5299e-05	0.000258076	-0.00063885
0.177444	0.000388382	9.20981e-05	0.00026576	-0.000857921
0.177454	0.000367427	9.9363e-05	0.000254678	-0.00110143
0.177464	0.000335163	0.000105998	0.00022134	-0.00125682
0.177472	0.000300499	0.000110995	0.00018063	-0.00127831
0.17748	0.000263658	0.000115286	0.000139615	-0.00122073
0.177486	0.00023265	0.000118519	0.000111192	-0.0011636
0.177492	0.000207091	0.000121068	9.41352e-05	-0.00116428
0.177497	0.000182554	0.000123233	8.00907e-05	-0.00122022
0.177501	0.000155131	0.000125071	6.19904e-05	-0.0012903
0.177505	0.000124801	0.000126361	3.80517e-05	-0.00133767
0.177507	9.36418e-05	0.000126959	1.09664e-05	-0.0013429
0.177509	6.13458e-05	0.000126868	-1.68698e-05	-0.00131419
0.17751	3.07506e-05	0.000126101	-4.11182e-05	-0.00127513
0.177511	3.32643e-06	0.000124822	-6.03924e-05	-0.00124623
0.177511	-2.3824e-05	0.000123016	-7.79504e-05	-0.0012329
0.17751	-4.9561e-05	0.000120853	-9.46679e-05	-0.00122468
0.177508	-7.63738e-05	0.000118149	-0.000112976	-0.00120897
0.177506	-0.000102563	0.000115097	-0.000140241	-0.00117736
0.177502	-0.000130778	0.000111001	-0.000151545	-0.00104999
0.177499	-0.000150878	0.000106968	-0.000158688	-0.0010737
0.177495	-0.000173173	0.000102671	-0.000172051	-0.00107684
0.17749	-0.000196855	9.79654e-05	-0.000189977	-0.00103431
0.177484	-0.000221443	9.23796e-05	-0.000209143	-0.00094927
0.177478	-0.000240696	8.69852e-05	-0.000222126	-0.000852951
0.177472	-0.000257181	8.11104e-05	-0.000229773	-0.000776161
0.177465	-0.000270498	7.53268e-05	-0.00023347	-0.000721386
0.177457	-0.000284713	6.85129e-05	-0.000237429	-0.000680044
0.177448	-0.000298729	6.15526e-05	-0.000243553	-0.00062906
0.17744	-0.000311563	5.46482e-05	-0.000250461	-0.000554822
