0	0.5	5.5	0.4	0.1
0.00341202	0.196464	-0.0932841	0.386934	-0
0.00894536	0.191677	-0.0827789	0.345377	-0.0308571
0.0135604	0.150645	-0.0750762	0.227688	-0.0331817
0.0168606	0.115651	-0.0707166	0.127267	0.00881657
0.0195468	0.0924903	-0.0684302	0.0529635	0.0464372
0.0218225	0.0709605	-0.0679961	-0.0190597	0.0769397
0.0234202	0.0527217	-0.0693459	-0.0822501	0.108218
0.0246337	0.0345259	-0.0725964	-0.147956	0.137618
0.0253633	0.0162682	-0.0779031	-0.216328	0.170223
0.0255722	0.00018662	-0.0843622	-0.278998	0.206165
0.02538	-0.0152336	-0.0921364	-0.34149	0.240701
0.0247658	-0.0317565	-0.101929	-0.410529	0.276407
0.0236098	-0.0506875	-0.11457	-0.491476	0.316809
0.0219022	-0.0711852	-0.129595	-0.580946	0.364777
0.0198745	-0.0908022	-0.145234	-0.668785	0.417908
0.0172252	-0.112709	-0.16395	-0.769353	0.469805
0.0137074	-0.138479	-0.187197	-0.890251	0.528345
0.0092641	-0.167864	-0.215073	-1.03133	0.596667
0.00472309	-0.194956	-0.24257	-1.16625	0.672735
-0.000733643	-0.224266	-0.274918	-1.31977	0.74136
-0.00671686	-0.253607	-0.309976	-1.48174	0.813948
-0.014298	-0.286969	-0.354281	-1.6801	0.883317
-0.022176	-0.317509	-0.400629	-1.88066	0.957529
-0.0308165	-0.345316	-0.452373	-2.09465	1.02006
-0.0397607	-0.367921	-0.507539	-2.3125	1.07281
-0.0503588	-0.385852	-0.575974	-2.56897	1.11191
-0.0617011	-0.39198	-0.654592	-2.84494	1.1402
-0.0729795	-0.380654	-0.741328	-3.12819	1.15077
-0.0825724	-0.352206	-0.826155	-3.38793	1.14308
-0.091168	-0.303441	-0.917822	-3.65439	1.12346
-0.0981999	-0.231351	-1.01654	-3.93022	1.0941
-0.10302	-0.132685	-1.12259	-4.21973	1.05723
-0.104883	-0.00927636	-1.2319	-4.51685	1.01505
-0.103123	0.153156	-1.35382	-4.85384	0.970912
-0.0966241	0.35656	-1.48501	-5.23078	0.921063
-0.0848093	0.599321	-1.52055	-5.64523	0.864974
-0.0838666	0.000879143	-1.50787	-0.0171474	0.914011
-0.0838922	-0.000899514	-1.50788	3.27413e-06	0.221432
-0.0839227	-0.00127786	-1.50788	5.98898e-06	0.132785
-0.0839544	-6.28386e-05	-1.50788	2.83848e-05	0.132737
-0.0839861	-0.00132668	-1.50788	-1.3511e-06	0.132886
-0.0840178	-4.43404e-05	-1.50788	3.27848e-05	0.132732
-0.0840419	-7.06461e-05	-1.50788	1.61291e-05	0.220177
-0.084068	0.000439711	-1.50787	-0.0175856	0.220176
-0.0841023	-0.00253455	-1.50788	0.0126706	0.135035
-0.0841273	0.000381823	-1.50787	-0.0176587	0.130531
-0.0841626	-0.0025343	-1.50788	0.0126712	0.135037
-0.0841877	0.000370042	-1.50787	-0.0176476	0.130531
-0.0842229	-0.00253398	-1.50788	0.012669	0.135035
-0.0842484	-0.00132482	-1.50788	-1.82725e-06	0.219043
-0.0842744	0.000439381	-1.50787	-0.017586	0.2201
-0.0843043	-0.00253405	-1.50788	0.0126694	0.221436
-0.0843289	-0.00127442	-1.50788	2.13419e-05	0.219042
-0.0843554	-4.84929e-05	-1.50788	3.08474e-05	0.220101
-0.0843813	0.000440492	-1.50787	-0.017585	0.220176
-0.0844091	0.000440531	-1.50787	-0.0175854	0.135035
-0.0844442	-0.00253451	-1.50788	0.0126703	0.135035
-0.0844684	-0.00253391	-1.50788	0.0126687	0.219042
-0.0844962	-4.11289e-05	-1.50788	3.01516e-05	0.219042
-0.0845221	0.000447348	-1.50787	-0.0175876	0.220176
-0.0845455	0.000440878	-1.50787	-0.0175851	0.221436
-0.0845754	-0.00253405	-1.50788	0.0126694	0.221435
-0.084603	-0.0012762	-1.50788	3.33156e-06	0.219042
-0.084626	0.000440353	-1.50787	-0.0175856	0.220101
-0.0846559	-0.00253405	-1.50788	0.0126694	0.221435
-0.0846805	-0.00127358	-1.50788	2.1786e-05	0.219042
-0.0847066	0.000440647	-1.50787	-0.0175848	0.2201
-0.0847365	-0.00253405	-1.50788	0.0126694	0.221435
-0.0847598	-0.00253403	-1.50788	0.0126658	0.219041
-0.0847876	-4.84126e-05	-1.50788	3.07915e-05	0.219042
-0.0848135	0.000440998	-1.50787	-0.0175845	0.220175
-0.0848369	0.0004323	-1.50787	-0.0175854	0.221434
-0.084868	-0.00127628	-1.50788	-1.06065e-06	0.221434
-0.084894	0.000442926	-1.50787	-0.0175826	0.220101
-0.0849222	-0.00127675	-1.50788	-1.64634e-06	0.221434
-0.0849481	0.000443066	-1.50787	-0.0175824	0.220101
-0.084975	-0.00253405	-1.50788	0.0126659	0.221434
-0.0850026	-0.00127598	-1.50788	-1.15686e-06	0.219041
-0.0850334	-0.0012765	-1.50788	3.36513e-06	0.132737
-0.0850575	-5.1979e-05	-1.50788	3.27902e-05	0.220101
-0.0850835	0.000442481	-1.50787	-0.0175829	0.220174
-0.0851146	-0.00127574	-1.50788	3.33425e-06	0.221434
-0.085138	-4.83265e-05	-1.50788	2.99298e-05	0.220101
-0.0851675	-0.00253405	-1.50788	0.0126694	0.220174
-0.0851908	-0.00253405	-1.50788	0.0126659	0.219041
-0.0852229	-0.0012761	-1.50788	3.42685e-06	0.130531
-0.085247	0.00125271	-1.50788	-0.00741516	0.2201
-0.0852733	-5.80442e-05	-1.50788	2.6091e-05	0.22077
-0.0852993	0.000433176	-1.50787	-0.0175831	0.220174
-0.0853275	-0.0012493	-1.50788	0.00817683	0.221433
-0.0853525	-0.00253452	-1.50788	0.0126705	0.21947
-0.0853832	-0.00253435	-1.50788	0.0126714	0.13053
-0.0854118	-0.00253416	-1.50788	0.0126704	0.13053
-0.0854403	-0.00132482	-1.50788	-1.13325e-06	0.21904
-0.085471	-0.00127569	-1.50788	3.32917e-06	0.132731
-0.0854956	-0.00131989	-1.50788	2.01801e-05	0.2201
-0.0855265	-5.4091e-05	-1.50788	2.65465e-05	0.132728
-0.0855537	-0.00253415	-1.50788	0.0126704	0.132886
-0.0855866	-0.00132262	-1.50788	3.34206e-06	0.13053
-0.0856108	-0.00132448	-1.50788	-1.82219e-06	0.220097
-0.0856416	-4.09261e-05	-1.50788	2.9994e-05	0.132731
-0.0856702	-7.01846e-05	-1.50788	1.60154e-05	0.132887
-0.0856969	0.000382476	-1.50787	-0.017643	0.220173
-0.0857311	-0.00253455	-1.50788	0.0126706	0.135034
-0.0857561	0.000391732	-1.50787	-0.0176439	0.13053
-0.0857868	-0.00253451	-1.50788	0.0126703	0.221434
-0.0858102	-0.00253398	-1.50788	0.0126691	0.219039
-0.0858378	-4.0951e-05	-1.50788	3.0019e-05	0.219039
-0.0858672	-0.00253455	-1.50788	0.0126706	0.220173
-0.0858919	-0.0012721	-1.50788	6.81603e-06	0.219039
-0.0859183	-4.09327e-05	-1.50788	2.99777e-05	0.220099
-0.085949	-5.80278e-05	-1.50788	2.57828e-05	0.132887
-0.085973	-4.40703e-05	-1.50788	3.23271e-05	0.220173
-0.0860025	-0.00253455	-1.50788	0.0126706	0.220173
-0.0860316	-0.00124807	-1.50788	0.00817294	0.13053
-0.0860586	-0.00132024	-1.50788	2.36189e-05	0.219469
-0.086088	-0.00253435	-1.50788	0.0126714	0.132727
-0.086113	0.000373085	-1.50787	-0.0176446	0.130529
-0.086145	-0.00132377	-1.50788	-1.12407e-06	0.221432
-0.0861713	-4.80625e-05	-1.50788	3.05028e-05	0.220096
-0.0861947	-5.72766e-05	-1.50788	2.48917e-05	0.220172
-0.0862249	0.00044495	-1.50787	-0.0175805	0.132886
-0.0862539	-5.18271e-05	-1.50788	3.26595e-05	0.135034
-0.0862855	-4.39369e-05	-1.50788	3.24556e-05	0.132885
-0.0863092	0.000383621	-1.50787	-0.0176423	0.220172
-0.086339	-0.00253406	-1.50788	0.0126694	0.221432
-0.0863666	-4.07601e-05	-1.50788	2.98335e-05	0.219038
-0.0863943	-0.00127197	-1.50788	6.77849e-06	0.132887
-0.0864214	-5.15324e-05	-1.50788	3.36547e-05	0.220098
-0.0864474	0.000445299	-1.50787	-0.0175802	0.220171
-0.0864755	-4.82068e-05	-1.50788	2.98358e-05	0.135033
-0.0865021	0.000385586	-1.50787	-0.0176399	0.220172
-0.0865364	-0.00253455	-1.50788	0.0126706	0.135034
-0.0865655	-0.00253455	-1.50788	0.0126716	0.130529
-0.0865906	0.000380467	-1.50787	-0.0174967	0.130529
-0.0866257	-0.00253398	-1.50788	0.012669	0.135016
-0.0866508	0.000367163	-1.50787	-0.0176577	0.130529
-0.0866824	0.000390242	-1.50787	-0.0176452	0.135034
-0.0867129	-0.00253451	-1.50788	0.0126703	0.221432
-0.0867406	-0.00126986	-1.50788	2.2518e-05	0.219037
-0.0867683	-0.00127102	-1.50788	2.29251e-05	0.132733
-0.0867982	-0.00120016	-1.50789	0.00767786	0.132733
-0.0868239	-0.00131808	-1.50788	2.36993e-05	0.219508
-0.0868547	-4.80922e-05	-1.50788	3.0577e-05	0.132727
-0.0868783	0.000374348	-1.50787	-0.0176433	0.220171
-0.0869094	-0.00127382	-1.50788	-1.07686e-06	0.221431
-0.0869353	0.000446962	-1.50787	-0.0175785	0.220097
-0.0869635	-4.81631e-05	-1.50788	2.98014e-05	0.135033
-0.0869936	-0.00253399	-1.50788	0.0126691	0.220171
-0.0870213	-4.07239e-05	-1.50788	2.97939e-05	0.219037
-0.0870446	-4.81791e-05	-1.50788	2.98365e-05	0.220171
-0.0870753	-4.07513e-05	-1.50788	2.98397e-05	0.132886
-0.0871038	-0.00132044	-1.50788	3.2382e-06	0.132887
-0.0871353	-0.00131763	-1.50788	2.35181e-05	0.13273
-0.0871626	-0.00253448	-1.50788	0.0126702	0.132727
-0.0871955	-0.00132126	-1.50788	-1.11526e-06	0.130529
-0.0872196	-0.00131821	-1.50788	2.36983e-05	0.220094
-0.0872459	-3.90101e-05	-1.50788	3.73288e-05	0.220092
-0.0872762	0.00044014	-1.50787	-0.0175796	0.132885
-0.0873026	-0.00253418	-1.50788	0.0126703	0.221429
-0.0873302	-0.00126909	-1.50788	2.28678e-05	0.219036
-0.0873579	0.00127602	-1.50788	-0.00750397	0.132733
-0.0873895	-5.16688e-05	-1.50788	3.32236e-05	0.133927
-0.087418	-0.00131721	-1.50788	2.2214e-05	0.132884
-0.0874496	-0.00132019	-1.50788	3.38218e-06	0.132727
-0.0874767	-4.38973e-05	-1.50788	3.24193e-05	0.220093
-0.0875045	-4.67293e-05	-1.50788	1.97262e-05	0.132885
-0.0875311	0.000385751	-1.50787	-0.0176396	0.220171
-0.0875622	-0.00127238	-1.50788	3.35127e-06	0.22143
-0.0875843	-7.32156e-05	-1.50788	6.15026e-06	0.220096
-0.0876146	0.000439906	-1.50787	-0.0175791	0.132886
-0.0876435	-4.98161e-05	-1.50788	2.20654e-05	0.135032
-0.0876747	0.000376509	-1.50787	-0.0176398	0.132886
-0.0877037	-6.12605e-05	-1.50788	2.68278e-05	0.135032
-0.0877303	0.000376545	-1.50787	-0.0176397	0.220169
-0.087761	0.00044721	-1.50787	-0.0175783	0.135032
-0.0877899	-5.15616e-05	-1.50788	3.24827e-05	0.135033
-0.0878214	-4.3794e-05	-1.50788	3.23414e-05	0.132884
-0.0878499	-0.00131974	-1.50788	3.25443e-06	0.132885
-0.0878815	-6.19176e-05	-1.50788	2.7744e-05	0.132729
-0.08791	-0.00131636	-1.50788	2.36522e-05	0.132884
-0.0879417	-5.16112e-05	-1.50788	3.32102e-05	0.132726
-0.0879702	-0.00132046	-1.50788	-1.81177e-06	0.132884
-0.0880018	-4.38815e-05	-1.50788	3.24284e-05	0.13273
-0.0880303	-0.00131751	-1.50788	6.97347e-06	0.132885
-0.0880619	-0.00131684	-1.50788	2.36696e-05	0.132729
-0.0880905	0.00125762	-1.50788	-0.00743268	0.132726
-0.0881221	-5.16247e-05	-1.50788	3.32081e-05	0.133916
-0.0881462	-4.68765e-05	-1.50788	-0.000209594	0.220168
-0.0881764	0.0004433	-1.50787	-0.0175878	0.132915
-0.0882079	0.000393872	-1.50787	-0.0176416	0.135033
-0.0882369	-4.38307e-05	-1.50788	3.21142e-05	0.135034
-0.0882681	0.000376943	-1.50787	-0.0176394	0.132885
-0.088297	-0.00131607	-1.50788	2.36446e-05	0.135032
-0.0883285	-0.00131912	-1.50788	-1.14969e-06	0.132726
-0.0883558	-0.00253417	-1.50788	0.0126705	0.13273
-0.0883873	-0.00253399	-1.50788	0.0126691	0.130528
-0.0884114	-0.00253403	-1.50788	0.0126658	0.219034
-0.0884434	-0.00127241	-1.50788	3.44046e-06	0.130529
-0.0884687	-0.00120044	-1.50789	0.00765696	0.220094
-0.0884981	-0.00127252	-1.50788	-1.20123e-06	0.131502
-0.0885296	-0.00132019	-1.50788	3.32517e-06	0.132735
-0.0885568	-0.00253392	-1.50788	0.0126687	0.132729
-0.0885883	-0.00253451	-1.50788	0.0126703	0.130528
-0.0886134	0.000392387	-1.50787	-0.0176432	0.130528
-0.088645	0.000374042	-1.50787	-0.0176423	0.135034
-0.0886736	0.000377931	-1.50787	-0.0176397	0.135031
-0.0887055	-5.14776e-05	-1.50788	3.31225e-05	0.135032
-0.0887339	-0.00131576	-1.50788	2.20188e-05	0.132884
-0.0887656	-4.3853e-05	-1.50788	3.24001e-05	0.132726
-0.0887928	-0.00253242	-1.50788	0.0126624	0.132885
-0.0888243	-0.00253451	-1.50788	0.0126703	0.130529
-0.0888555	-0.00119988	-1.50789	0.00767342	0.130528
-0.088881	0.000374201	-1.50787	-0.0176421	0.1315
-0.0889161	-0.00253399	-1.50788	0.0126691	0.135031
-0.0889411	0.000388089	-1.50787	-0.0176378	0.130528
-0.0889727	0.000392603	-1.50787	-0.0176429	0.135032
-0.0890012	0.000395707	-1.50787	-0.0176398	0.135033
-0.0890328	0.00037741	-1.50787	-0.0176389	0.135033
-0.0890613	0.000378107	-1.50787	-0.0176395	0.135031
-0.0890928	0.000388197	-1.50787	-0.0176373	0.135031
-0.0891204	-0.00253402	-1.50788	0.0126658	0.221427
-0.0891511	-0.00253406	-1.50788	0.0126694	0.130528
-0.0891764	0.000192885	-1.50788	-0.00866291	0.219033
-0.089204	0.0004371	-1.50787	-0.0175791	0.133944
-0.0892359	-5.14775e-05	-1.50788	3.30918e-05	0.135031
-0.0892599	-6.11555e-05	-1.50788	2.6697e-05	0.220166
-0.0892902	0.000448264	-1.50787	-0.0175771	0.132883
-0.0893143	0.000376876	-1.50787	-0.0176408	0.221426
-0.0893484	-0.00253406	-1.50788	0.0126694	0.135031
-0.0893754	0.00126062	-1.50788	-0.00744376	0.130528
-0.0894069	-0.00132097	-1.50788	-1.24554e-06	0.133917
-0.0894341	-0.00253404	-1.50788	0.0126659	0.132729
-0.0894657	-0.00253399	-1.50788	0.012669	0.130528
-0.0894973	-0.00253451	-1.50788	0.0126703	0.130528
-0.0895214	-0.00253392	-1.50788	0.0126687	0.219032
-0.0895489	-0.00127181	-1.50788	3.40377e-06	0.219032
-0.0895753	-4.06267e-05	-1.50788	2.97398e-05	0.220092
-0.0895981	0.000448415	-1.50787	-0.0175775	0.220166
-0.0896288	0.000455771	-1.50787	-0.017579	0.135031
-0.0896573	0.00039635	-1.50787	-0.0176392	0.135032
-0.0896888	0.000378045	-1.50787	-0.0176383	0.135033
-0.0897128	0.000390381	-1.50787	-0.0176498	0.221425
-0.089744	-0.00126749	-1.50788	2.29703e-05	0.221427
-0.0897746	-0.00127095	-1.50788	-9.49976e-07	0.132731
-0.0898018	-0.00253416	-1.50788	0.0126705	0.132735
-0.0898347	-0.00131874	-1.50788	3.32098e-06	0.130527
-0.0898588	-5.16448e-05	-1.50788	3.25377e-05	0.220088
-0.0898896	-4.06051e-05	-1.50788	2.97552e-05	0.132883
-0.0899135	-6.97537e-05	-1.50788	1.51664e-05	0.220165
-0.0899438	0.000456042	-1.50787	-0.0175787	0.132883
-0.0899699	-4.76308e-05	-1.50788	-0.000213046	0.221425
-0.0900006	-4.7818e-05	-1.50788	3.04111e-05	0.132914
-0.090032	-0.00131847	-1.50788	3.31691e-06	0.132884
-0.0900593	-0.00253392	-1.50788	0.0126687	0.132728
-0.0900908	-0.00253452	-1.50788	0.0126704	0.130527
-0.0901162	-0.00131966	-1.50788	3.2624e-06	0.219031
-0.0901425	-4.06321e-05	-1.50788	2.97924e-05	0.220088
-0.0901731	-5.77957e-05	-1.50788	2.56766e-05	0.132885
-0.0902021	-5.60765e-05	-1.50788	2.46171e-05	0.132883
-0.0902288	0.000396689	-1.50787	-0.0176381	0.220164
-0.0902586	-0.00253456	-1.50788	0.0126706	0.221425
-0.0902819	-0.00253399	-1.50788	0.0126691	0.21903
-0.0903125	-0.00253456	-1.50788	0.0126706	0.130527
-0.0903378	-0.00131724	-1.50788	6.78194e-06	0.21903
-0.0903685	-0.0012683	-1.50788	2.29148e-05	0.132727
-0.0903956	-0.00253407	-1.50788	0.0126682	0.132731
-0.0904285	-0.00131898	-1.50788	-1.16403e-06	0.130527
-0.0904557	-0.00253402	-1.50788	0.0126658	0.132728
-0.0904873	-0.00253399	-1.50788	0.012669	0.130528
-0.0905158	-0.00253241	-1.50788	0.0126624	0.130527
-0.0905474	-0.00253451	-1.50788	0.0126703	0.130528
-0.0905774	-0.00128236	-1.50788	0.0083035	0.130527
-0.090604	0.000375664	-1.50787	-0.0176406	0.131389
-0.0906391	-0.00253399	-1.50788	0.0126691	0.13503
-0.0906641	0.000389542	-1.50787	-0.0176364	0.130527
-0.0906956	0.000394034	-1.50787	-0.0176414	0.135031
-0.0907245	-4.95576e-05	-1.50788	2.18863e-05	0.135032
-0.0907561	-6.17304e-05	-1.50788	2.7708e-05	0.132884
-0.0907846	-6.11682e-05	-1.50788	2.6771e-05	0.132882
-0.0908113	0.000377332	-1.50787	-0.0176389	0.220163
-0.0908419	0.000449518	-1.50787	-0.0175759	0.13503
-0.0908694	-0.00253416	-1.50788	0.0126705	0.221423
-0.0909001	-0.00253406	-1.50788	0.0126694	0.130527
-0.0909251	0.000386528	-1.50787	-0.0176394	0.130527
-0.0909556	-0.00253399	-1.50788	0.0126691	0.221423
-0.0909863	-0.00253456	-1.50788	0.0126706	0.130527
-0.0910153	-0.00253435	-1.50788	0.0126708	0.130526
-0.0910469	-0.00253399	-1.50788	0.0126691	0.130526
-0.0910755	-0.00253392	-1.50788	0.0126687	0.130527
-0.0911038	-0.00131927	-1.50788	3.34183e-06	0.219029
-0.0911296	0.000456088	-1.50787	-0.0175787	0.220086
-0.0911529	0.000449598	-1.50787	-0.0175763	0.221423
-0.0911827	-0.00253406	-1.50788	0.0126694	0.221422
-0.0912146	-0.00126667	-1.50788	2.24927e-05	0.130527
-0.0912418	-0.00253449	-1.50788	0.0126702	0.132731
-0.0912729	-0.00119664	-1.50789	0.00768467	0.130526
-0.0913019	-0.0025343	-1.50788	0.0126712	0.131497
-0.0913334	-0.00253399	-1.50788	0.0126691	0.130526
-0.0913584	0.000386832	-1.50787	-0.0176391	0.130527
-0.09139	0.000394476	-1.50787	-0.017641	0.135031
-0.091414	0.000389975	-1.50787	-0.0176359	0.221423
-0.0914482	-0.00253456	-1.50788	0.0126706	0.135031
-0.091463	-0.00131373	-1.50788	2.34247e-05	0.219028
-0.0914865	-5.29423e-05	-1.50788	2.27497e-05	0.220084
-0.0915171	-5.17663e-05	-1.50788	2.30496e-05	0.220162
-0.0915448	-5.30742e-05	-1.50788	-0.000212842	0.132883
-0.0915759	0.000388727	-1.50787	-0.0176367	0.132912
-0.0915999	0.000386673	-1.50787	-0.0174895	0.221422
-0.091631	-0.00126995	-1.50788	-1.19057e-06	0.221411
-0.0916617	-4.04499e-05	-1.50788	2.96254e-05	0.132734
-0.0916857	-5.14417e-05	-1.50788	3.23839e-05	0.220162
-0.0917159	0.000457359	-1.50787	-0.0175774	0.132882
-0.0917451	-0.00253401	-1.50788	0.0126657	0.135031
-0.0917766	-0.00253399	-1.50788	0.0126691	0.130527
-0.0918019	-0.00131634	-1.50788	2.22421e-05	0.219027
-0.0918326	-0.00127039	-1.50788	3.43887e-06	0.132724
-0.0918597	-0.00253405	-1.50788	0.0126659	0.132733
-0.0918881	-0.00131827	-1.50788	-1.27754e-06	0.219027
-0.0919187	-0.00127036	-1.50788	3.38251e-06	0.132727
-0.0919459	-0.00253392	-1.50788	0.0126687	0.132733
-0.0919774	-0.00253452	-1.50788	0.0126704	0.130526
-0.092006	-0.00253407	-1.50788	0.0126682	0.130526
-0.092034	0.00037657	-1.50787	-0.0176397	0.130526
-0.0920626	0.000377273	-1.50787	-0.0176404	0.135029
-0.092094	0.000390525	-1.50787	-0.0176349	0.135029
-0.0921229	-6.96799e-05	-1.50788	1.56244e-05	0.13503
-0.0921496	0.00039052	-1.50787	-0.0176349	0.22016
-0.0921794	-0.00253406	-1.50788	0.0126694	0.221421
-0.092207	-4.03884e-05	-1.50788	2.95477e-05	0.219027
-0.0922286	0.0004584	-1.50787	-0.0175638	0.220161
-0.0922584	-0.0025341	-1.50788	0.0126693	0.22142
-0.0922861	-0.00126563	-1.50788	4.58136e-05	0.130526
-0.0923176	-0.00131922	-1.50788	-1.43351e-06	0.132726
-0.0923417	-4.75756e-05	-1.50788	-0.000215996	0.220084
-0.0923724	-4.7738e-05	-1.50788	3.03582e-05	0.132913
-0.0924008	-0.0013147	-1.50788	2.24129e-05	0.132882
-0.0924324	-4.36702e-05	-1.50788	3.22814e-05	0.132724
-0.0924638	-0.00131444	-1.50788	2.34176e-05	0.132882
-0.0924911	-0.00253449	-1.50788	0.0126702	0.132724
-0.0925239	-0.00131798	-1.50788	-1.09183e-06	0.130526
-0.0925511	-0.00253417	-1.50788	0.0126705	0.132727
-0.0925795	-0.001318	-1.50788	-1.14879e-06	0.219026
-0.0926101	-0.00127011	-1.50788	3.3314e-06	0.132727
-0.0926374	-5.725e-05	-1.50788	2.48566e-05	0.132732
-0.092664	0.000389268	-1.50787	-0.0176362	0.220159
-0.0926921	-6.58969e-05	-1.50788	1.32873e-05	0.13503
-0.0927266	-0.002534	-1.50788	0.0126691	0.132882
-0.092752	-6.96753e-05	-1.50788	1.56608e-05	0.130526
-0.0927831	0.000395322	-1.50787	-0.0176401	0.132882
-0.0928148	0.000195162	-1.50788	-0.00865727	0.135031
-0.0928436	-6.16425e-05	-1.50788	2.76998e-05	0.133941
-0.092872	0.00125352	-1.50788	-0.00741926	0.132881
-0.0929036	-5.1348e-05	-1.50788	3.3046e-05	0.133911
-0.0929351	-4.35787e-05	-1.50788	3.21977e-05	0.132881
-0.0929591	-5.13877e-05	-1.50788	3.2352e-05	0.220159
-0.0929898	-4.04652e-05	-1.50788	2.96606e-05	0.132881
-0.093015	0.000385978	-1.50787	-0.0174918	0.132883
-0.0930501	-0.00253399	-1.50788	0.0126691	0.135012
-0.093074	-0.00253403	-1.50788	0.0126658	0.219025
-0.0931048	-0.00253406	-1.50788	0.0126694	0.130526
-0.0931318	0.00125478	-1.50788	-0.0074231	0.130525
-0.0931633	-5.14339e-05	-1.50788	3.31083e-05	0.133911
-0.0931948	-4.35682e-05	-1.50788	3.219e-05	0.132881
-0.0932189	-5.1375e-05	-1.50788	3.23458e-05	0.220158
-0.0932495	-4.04562e-05	-1.50788	2.96534e-05	0.132881
-0.0932782	-0.00253401	-1.50788	0.0126657	0.132883
-0.0933098	-0.00253399	-1.50788	0.0126691	0.130526
-0.0933338	-0.00253403	-1.50788	0.0126658	0.219024
-0.0933645	-0.00253406	-1.50788	0.0126694	0.130526
-0.0933929	-0.00253405	-1.50788	0.0126659	0.130525
-0.0934245	-0.00253399	-1.50788	0.012669	0.130526
-0.093456	-0.00253452	-1.50788	0.0126704	0.130525
-0.0934846	-0.00253449	-1.50788	0.0126702	0.130525
-0.0935161	-0.0025343	-1.50788	0.0126712	0.130525
-0.0935447	-0.00253417	-1.50788	0.0126705	0.130525
-0.093573	-0.00131897	-1.50788	-1.14994e-06	0.219024
-0.0936036	-0.00126989	-1.50788	3.32887e-06	0.132726
-0.0936309	-0.00131711	-1.50788	8.48886e-06	0.132732
-0.093658	-5.12793e-05	-1.50788	3.299e-05	0.220081
-0.0936856	-0.00126678	-1.50788	2.17096e-05	0.13288
-0.0937171	-4.36148e-05	-1.50788	3.22266e-05	0.132729
-0.0937412	-6.97209e-05	-1.50788	1.56582e-05	0.220157
-0.0937671	0.00045105	-1.50787	-0.0175743	0.220157
-0.0937981	-0.00126916	-1.50788	3.37386e-06	0.221417
-0.0938244	-4.03349e-05	-1.50788	2.95141e-05	0.220084
-0.0938495	-0.0025345	-1.50788	0.0126715	0.220158
-0.0938802	-0.00253445	-1.50788	0.0126716	0.130525
-0.0939052	0.000388209	-1.50787	-0.0176377	0.130525
-0.093937	-0.00131806	-1.50788	3.32766e-06	0.221417
-0.0939676	-0.00126556	-1.50788	2.25255e-05	0.132726
-0.0939912	0.000397393	-1.50787	-0.0176381	0.220082
-0.0940222	-5.7718e-05	-1.50788	2.57121e-05	0.221418
-0.09405	-0.0012441	-1.50788	0.00816377	0.220156
-0.0940761	-0.00126607	-1.50788	2.28761e-05	0.219453
-0.0941024	-5.77397e-05	-1.50788	2.57023e-05	0.220082
-0.0941284	0.000226692	-1.50788	-0.00853377	0.220156
-0.0941538	-0.00253408	-1.50788	0.0126692	0.22077
-0.0941844	-0.00253417	-1.50788	0.0126695	0.130525
-0.0942117	-0.0025336	-1.50788	0.0126674	0.130525
-0.0942414	0.000377258	-1.50787	-0.0176387	0.130525
-0.094269	-0.00253407	-1.50788	0.0126683	0.221416
-0.0942966	-0.00126528	-1.50788	2.29704e-05	0.219022
-0.0943273	-4.76491e-05	-1.50788	3.02599e-05	0.132729
-0.0943512	-6.11882e-05	-1.50788	2.65879e-05	0.220156
-0.0943805	-0.00253436	-1.50788	0.0126715	0.220156
-0.0944081	-0.00126936	-1.50788	-9.12307e-07	0.219022
-0.0944314	-5.70071e-05	-1.50788	2.47468e-05	0.220083
-0.094462	-4.76099e-05	-1.50788	3.02668e-05	0.132881
-0.0944904	-5.12998e-05	-1.50788	3.22952e-05	0.132881
-0.0945219	-4.35565e-05	-1.50788	3.2197e-05	0.13288
-0.0945459	-6.95333e-05	-1.50788	1.5613e-05	0.220156
-0.0945761	0.000458878	-1.50787	-0.0175758	0.13288
-0.0946066	-0.00131386	-1.50788	2.22056e-05	0.135029
-0.0946337	-5.11663e-05	-1.50788	3.29105e-05	0.220078
-0.0946595	0.000451778	-1.50787	-0.0175736	0.220155
-0.0946906	-0.00126859	-1.50788	3.30211e-06	0.221415
-0.094717	-0.001268	-1.50788	7.68223e-06	0.132731
-0.0947441	-0.00253403	-1.50788	0.0126658	0.132731
-0.0947725	-0.00131704	-1.50788	-1.27072e-06	0.219022
-0.0948031	-4.04114e-05	-1.50788	2.96151e-05	0.132726
-0.094827	-5.12965e-05	-1.50788	3.22843e-05	0.220156
-0.0948529	0.000451965	-1.50787	-0.0175734	0.220155
-0.0948839	-4.03424e-05	-1.50788	2.95389e-05	0.221415
-0.0949103	-0.00126847	-1.50788	-1.89011e-07	0.220156
-0.094941	-3.88017e-05	-1.50788	3.72079e-05	0.132732
-0.0949681	-0.00253416	-1.50788	0.0126705	0.132881
-0.0950009	-0.00131611	-1.50788	3.34061e-06	0.130524
-0.0950294	-0.00131508	-1.50788	6.91028e-06	0.132725
-0.0950565	-4.35604e-05	-1.50788	3.22002e-05	0.220078
-0.0950872	-5.7683e-05	-1.50788	2.5657e-05	0.132881
-0.0951155	-0.00131256	-1.50788	2.35635e-05	0.13288
-0.095147	-0.00131677	-1.50788	-1.10587e-06	0.132722
-0.0951756	-0.00131675	-1.50788	-1.79354e-06	0.132726
-0.0952026	-5.12188e-05	-1.50788	3.29636e-05	0.220078
-0.0952333	-4.03349e-05	-1.50788	2.95361e-05	0.13288
-0.0952617	-4.3553e-05	-1.50788	3.1938e-05	0.132881
-0.0952883	0.00039835	-1.50787	-0.017637	0.220154
-0.0953192	0.000227218	-1.50788	-0.0085341	0.135029
-0.0953429	0.000399876	-1.50787	-0.0176356	0.220767
-0.0953728	-0.00253456	-1.50788	0.0126707	0.221415
-0.0954029	-0.00113279	-1.50789	0.00778837	0.130524
-0.0954323	-0.00253401	-1.50788	0.0126689	0.131485
-0.0954563	-0.00253401	-1.50788	0.0126658	0.21902
-0.095484	-4.76458e-05	-1.50788	3.0312e-05	0.21902
-0.0955098	0.000451492	-1.50787	-0.0175739	0.220154
-0.0955404	0.000459471	-1.50787	-0.0175753	0.135028
-0.0955698	-4.16995e-05	-1.50788	3.91653e-05	0.135029
-0.0955965	0.000197006	-1.50788	-0.00865435	0.220153
-0.0956196	0.000446981	-1.50787	-0.0175831	0.220773
-0.0956506	-0.00126782	-1.50788	7.48668e-06	0.221414
-0.095677	-5.43568e-05	-1.50788	2.59856e-05	0.22008
-0.0957046	-5.76106e-05	-1.50788	2.5798e-05	0.13288
-0.095733	-4.70925e-05	-1.50788	-0.000212761	0.13288
-0.0957641	0.00039108	-1.50787	-0.0176343	0.13291
-0.0957956	0.000398687	-1.50787	-0.0176367	0.135028
-0.09582	-5.1155e-05	-1.50788	3.21908e-05	0.221414
-0.0958493	-0.00253407	-1.50788	0.0126694	0.220153
-0.0958812	-0.00126531	-1.50788	2.2556e-05	0.130524
-0.0959048	0.000397056	-1.50787	-0.0176385	0.132728
-0.0959382	-0.00128008	-1.50788	0.00829835	0.135029
-0.0959648	0.000381903	-1.50787	-0.0176344	0.131387
-0.0959966	-0.00131729	-1.50788	-1.08964e-06	0.221413
-0.0960229	-4.74579e-05	-1.50788	3.00959e-05	0.220077
-0.0960445	0.000444925	-1.50787	-0.0175747	0.220153
-0.0960751	0.000446782	-1.50787	-0.0175827	0.135027
-0.0961035	0.000400239	-1.50787	-0.0176352	0.135028
-0.096134	-0.00253452	-1.50788	0.0126704	0.221413
-0.0961616	-0.00126454	-1.50788	2.25635e-05	0.219018
-0.0961881	-5.49204e-05	-1.50788	2.48057e-05	0.132728
-0.0962195	-6.1757e-05	-1.50788	2.75787e-05	0.13288
-0.0962479	-0.00131275	-1.50788	2.37083e-05	0.132878
-0.0962746	0.000380461	-1.50787	-0.0176359	0.220074
-0.0963052	0.000452615	-1.50787	-0.0175729	0.135027
-0.0963345	-0.00131156	-1.50788	2.01072e-05	0.135027
-0.0963643	-0.00119314	-1.50789	0.00767423	0.132722
-0.0963932	-0.00253431	-1.50788	0.0126712	0.131496
-0.096426	-0.00131646	-1.50788	3.30673e-06	0.130523
-0.0964532	-0.00253392	-1.50788	0.0126687	0.132724
-0.0964847	-0.00253452	-1.50788	0.0126704	0.130524
-0.0965132	-0.00253407	-1.50788	0.0126683	0.130523
-0.0965447	-0.00253431	-1.50788	0.0126712	0.130524
-0.0965697	0.000379462	-1.50787	-0.0176382	0.130523
-0.0966048	-0.00253399	-1.50788	0.0126691	0.135027
-0.0966297	0.000374302	-1.50787	-0.0176507	0.130523
-0.0966603	-0.00253399	-1.50788	0.0126691	0.221412
-0.0966878	-0.00126735	-1.50788	3.36565e-06	0.219017
-0.0967184	-0.00126586	-1.50788	2.24535e-05	0.13273
-0.0967461	-0.00253454	-1.50788	0.0126715	0.132727
-0.0967711	0.000388672	-1.50787	-0.017488	0.130523
-0.0968061	-0.00253399	-1.50788	0.0126691	0.13501
-0.0968376	-0.00253452	-1.50788	0.0126704	0.130523
-0.0968626	0.000397104	-1.50787	-0.0176384	0.130523
-0.0968943	0.000195778	-1.50788	-0.00866332	0.135028
-0.0969216	-0.00253449	-1.50788	0.0126702	0.220771
-0.0969523	-0.00253436	-1.50788	0.0126715	0.130523
-0.0969772	0.000379451	-1.50787	-0.0176382	0.130523
-0.0970088	0.000389575	-1.50787	-0.0176359	0.135026
-0.0970375	-0.00131208	-1.50788	2.19955e-05	0.135027
-0.097069	-0.00131456	-1.50788	3.35754e-06	0.132721
-0.0971005	-0.00131297	-1.50788	2.33498e-05	0.132724
-0.097129	-0.0013129	-1.50788	2.36474e-05	0.132721
-0.0971559	0.00019658	-1.50788	-0.00866057	0.220073
-0.0971789	0.000447132	-1.50787	-0.0175829	0.220771
-0.0972096	0.000448774	-1.50787	-0.0175821	0.135027
-0.0972384	-6.92801e-05	-1.50788	1.55693e-05	0.135027
-0.0972699	-4.34184e-05	-1.50788	3.20933e-05	0.132879
-0.0972938	-6.96107e-05	-1.50788	1.55906e-05	0.22015
-0.0973241	0.000459682	-1.50787	-0.0175749	0.132879
-0.0973545	-0.00253452	-1.50788	0.0126704	0.22141
-0.0973822	-0.00253453	-1.50788	0.0126705	0.130523
-0.0974136	-0.0025343	-1.50788	0.0126712	0.130523
-0.0974386	0.000379503	-1.50787	-0.0176381	0.130523
-0.0974692	-0.00253431	-1.50788	0.0126712	0.22141
-0.0974998	-0.00253407	-1.50788	0.0126694	0.130523
-0.0975248	0.000389665	-1.50787	-0.0176363	0.130523
-0.0975598	-0.00253452	-1.50788	0.0126704	0.135027
-0.0975838	-0.00253393	-1.50788	0.0126688	0.219015
-0.0976113	-0.00126857	-1.50788	3.39685e-06	0.219016
-0.0976372	0.000459043	-1.50787	-0.0175757	0.220076
-0.0976636	0.000450668	-1.50787	-0.0175853	0.135028
-0.0976985	-0.00253453	-1.50788	0.0126704	0.135028
-0.0977235	0.000400397	-1.50787	-0.0176351	0.130523
-0.097755	0.000378899	-1.50787	-0.0176374	0.135028
-0.0977825	-0.00253408	-1.50788	0.0126683	0.221409
-0.0978132	-0.00253436	-1.50788	0.0126715	0.130523
-0.0978397	-0.00119589	-1.50789	0.00769469	0.219015
-0.0978647	-0.00126569	-1.50788	1.96542e-05	0.219484
-0.0978954	-0.00126542	-1.50788	2.00445e-05	0.132727
-0.0979193	-0.00131321	-1.50788	2.15785e-05	0.220074
-0.09795	-0.00126785	-1.50788	3.39922e-06	0.132721
-0.0979784	-0.0013132	-1.50788	6.71449e-06	0.132729
-0.0980054	-4.34881e-05	-1.50788	3.21609e-05	0.220072
-0.0980361	-5.76814e-05	-1.50788	2.56674e-05	0.132879
-0.0980645	-0.00131197	-1.50788	2.35635e-05	0.220148
-0.0980903	0.000461712	-1.50787	-0.0175598	0.220071
-0.0981209	0.000446435	-1.50787	-0.0175733	0.135026
-0.0981482	0.000402124	-1.50787	-0.0176211	0.135026
-0.098177	-4.66658e-05	-1.50788	-0.000210101	0.135026
-0.0982085	-5.10514e-05	-1.50788	3.28523e-05	0.132908
-0.09824	-4.3438e-05	-1.50788	3.21132e-05	0.132878
-0.0982684	-0.0013154	-1.50788	3.23098e-06	0.132879
-0.098295	0.000399094	-1.50787	-0.0176362	0.220072
-0.0983256	0.000442468	-1.50787	-0.017574	0.135028
-0.0983501	0.000414535	-1.50787	-0.0176322	0.221407
-0.0983808	0.000447373	-1.50787	-0.0175722	0.135029
-0.0984083	-0.00253416	-1.50788	0.0126705	0.221407
-0.0984354	0.000453861	-1.50787	-0.0175715	0.130522
-0.0984659	0.00126481	-1.50788	-0.00746393	0.135026
-0.0984973	-0.00131493	-1.50788	-1.22303e-06	0.133914
-0.0985213	0.00125634	-1.50788	-0.00743268	0.220072
-0.0985519	-0.00126845	-1.50788	-1.19313e-06	0.133909
-0.0985833	-4.33917e-05	-1.50788	3.20742e-05	0.13273
-0.0986118	-0.00131541	-1.50788	3.22642e-06	0.132879
-0.0986388	-4.3444e-05	-1.50788	3.21303e-05	0.220071
-0.0986692	0.000228057	-1.50788	-0.00853743	0.132879
-0.0986978	-6.17056e-05	-1.50788	2.76672e-05	0.133927
-0.0987263	-4.69923e-05	-1.50788	-0.00021255	0.132877
-0.0987578	-5.11244e-05	-1.50788	3.29028e-05	0.132908
-0.0987893	-4.34237e-05	-1.50788	3.21022e-05	0.132877
-0.0988178	-4.34873e-05	-1.50788	3.18972e-05	0.132878
-0.0988493	-6.17516e-05	-1.50788	2.76109e-05	0.132879
-0.0988777	-0.00131191	-1.50788	2.35865e-05	0.132877
-0.0989092	-0.00131613	-1.50788	-1.14261e-06	0.13272
-0.0989376	-0.00131308	-1.50788	2.18704e-05	0.132723
-0.0989692	-0.00131556	-1.50788	3.34647e-06	0.13272
-0.0989964	-0.00253241	-1.50788	0.0126624	0.132723
-0.0990278	-0.00253452	-1.50788	0.0126704	0.130523
-0.0990589	-0.00119596	-1.50789	0.00768818	0.130522
-0.0990879	-0.00253431	-1.50788	0.0126712	0.131492
-0.0991194	-0.002534	-1.50788	0.0126691	0.130522
-0.0991444	0.00038981	-1.50787	-0.0176361	0.130522
-0.0991762	-0.00131683	-1.50788	3.32323e-06	0.221407
-0.0992067	-0.00126434	-1.50788	2.25477e-05	0.132723
-0.0992339	-0.0025345	-1.50788	0.0126702	0.132726
-0.0992638	-0.00128005	-1.50788	0.00830041	0.130522
-0.0992939	-0.0025343	-1.50788	0.0126712	0.131385
-0.0993254	-0.00253399	-1.50788	0.0126691	0.130522
-0.0993504	0.000389789	-1.50787	-0.0176361	0.130522
-0.0993819	0.000397378	-1.50787	-0.017638	0.135026
-0.0994059	0.000374678	-1.50787	-0.0176504	0.221407
-0.09944	-0.00253456	-1.50788	0.0126707	0.135026
-0.0994504	-4.33451e-05	-1.50788	3.215e-05	0.219012
