0	0.5	5.5	0.1	0
-0.00714876	-0.420104	-0.116412	-0.965543	-0
-0.0206879	-0.504094	-0.148016	-1.19847	0.175194
-0.0343402	-0.502974	-0.181268	-1.25546	0.227939
-0.0473898	-0.501957	-0.214752	-1.32227	0.250642
-0.0610133	-0.50785	-0.251758	-1.41986	0.280866
-0.0743584	-0.518777	-0.29023	-1.53892	0.316408
-0.0885754	-0.533954	-0.333796	-1.68657	2.40976
-0.102935	-0.49139	-0.381688	-1.73265	2.88744
-0.11497	-0.436912	-0.427053	-1.76087	3.61183
-0.125623	-0.356718	-0.474459	-1.75813	4.32403
-0.133319	-0.263829	-0.518004	-1.73285	5.14135
-0.138607	-0.147156	-0.562317	-1.68131	5.2
-0.140933	-0.0369023	-0.605666	-1.6599	5.2
-0.140506	0.0653592	-0.648917	-1.67184	5.2
-0.137667	0.157918	-0.691174	-1.71149	5.2
-0.132069	0.253403	-0.738313	-1.78232	5.2
-0.124283	0.342752	-0.785862	-1.8756	5.2
-0.114189	0.431367	-0.836145	-1.99151	5.2
-0.101783	0.521133	-0.889729	-2.12847	5.2
-0.0870087	0.614076	-0.947144	-2.28521	5.2
-0.0690386	0.716316	-1.01136	-2.46795	5.2
-0.0490267	0.822769	-1.07811	-2.66275	5.2
-0.025174	0.944516	-1.15307	-2.88479	5.2
0.0021556	1.08096	-1.23432	-3.12811	5.2
0.0309481	1.22369	-1.31568	-3.37443	5.2
0.0677334	1.40667	-1.41449	-3.67836	5.2
0.106824	1.60337	-1.5143	-3.99301	5.2
0.153267	1.84134	-1.51442	-4.36205	5.2
0.167824	0.482885	-1.50787	-0.0140621	5.2
0.179832	0.481006	-1.50788	0.0126999	0.234233
0.191993	0.408271	-1.50788	-0.00325854	0.232229
0.200945	0.285153	-1.50788	8.77419e-05	0.227794
0.206702	0.158704	-1.50788	0.0126839	0.218246
0.209278	0.0452659	-1.50787	-0.0174722	0.207823
0.209409	0.000472202	-1.50787	-0.0175399	0.201356
0.209383	-4.91468e-05	-1.50788	1.9377e-05	0.197953
0.209357	-5.26937e-05	-1.50788	3.06758e-05	0.196711
0.209331	-0.00125389	-1.50788	7.78599e-06	0.19671
0.209302	-0.00253447	-1.50788	0.012673	0.196619
0.209275	0.00046751	-1.50787	-0.0175668	0.195583
0.209246	-0.0025343	-1.50788	0.01267	0.197954
0.209219	0.000463571	-1.50787	-0.0175517	0.195584
0.209188	-0.00125504	-1.50788	6.44723e-06	0.197952
0.209162	0.000467832	-1.50787	-0.0175657	0.196618
0.209131	-5.34993e-05	-1.50788	2.70205e-05	0.197953
0.209102	-0.00253455	-1.50788	0.0126721	0.19671
0.209075	-0.00125495	-1.50788	5.52366e-06	0.195583
0.209046	-0.00253422	-1.50788	0.0126697	0.196618
0.209018	-5.29392e-05	-1.50788	2.60429e-05	0.195583
0.208988	-0.00125561	-1.50788	6.43424e-06	0.196709
0.208962	0.000465571	-1.50787	-0.0175658	0.196618
0.208931	-0.00125528	-1.50788	8.04227e-06	0.197953
0.208905	-3.74271e-05	-1.50788	3.61665e-05	0.196618
0.20888	-0.00253425	-1.50788	0.0126706	0.19671
0.208853	-5.2848e-05	-1.50788	2.54195e-05	0.195583
0.208824	-0.00253419	-1.50788	0.0126696	0.196709
0.208801	-5.25395e-05	-1.50788	2.20533e-05	0.195583
0.208772	-0.0025346	-1.50788	0.0126719	0.196709
0.208741	-0.00253458	-1.50788	0.0126718	0.195582
0.208718	-0.00125738	-1.50788	-8.34977e-07	0.195582
0.208693	0.000460264	-1.50787	-0.0175586	0.196618
0.208666	0.00046399	-1.50787	-0.0175671	0.197951
0.208641	-0.00253453	-1.50788	0.0126716	0.197952
0.208614	-3.75095e-05	-1.50788	3.62506e-05	0.195582
0.208588	-5.29492e-05	-1.50788	2.52948e-05	0.196709
0.208563	-0.00253409	-1.50788	0.0126693	0.196708
0.208535	-5.2713e-05	-1.50788	2.24397e-05	0.195582
0.208505	-0.00125733	-1.50788	8.25647e-06	0.196709
0.208483	-3.76527e-05	-1.50788	3.54551e-05	0.196616
0.208454	-0.00253445	-1.50788	0.0126716	0.196709
0.208427	-5.29426e-05	-1.50788	2.52697e-05	0.195582
0.208402	-0.00253408	-1.50788	0.0126693	0.196708
0.208374	-0.00125723	-1.50788	8.11063e-06	0.195582
0.208349	-0.00253809	-1.50788	0.0126785	0.196616
0.208322	-5.13218e-05	-1.50788	2.246e-05	0.195581
0.208293	-0.00253448	-1.50788	0.0126716	0.196708
0.208265	-5.21903e-05	-1.50788	2.54543e-05	0.195581
0.20824	-0.00253408	-1.50788	0.0126692	0.196708
0.208213	0.000460244	-1.50787	-0.0175693	0.195581
0.208187	-0.00125553	-1.50788	4.55573e-05	0.197951
0.208156	-0.00125431	-1.50788	1.9927e-05	0.124263
0.208133	-6.91229e-05	-1.50788	1.48541e-05	0.196615
0.208102	-0.00125791	-1.50788	3.55368e-06	0.124478
0.208072	-0.0025345	-1.50788	0.0126704	0.196616
0.208048	-0.00125842	-1.50788	7.52931e-06	0.195581
0.208022	-5.10539e-05	-1.50788	2.26591e-05	0.196615
0.207993	-0.00253445	-1.50788	0.0126716	0.196708
0.207965	-0.001259	-1.50788	-1.56395e-07	0.122318
0.207938	-5.03908e-05	-1.50788	3.25592e-05	0.196616
0.207909	-0.00253407	-1.50788	0.0126695	0.196707
0.207882	-0.00253454	-1.50788	0.0126717	0.122318
0.207854	-4.16711e-05	-1.50788	3.34131e-05	0.19558
0.207823	-5.61754e-05	-1.50788	2.49719e-05	0.124479
0.2078	0.00042079	-1.50787	-0.0176147	0.196707
0.20777	-0.00253453	-1.50788	0.0126706	0.19795
0.207743	-5.60875e-05	-1.50788	2.49174e-05	0.19558
0.207717	-0.0012571	-1.50788	1.90495e-05	0.196706
0.207691	-5.2958e-05	-1.50788	2.25813e-05	0.196614
0.207666	-0.00253821	-1.50788	0.0126791	0.196707
0.207634	-0.00125669	-1.50788	1.99724e-05	0.122315
0.207607	-6.00843e-05	-1.50788	2.65188e-05	0.196614
0.207584	0.000457888	-1.50787	-0.0175723	0.196706
0.207554	-0.00125994	-1.50788	8.11482e-06	0.197949
0.207527	-3.77353e-05	-1.50788	3.63522e-05	0.196614
0.207502	0.000471687	-1.50787	-0.0175502	0.124478
0.207471	-0.00253403	-1.50788	0.012669	0.197949
0.20744	-5.61708e-05	-1.50788	2.49486e-05	0.122317
0.207417	0.000404264	-1.50787	-0.0176257	0.196706
0.207387	-0.00126016	-1.50788	3.46946e-06	0.197949
0.20736	-4.02431e-05	-1.50788	2.9157e-05	0.196614
0.207335	-0.00253453	-1.50788	0.0126716	0.196706
0.207308	-0.00126163	-1.50788	4.45334e-08	0.195579
0.207282	0.000230482	-1.50788	-0.00847225	0.196614
0.207257	-0.00253408	-1.50788	0.0126692	0.197306
0.207229	-5.30498e-05	-1.50788	2.26294e-05	0.195579
0.207208	0.0016449	-1.50787	-0.0177928	0.196706
0.207177	-0.00126084	-1.50788	7.37906e-06	0.198054
0.207151	-0.0012575	-1.50788	1.8758e-05	0.196613
0.207126	-0.00253363	-1.50788	0.0126674	0.196613
0.207098	-5.31664e-05	-1.50788	2.57567e-05	0.195579
0.207069	-0.00253416	-1.50788	0.0126695	0.196705
0.207046	-5.34627e-05	-1.50788	2.42991e-05	0.195579
0.20702	-0.00126192	-1.50788	7.01276e-06	0.196705
0.206989	-5.13391e-05	-1.50788	2.28452e-05	0.124263
0.206963	0.000403955	-1.50787	-0.0176261	0.124476
0.206932	-0.00253401	-1.50788	0.0126692	0.197948
0.206905	-4.03308e-05	-1.50788	2.92421e-05	0.195579
0.20688	-0.00253453	-1.50788	0.0126716	0.196705
0.206852	-0.00126292	-1.50788	4.18153e-08	0.195578
0.206825	0.00129458	-1.50788	-0.00754308	0.124263
0.2068	0.000418291	-1.50787	-0.0176165	0.197322
0.206769	-0.00125883	-1.50788	2.24157e-05	0.197948
0.206743	0.000227313	-1.50788	-0.00847369	0.196611
0.206716	-0.00125943	-1.50788	1.90422e-05	0.197305
0.20669	-5.31806e-05	-1.50788	2.27074e-05	0.196611
0.206665	-0.00253846	-1.50788	0.0126803	0.196704
0.206635	-0.00253416	-1.50788	0.0126695	0.122312
0.206611	-0.00253415	-1.50788	0.0126662	0.195578
0.206584	0.000458744	-1.50787	-0.0175667	0.195578
0.206553	0.000465868	-1.50787	-0.017569	0.126068
0.206525	0.000411253	-1.50787	-0.0176288	0.126069
0.206495	-0.00253449	-1.50788	0.0126704	0.197947
0.206468	0.000450049	-1.50787	-0.0175663	0.195577
0.206445	0.000459422	-1.50787	-0.0175798	0.197946
0.206415	-0.00253445	-1.50788	0.0126716	0.197947
0.206387	-5.32391e-05	-1.50788	2.56004e-05	0.195577
0.206362	-0.00253425	-1.50788	0.0126706	0.196703
0.206335	-5.3482e-05	-1.50788	2.57493e-05	0.195577
0.206306	-0.00253418	-1.50788	0.0126695	0.196703
0.206279	-0.00253408	-1.50788	0.0126692	0.122312
0.206251	-6.04027e-05	-1.50788	2.67329e-05	0.195577
0.206228	-5.29833e-05	-1.50788	2.25367e-05	0.196703
0.206199	-0.0025346	-1.50788	0.0126719	0.196703
0.206167	-0.00126368	-1.50788	8.3036e-06	0.122312
0.206144	-5.72621e-05	-1.50788	2.59715e-05	0.196611
0.206118	0.000454119	-1.50787	-0.0175771	0.196703
0.206089	-0.00253444	-1.50788	0.0126715	0.197946
0.206065	-5.36738e-05	-1.50788	2.42816e-05	0.195576
0.20604	0.000453161	-1.50787	-0.0175781	0.196703
0.206009	-3.79772e-05	-1.50788	3.66367e-05	0.197946
0.205982	-3.81007e-05	-1.50788	3.57163e-05	0.124473
0.205956	0.000400579	-1.50787	-0.017629	0.196703
0.205925	-4.05393e-05	-1.50788	2.94194e-05	0.197945
0.205899	-0.00126365	-1.50788	7.73548e-06	0.124473
0.205872	0.000406543	-1.50787	-0.017619	0.19661
0.205846	-0.00253413	-1.50788	0.012666	0.197945
0.205818	-5.17593e-05	-1.50788	2.27983e-05	0.195576
0.205789	-0.00253447	-1.50788	0.0126716	0.196703
0.205766	-4.98905e-05	-1.50788	1.87943e-05	0.195576
0.205736	-0.00253445	-1.50788	0.0126716	0.196703
0.205709	-0.00126184	-1.50788	1.96276e-05	0.195576
0.205684	-0.00253425	-1.50788	0.0126706	0.196609
0.205656	-0.00126195	-1.50788	2.0183e-05	0.195576
0.20563	0.000451963	-1.50787	-0.0175792	0.196609
0.205605	-0.00253453	-1.50788	0.0126715	0.197945
0.205577	-3.80836e-05	-1.50788	3.66003e-05	0.195575
0.205551	0.00163716	-1.50787	-0.0178028	0.124471
0.205521	-0.00253449	-1.50788	0.0126702	0.19805
0.205494	-5.65885e-05	-1.50788	2.53155e-05	0.195575
0.205467	-5.6713e-05	-1.50788	2.51975e-05	0.196701
0.205442	-0.00253407	-1.50788	0.0126692	0.196701
0.20541	-0.00126255	-1.50788	1.87427e-05	0.122309
0.205385	-0.0025342	-1.50788	0.0126704	0.196608
0.205357	-5.67009e-05	-1.50788	2.54467e-05	0.195575
0.205328	-0.00253435	-1.50788	0.0126714	0.196701
0.205304	-5.39121e-05	-1.50788	2.44928e-05	0.195575
0.205279	0.000451002	-1.50787	-0.0175803	0.196701
0.205248	-0.00126673	-1.50788	8.34067e-08	0.197944
0.205226	-5.38275e-05	-1.50788	2.4364e-05	0.196609
0.2052	0.000451531	-1.50787	-0.0175797	0.196701
0.205166	-0.00253458	-1.50788	0.0126718	0.126063
0.205142	-5.73039e-05	-1.50788	2.59468e-05	0.195574
0.205116	0.000461734	-1.50787	-0.0175732	0.1967
0.205085	-0.00126309	-1.50788	2.22926e-05	0.197944
0.205058	-0.00126251	-1.50788	1.93536e-05	0.124254
0.205031	0.000198144	-1.50788	-0.00859118	0.196608
0.205004	-0.0025341	-1.50788	0.0126693	0.197307
0.204977	-5.35221e-05	-1.50788	2.28553e-05	0.195574
0.204951	0.000463046	-1.50787	-0.0175584	0.196701
0.204924	-3.8294e-05	-1.50788	3.5844e-05	0.197943
0.204898	0.000448585	-1.50787	-0.0175703	0.196701
0.204864	-0.00253409	-1.50788	0.0126693	0.126061
0.204837	-0.002534	-1.50788	0.0126688	0.122307
0.204809	-4.34572e-05	-1.50788	3.18291e-05	0.195574
0.204786	0.000435331	-1.50787	-0.0175895	0.1967
0.204755	-0.00126376	-1.50788	2.011e-05	0.197942
0.204724	-0.00126319	-1.50788	1.96249e-05	0.196607
0.204699	-0.00253373	-1.50788	0.0126672	0.223608
0.204672	-5.05531e-05	-1.50788	2.23197e-05	0.221652
0.204642	-5.06521e-05	-1.50788	2.24553e-05	0.223805
0.204616	-4.88549e-05	-1.50788	1.80858e-05	0.223805
0.20459	0.000466233	-1.50787	-0.0175527	0.1967
0.204559	-0.00126413	-1.50788	1.9551e-05	0.197942
0.204537	0.000449105	-1.50787	-0.0175808	0.196606
0.204506	-0.00126721	-1.50788	8.24658e-06	0.197942
0.204485	0.00163582	-1.50787	-0.0178044	0.196607
0.204454	-5.21097e-05	-1.50788	2.29321e-05	0.198048
0.204424	-0.00253447	-1.50788	0.0126716	0.196699
0.204401	-0.0012644	-1.50788	4.56814e-05	0.195573
0.20438	0.000446546	-1.50787	-0.0175729	0.196604
0.204349	-0.00126461	-1.50788	1.87878e-05	0.197941
0.204325	-0.00123724	-1.50788	0.00812092	0.196606
0.204301	0.0004471	-1.50787	-0.0175724	0.19601
0.20427	0.000446637	-1.50787	-0.017573	0.197941
0.204243	-7.36632e-05	-1.50788	5.08916e-06	0.197941
0.204213	-5.36283e-05	-1.50788	2.596e-05	0.196699
0.204182	0.000446269	-1.50787	-0.0175729	0.196699
0.204156	0.000445838	-1.50787	-0.0175739	0.197941
0.204125	-5.37951e-05	-1.50788	2.58834e-05	0.197941
0.204095	0.000448023	-1.50787	-0.0175815	0.196698
0.204068	-0.00126786	-1.50788	7.77733e-06	0.197941
0.204039	-0.00253459	-1.50788	0.0126718	0.196606
0.204008	-0.00112773	-1.50789	0.00779753	0.195572
0.203985	0.000445708	-1.50787	-0.0175738	0.196041
0.203954	-0.00126557	-1.50788	1.87567e-05	0.19794
0.203933	0.00164352	-1.50787	-0.0177859	0.196605
0.203901	-0.00126802	-1.50788	7.45333e-06	0.198046
0.203876	0.000447248	-1.50787	-0.0175724	0.196605
0.203849	-0.00126565	-1.50788	4.54592e-05	0.19794
0.203818	-0.00126463	-1.50788	2.00129e-05	0.196603
0.203792	0.000447981	-1.50787	-0.017583	0.196605
0.203767	-0.00253359	-1.50788	0.0126672	0.19794
0.20374	0.000446209	-1.50787	-0.0175728	0.195572
0.203709	-5.37678e-05	-1.50788	2.58544e-05	0.197939
0.203681	-0.00126486	-1.50788	1.94203e-05	0.196697
0.203652	-0.00253409	-1.50788	0.0126693	0.196604
0.203626	-0.00112862	-1.50789	0.00778503	0.195571
0.203599	-0.00253453	-1.50788	0.0126705	0.196041
0.203572	0.000441346	-1.50787	-0.017575	0.195571
0.203545	-0.00253406	-1.50788	0.0126684	0.197939
0.203517	-5.18213e-05	-1.50788	2.30859e-05	0.195571
0.203492	0.000444082	-1.50787	-0.0175751	0.196697
0.203466	-0.00253373	-1.50788	0.0126672	0.197939
0.203438	-5.18485e-05	-1.50788	2.30914e-05	0.195571
0.203409	-0.00253443	-1.50788	0.0126715	0.196697
0.203386	-5.41601e-05	-1.50788	2.45254e-05	0.195571
0.203356	-0.00253417	-1.50788	0.0126695	0.196697
0.203329	-3.83065e-05	-1.50788	3.68403e-05	0.195571
0.203307	0.000443353	-1.50787	-0.0175764	0.196697
0.203276	-5.39571e-05	-1.50788	2.59641e-05	0.197938
0.203247	-0.00253458	-1.50788	0.0126718	0.196696
0.203224	0.000460127	-1.50787	-0.017562	0.19557
0.203194	-0.00253444	-1.50788	0.0126715	0.197939
0.203168	-0.00253458	-1.50788	0.0126718	0.19557
0.203141	-0.00253452	-1.50788	0.0126715	0.19557
0.203114	-3.84505e-05	-1.50788	3.6814e-05	0.19557
0.20309	-6.66482e-05	-1.50788	1.29315e-05	0.196696
0.203061	-0.00253416	-1.50788	0.0126695	0.196696
0.20303	-0.00253415	-1.50788	0.0126695	0.19557
0.203007	-5.02075e-05	-1.50788	1.90102e-05	0.19557
0.202978	-0.00253406	-1.50788	0.0126694	0.196697
0.20295	-0.00126929	-1.50788	3.43162e-06	0.19557
0.202927	-3.94702e-05	-1.50788	3.49906e-05	0.196603
0.202898	-0.00253444	-1.50788	0.0126715	0.196696
0.20287	0.000444795	-1.50787	-0.0175847	0.195569
0.202845	-0.00253452	-1.50788	0.0126715	0.197938
0.202817	-4.82107e-05	-1.50788	3.05058e-05	0.195569
0.202794	-4.95333e-05	-1.50788	-0.000217055	0.196696
0.202763	-0.00126963	-1.50788	7.3366e-06	0.196712
0.202737	0.000444211	-1.50787	-0.0175754	0.196603
0.202713	-0.00113023	-1.50789	0.00778688	0.197937
0.202702	-0.00126567	-1.50788	1.9094e-05	0.196039
0.202689	-3.95791e-05	-1.50788	3.19523e-05	0.196602
0.202654	-4.82778e-05	-1.50788	3.04952e-05	0.196696
0.202622	0.000444814	-1.50787	-0.0175854	0.196695
0.202591	0.000444343	-1.50787	-0.0175852	0.197938
0.202565	0.00163822	-1.50787	-0.017795	0.197937
0.202538	-0.00126646	-1.50788	1.91239e-05	0.198043
0.202508	-0.00126652	-1.50788	1.87968e-05	0.196602
0.202483	-0.00253901	-1.50788	0.0126831	0.196602
0.202451	-0.00126726	-1.50788	2.00564e-05	0.195567
0.202421	-0.00253415	-1.50788	0.0126694	0.196601
0.202398	0.000447778	-1.50787	-0.0175886	0.195569
0.202367	-5.20618e-05	-1.50788	2.32284e-05	0.197938
0.202336	-3.8353e-05	-1.50788	3.68669e-05	0.196695
0.202314	-5.43034e-05	-1.50788	2.45646e-05	0.196695
0.202297	-5.23461e-05	-1.50788	2.30926e-05	0.196694
0.202259	-0.00113135	-1.50789	0.00776006	0.196695
0.202234	0.000443215	-1.50787	-0.0175761	0.19604
0.202203	-5.32465e-05	-1.50788	2.62048e-05	0.197936
0.202177	-7.39644e-05	-1.50788	5.29109e-06	0.196694
0.202143	-0.00253405	-1.50788	0.0126694	0.196694
0.202116	0.000456642	-1.50787	-0.0175784	0.195568
0.202088	-0.00127123	-1.50788	7.77626e-06	0.197937
0.202062	-0.00127096	-1.50788	3.27789e-08	0.196601
0.202031	-5.32154e-05	-1.50788	2.60569e-05	0.196602
0.202004	-3.96113e-05	-1.50788	3.19778e-05	0.196694
0.201974	-0.00126774	-1.50788	2.25616e-05	0.196694
0.201947	-0.00253406	-1.50788	0.0126684	0.1966
0.20192	0.000445134	-1.50787	-0.0175862	0.195568
0.201889	-3.84749e-05	-1.50788	3.6949e-05	0.197936
0.201864	-0.00253424	-1.50788	0.0126706	0.196694
0.201837	0.000441946	-1.50787	-0.017577	0.195567
0.201807	-0.00253458	-1.50788	0.0126718	0.197935
0.201784	0.000458696	-1.50787	-0.0175635	0.195567
0.201753	-3.85693e-05	-1.50788	3.68872e-05	0.197935
0.201724	-0.00253408	-1.50788	0.0126693	0.196693
0.201701	0.000443103	-1.50787	-0.0175869	0.195567
0.201674	0.000456984	-1.50787	-0.0175645	0.197935
0.201646	-4.70086e-05	-1.50788	1.95151e-05	0.197935
0.201621	-0.00253416	-1.50788	0.0126695	0.196694
0.201602	-5.3956e-05	-1.50788	2.31168e-05	0.195567
0.201577	-0.00253408	-1.50788	0.0126693	0.196693
0.201551	-0.00253406	-1.50788	0.0126691	0.195567
0.201519	0.000437653	-1.50787	-0.0175787	0.195567
0.201492	0.000438418	-1.50787	-0.0175793	0.197934
0.201482	-5.34872e-05	-1.50788	2.28645e-05	0.583441
0.201451	-0.00105707	-1.50788	1.85252e-05	0.196693
0.201425	-0.00126828	-1.50788	4.5675e-05	0.196615
0.201396	-0.00253433	-1.50788	0.0126714	0.196597
0.201373	0.000438402	-1.50787	-0.017578	0.195566
0.201345	-5.64828e-05	-1.50788	2.46981e-05	0.197934
0.201311	-0.00253444	-1.50788	0.0126715	0.124455
0.201281	-0.00131126	-1.50788	-1.79706e-06	0.122294
0.201255	0.000396008	-1.50787	-0.0176295	0.196597
0.201224	-4.10169e-05	-1.50788	2.98381e-05	0.197934
0.201201	0.000457151	-1.50787	-0.0175654	0.196693
0.20117	-3.85728e-05	-1.50788	3.68879e-05	0.197934
0.201139	-0.001268	-1.50788	1.85378e-05	0.196692
0.201117	0.000442471	-1.50787	-0.0175875	0.196598
0.201087	0.000455307	-1.50787	-0.0175797	0.197934
0.201058	-0.00126833	-1.50788	6.97934e-06	0.197934
0.201033	0.000442013	-1.50787	-0.0175769	0.196599
0.201001	-5.40055e-05	-1.50788	2.59955e-05	0.197933
0.200976	-0.00253373	-1.50788	0.0126672	0.196691
0.200949	0.000455248	-1.50787	-0.0175797	0.195566
0.200918	-0.00126935	-1.50788	2.24537e-05	0.197934
0.200895	-5.35206e-05	-1.50788	2.28881e-05	0.196598
0.200864	-0.00127184	-1.50788	8.31863e-06	0.196691
0.200836	-0.00124101	-1.50788	0.00813658	0.196598
0.200811	-0.0012715	-1.50788	3.36396e-06	0.196001
0.200785	-4.10798e-05	-1.50788	2.99119e-05	0.196599
0.200757	-4.7111e-05	-1.50788	1.97655e-05	0.124455
0.200731	0.000397079	-1.50787	-0.0176283	0.196692
0.2007	-0.0012717	-1.50788	3.42695e-06	0.197932
0.200676	-0.00127195	-1.50788	-7.92195e-07	0.196598
0.20065	-5.4233e-05	-1.50788	2.61222e-05	0.196598
0.200621	-0.00253458	-1.50788	0.0126718	0.196691
0.200597	-0.00127282	-1.50788	-8.37936e-07	0.195564
0.200571	0.000436561	-1.50787	-0.0175797	0.196598
0.200543	-0.00124515	-1.50788	0.00814102	0.197932
0.200517	-0.00126849	-1.50788	1.94401e-05	0.196
0.200491	0.000441082	-1.50787	-0.0175885	0.196597
0.200463	-0.00124133	-1.50788	0.00813797	0.197933
0.200434	-0.00126844	-1.50788	2.27547e-05	0.123136
0.200407	0.000194407	-1.50788	-0.00860905	0.196596
0.200384	0.000441767	-1.50787	-0.0175884	0.197297
0.200353	-0.00127197	-1.50788	8.28932e-06	0.197932
0.200326	0.000224934	-1.50788	-0.00850257	0.196597
0.2003	-3.97133e-05	-1.50788	3.20669e-05	0.197292
0.20027	-0.00253452	-1.50788	0.0126706	0.19669
0.200246	-4.7169e-05	-1.50788	1.97825e-05	0.195564
0.200215	-0.00127287	-1.50788	7.03291e-06	0.196691
0.200189	0.000440168	-1.50787	-0.017579	0.196597
0.200167	-5.03428e-05	-1.50788	1.91292e-05	0.197931
0.200136	-0.00127154	-1.50788	3.3472e-06	0.19669
0.200105	-0.0012695	-1.50788	2.24661e-05	0.196597
0.200082	-5.36422e-05	-1.50788	2.29565e-05	0.196596
0.200051	-0.00127259	-1.50788	8.32771e-06	0.19669
0.200023	-0.00124159	-1.50788	0.00813917	0.196596
0.199999	0.000455411	-1.50787	-0.0175789	0.195999
0.199968	-5.73578e-05	-1.50788	2.56386e-05	0.197932
0.199944	-4.71048e-05	-1.50788	1.97649e-05	0.196689
0.199915	-0.00253444	-1.50788	0.0126715	0.19669
0.199888	0.000439844	-1.50787	-0.0175793	0.195563
0.199861	-5.45654e-05	-1.50788	2.47132e-05	0.19793
0.199835	0.000454821	-1.50787	-0.0175801	0.196689
0.199804	0.000220366	-1.50788	-0.00850803	0.197931
0.199777	0.000441103	-1.50787	-0.0175782	0.197291
0.199746	0.000440803	-1.50787	-0.0175788	0.19793
0.19972	-0.00253878	-1.50788	0.012682	0.19793
0.199693	0.000436766	-1.50787	-0.0175791	0.195561
0.199662	-4.85173e-05	-1.50788	3.06856e-05	0.19793
0.199635	-0.00253422	-1.50788	0.0126707	0.196688
0.199603	-0.00127389	-1.50788	3.39872e-08	0.195562
0.199574	-0.00253408	-1.50788	0.0126692	0.196596
0.199551	0.000440591	-1.50787	-0.0175894	0.195562
0.19952	-4.1159e-05	-1.50788	2.99831e-05	0.19793
0.199497	0.000428859	-1.50787	-0.0175959	0.196689
0.199466	0.000439352	-1.50787	-0.0175796	0.19793
0.199435	-0.00126941	-1.50788	1.97146e-05	0.197929
0.199413	0.000445103	-1.50787	-0.0175912	0.196594
0.199382	-0.00127287	-1.50788	3.34169e-06	0.197931
0.199352	-0.00126942	-1.50788	2.24583e-05	0.124235
0.199329	-0.00253392	-1.50788	0.0126688	0.196594
0.199302	0.000453294	-1.50787	-0.0175817	0.195562
0.199272	-0.00253452	-1.50788	0.0126706	0.19793
0.199249	0.000441233	-1.50787	-0.0175887	0.195562
0.199218	-0.00127357	-1.50788	3.44241e-06	0.19793
0.199191	-0.00253249	-1.50788	0.0126627	0.196595
0.199164	0.000453143	-1.50787	-0.0175818	0.195562
0.199133	-0.00127087	-1.50788	2.25411e-05	0.19793
0.199108	-0.00253377	-1.50788	0.0126674	0.196593
0.199099	-0.00253453	-1.50788	0.0126715	0.195562
0.19905	-5.745e-05	-1.50788	2.55857e-05	0.195561
0.199017	-0.00127452	-1.50788	-1.13307e-06	0.196687
0.198982	-5.74019e-05	-1.50788	2.56093e-05	0.196595
0.198952	-0.00253422	-1.50788	0.0126707	0.196687
0.198924	-4.85235e-05	-1.50788	3.07329e-05	0.195561
0.198896	-0.00127156	-1.50788	2.18442e-05	0.196687
0.198865	-0.00127319	-1.50788	3.49992e-06	0.196593
0.198835	-0.00127052	-1.50788	2.25579e-05	0.196594
0.198811	-4.71332e-05	-1.50788	1.98486e-05	0.196593
0.198781	-0.00127052	-1.50788	2.27796e-05	0.196687
0.198752	-0.00113696	-1.50789	0.00771839	0.196593
0.198727	-0.00127064	-1.50788	1.94786e-05	0.196035
0.198701	0.000439275	-1.50787	-0.0175903	0.196593
0.198671	-0.00113511	-1.50789	0.00778261	0.197928
0.198644	-0.00253453	-1.50788	0.0126704	0.19603
0.198617	-5.7458e-05	-1.50788	2.56867e-05	0.19556
0.198594	0.000445853	-1.50787	-0.0175935	0.196686
0.198564	-0.00253452	-1.50788	0.0126706	0.197929
0.198532	-0.0012735	-1.50788	-9.12294e-07	0.19556
0.198509	-5.67646e-05	-1.50788	2.47591e-05	0.196594
0.198479	-0.00253436	-1.50788	0.0126714	0.196686
0.198455	0.000438398	-1.50787	-0.0174363	0.19556
0.198424	-0.00127492	-1.50788	-1.14425e-06	0.197917
0.198393	-0.00127284	-1.50788	3.43864e-06	0.124231
0.198369	-0.00131382	-1.50788	-1.76816e-06	0.196593
0.198343	-4.85557e-05	-1.50788	3.07838e-05	0.19659
0.198313	-0.00253405	-1.50788	0.0126694	0.196685
0.198289	-0.00127427	-1.50788	-1.62644e-06	0.19556
0.198262	-4.85984e-05	-1.50788	3.07971e-05	0.196593
0.198237	0.000445111	-1.50787	-0.0175805	0.196685
0.19821	-3.88731e-05	-1.50788	3.61571e-05	0.197927
0.198179	-4.84843e-05	-1.50788	3.07259e-05	0.124445
0.198155	0.000384519	-1.50787	-0.0176331	0.196685
0.198124	-0.00127451	-1.50788	-1.06462e-06	0.197926
0.198098	0.000445919	-1.50787	-0.0175796	0.196593
0.19807	-0.00127446	-1.50788	-1.62743e-06	0.197927
0.198044	0.000445857	-1.50787	-0.0175796	0.196593
0.198014	-0.00253405	-1.50788	0.0126694	0.197927
0.197991	-3.88365e-05	-1.50788	3.61448e-05	0.195559
0.197965	0.000434	-1.50787	-0.0175823	0.196685
0.197936	-0.0011376	-1.50789	0.00772778	0.197926
0.197908	-0.00253435	-1.50788	0.0126714	0.123199
0.197879	-0.00253412	-1.50788	0.012666	0.122282
0.197852	-0.00253431	-1.50788	0.0126712	0.195559
0.197824	-4.86128e-05	-1.50788	3.08111e-05	0.195558
0.197802	0.000437012	-1.50787	-0.0174379	0.196684
0.19777	-4.85948e-05	-1.50788	3.07856e-05	0.197916
0.197741	-0.00253405	-1.50788	0.0126694	0.196684
0.197716	-0.00127179	-1.50788	2.14537e-05	0.195558
0.197686	-0.0012746	-1.50788	3.48242e-06	0.124227
0.197657	-0.00131144	-1.50788	2.20229e-05	0.124228
0.19763	-5.16491e-05	-1.50788	3.30527e-05	0.196587
0.1976	-0.00127414	-1.50788	3.44364e-06	0.196683
0.197576	-6.69165e-05	-1.50788	1.3598e-05	0.196591
0.197547	-0.00253404	-1.50788	0.0126694	0.196684
0.197519	-0.00127413	-1.50788	3.42854e-06	0.195558
0.197497	0.000418235	-1.50787	-0.0176065	0.196591
0.197467	-0.00253433	-1.50788	0.0126714	0.197925
0.197437	-0.00253405	-1.50788	0.0126694	0.195558
0.197412	-4.87393e-05	-1.50788	3.00684e-05	0.195558
0.197386	-4.86349e-05	-1.50788	3.08323e-05	0.196683
0.197355	-4.11716e-05	-1.50788	2.99755e-05	0.196683
0.197329	0.000438672	-1.50787	-0.0175913	0.124443
0.197298	-0.00253399	-1.50788	0.0126691	0.197925
0.197275	-0.00253411	-1.50788	0.012666	0.195557
0.197243	-0.00127489	-1.50788	3.48863e-06	0.122281
0.197219	0.000389536	-1.50787	-0.0174876	0.19659
0.19719	-0.00253446	-1.50788	0.0126716	0.197914
0.197162	-5.35409e-05	-1.50788	2.63794e-05	0.195557
0.19714	0.00162655	-1.50787	-0.0178115	0.196683
0.19711	-0.00253453	-1.50788	0.0126704	0.19803
0.197083	-5.74723e-05	-1.50788	2.57057e-05	0.195557
0.197059	-4.73196e-05	-1.50788	1.99202e-05	0.196682
0.19703	-0.00253452	-1.50788	0.0126706	0.196684
0.197002	-0.00127166	-1.50788	2.25828e-05	0.195557
0.196979	-4.7225e-05	-1.50788	1.99322e-05	0.196589
0.196953	0.000451297	-1.50787	-0.0175837	0.196683
0.196922	-0.0012717	-1.50788	2.25391e-05	0.197925
0.196899	-0.00127369	-1.50788	3.39695e-06	0.196588
0.196873	0.000451261	-1.50787	-0.0175837	0.19659
0.196843	-0.00253452	-1.50788	0.0126706	0.197925
0.196819	0.000452118	-1.50787	-0.017583	0.122278
0.196787	-0.00131237	-1.50788	2.32419e-05	0.197924
0.196763	-5.37565e-05	-1.50788	2.30003e-05	0.196585
0.196729	-0.00253408	-1.50788	0.0126693	0.124439
0.196706	-0.00253402	-1.50788	0.0126681	0.195556
0.196678	-5.76031e-05	-1.50788	2.59249e-05	0.195556
0.196652	0.00043297	-1.50787	-0.0175834	0.196681
0.196629	0.00044508	-1.50787	-0.0175943	0.197923
0.196597	-5.74992e-05	-1.50788	2.58292e-05	0.197924
0.196571	0.000434599	-1.50787	-0.0175818	0.196681
0.196548	0.000445114	-1.50787	-0.0175944	0.197922
0.196518	-0.00253452	-1.50788	0.0126706	0.197924
0.196491	-5.75148e-05	-1.50788	2.56311e-05	0.195556
0.196467	-4.13384e-05	-1.50788	2.98357e-05	0.196681
0.196438	-0.00253452	-1.50788	0.0126706	0.196682
0.19641	-0.00127197	-1.50788	2.24568e-05	0.195555
0.196387	-4.13272e-05	-1.50788	2.9834e-05	0.196587
0.196361	0.000450943	-1.50787	-0.0175841	0.196682
0.196333	0.000444876	-1.50787	-0.0175945	0.126032
0.196301	-0.0013134	-1.50788	3.2904e-06	0.197923
0.196275	-0.00127411	-1.50788	3.41329e-06	0.196585
0.196252	-4.87402e-05	-1.50788	3.00598e-05	0.196588
0.196222	-0.00253405	-1.50788	0.0126694	0.196681
0.196195	-4.12027e-05	-1.50788	3.00109e-05	0.195555
0.196172	0.000442737	-1.50787	-0.0175833	0.196681
0.196142	-0.00253405	-1.50788	0.0126694	0.197922
0.196118	-0.00253412	-1.50788	0.012666	0.195555
0.196091	-0.00127629	-1.50788	-1.14991e-06	0.195555
0.196065	0.000442771	-1.50787	-0.0175828	0.196588
0.196037	0.000425284	-1.50787	-0.0175996	0.126029
0.196002	-0.00253399	-1.50788	0.0126691	0.126028
0.195978	-0.0025341	-1.50788	0.012666	0.195555
0.195947	-0.00253404	-1.50788	0.0126694	0.122276
0.195918	-0.00131342	-1.50788	2.23297e-05	0.122276
0.195891	-5.1785e-05	-1.50788	3.3175e-05	0.196583
0.195865	0.00044328	-1.50787	-0.0175822	0.19668
0.195838	-0.00253412	-1.50788	0.012666	0.197921
0.19581	-0.00127518	-1.50788	-1.14654e-06	0.195554
0.195784	-4.86662e-05	-1.50788	3.08376e-05	0.196587
0.195756	-0.00127292	-1.50788	2.14624e-05	0.124436
0.19573	0.000392459	-1.50787	-0.0176331	0.196586
0.1957	-0.00253405	-1.50788	0.0126694	0.197921
0.195676	-0.00253422	-1.50788	0.0126707	0.195554
0.195649	-4.86843e-05	-1.50788	3.08856e-05	0.195554
0.195623	0.000442445	-1.50787	-0.0175831	0.196679
0.195596	-0.00253422	-1.50788	0.0126707	0.197921
0.195565	-0.00253405	-1.50788	0.0126694	0.122274
0.19554	-5.18382e-05	-1.50788	3.24877e-05	0.195554
0.195513	-4.86915e-05	-1.50788	3.0913e-05	0.196679
0.195483	-0.00127521	-1.50788	3.41039e-06	0.196679
0.195459	-0.00127589	-1.50788	-1.63416e-06	0.196586
0.195428	-4.126e-05	-1.50788	3.00895e-05	0.124221
0.195405	0.000392067	-1.50787	-0.0176339	0.19668
0.195374	0.000450329	-1.50787	-0.0175846	0.126023
0.195345	-0.00131159	-1.50788	7.02745e-06	0.197921
0.195316	-0.00253452	-1.50788	0.0126706	0.196583
0.195288	-0.00127258	-1.50788	2.26611e-05	0.195553
0.195265	-4.73216e-05	-1.50788	1.99647e-05	0.196585
0.195239	0.00045018	-1.50787	-0.0175848	0.19668
0.195208	-0.00127257	-1.50788	2.25888e-05	0.197921
0.195184	-0.00127234	-1.50788	6.8574e-06	0.196585
0.195155	-0.00253452	-1.50788	0.0126705	0.196586
0.195127	-5.76573e-05	-1.50788	2.56931e-05	0.195553
0.1951	-0.00127314	-1.50788	2.29119e-05	0.124432
0.195073	0.000193191	-1.50788	-0.00862196	0.196584
0.195045	0.000436461	-1.50787	-0.0175829	0.125216
0.195013	-0.00131524	-1.50788	-1.33246e-06	0.197919
0.19499	-4.90171e-05	-1.50788	-0.000215894	0.196583
0.194959	-4.86728e-05	-1.50788	3.08609e-05	0.124455
0.194932	-0.00253412	-1.50788	0.012666	0.196678
0.194905	-0.00127628	-1.50788	-1.1927e-06	0.195552
0.194875	-0.00253405	-1.50788	0.0126694	0.196585
0.194852	-0.00253412	-1.50788	0.012666	0.195552
0.194824	-4.87182e-05	-1.50788	3.08955e-05	0.195552
0.194795	-0.00253405	-1.50788	0.0126694	0.196678
0.194771	-0.0025341	-1.50788	0.0126659	0.195552
0.194744	-0.00127693	-1.50788	-1.12893e-06	0.195552
0.194713	-0.00127615	-1.50788	3.41404e-06	0.124218
0.194689	-0.00131581	-1.50788	-1.77722e-06	0.196585
0.194663	-4.86543e-05	-1.50788	3.08699e-05	0.196582
0.194633	-0.00253405	-1.50788	0.0126694	0.196677
0.194608	-0.00127623	-1.50788	-1.63566e-06	0.195552
0.194578	-4.13048e-05	-1.50788	3.01274e-05	0.124218
0.194554	0.000391629	-1.50787	-0.0176344	0.196678
0.194523	-0.0012756	-1.50788	3.47529e-06	0.197918
0.194497	0.000450782	-1.50787	-0.0175843	0.196584
0.19447	-0.00253398	-1.50788	0.012669	0.197919
0.194442	-4.12253e-05	-1.50788	3.00675e-05	0.195551
0.194417	0.000449112	-1.50787	-0.017586	0.196677
0.19439	-0.00253398	-1.50788	0.012669	0.197919
0.194362	-4.122e-05	-1.50788	3.00593e-05	0.195551
0.194339	-6.71117e-05	-1.50788	1.37082e-05	0.196677
0.194309	-0.00253404	-1.50788	0.0126694	0.196676
0.194282	0.00044983	-1.50787	-0.0175852	0.12227
0.194253	-4.40444e-05	-1.50788	3.21136e-05	0.126024
0.194222	-6.095e-05	-1.50788	2.73393e-05	0.124431
0.194198	-4.39908e-05	-1.50788	3.20622e-05	0.196676
0.194167	-0.00127298	-1.50788	2.2846e-05	0.196676
0.19414	-0.00127302	-1.50788	2.25745e-05	0.196582
0.194114	-0.0025345	-1.50788	0.0126704	0.196582
0.194086	-0.00127307	-1.50788	2.27551e-05	0.19555
0.19406	0.000218268	-1.50788	-0.00852186	0.196582
0.194033	-0.0025345	-1.50788	0.0126704	0.197279
0.194006	-0.00127271	-1.50788	2.27011e-05	0.19555
0.193982	-4.73729e-05	-1.50788	1.9983e-05	0.196582
0.193953	-0.00253452	-1.50788	0.0126705	0.196677
0.193925	-5.77143e-05	-1.50788	2.57525e-05	0.19555
0.193902	-4.72724e-05	-1.50788	1.99946e-05	0.196675
0.193872	-0.00253452	-1.50788	0.0126705	0.196676
0.193845	-0.0012731	-1.50788	2.25724e-05	0.19555
0.193821	-4.13843e-05	-1.50788	2.98918e-05	0.196581
0.193792	-0.00253453	-1.50788	0.0126706	0.196676
0.193764	-5.77234e-05	-1.50788	2.56674e-05	0.19555
0.193738	-0.0025345	-1.50788	0.0126704	0.196675
0.193706	-0.00127665	-1.50788	-9.67267e-07	0.122267
0.193682	-0.00131309	-1.50788	2.34549e-05	0.196583
0.193655	-5.23596e-05	-1.50788	2.34611e-05	0.196578
0.193625	0.000451298	-1.50787	-0.0175703	0.124429
0.193599	-0.00253418	-1.50788	0.0126703	0.197916
0.193571	-0.00127248	-1.50788	2.27761e-05	0.195549
0.193545	0.000218248	-1.50788	-0.00852334	0.196581
0.193517	0.000431999	-1.50787	-0.0175843	0.125206
0.193489	0.000389157	-1.50787	-0.017487	0.126019
0.193457	-0.00131544	-1.50788	-1.24819e-06	0.197905
0.193431	-4.8611e-05	-1.50788	3.08339e-05	0.196579
0.193404	-0.00253411	-1.50788	0.012666	0.196675
0.193377	-4.86901e-05	-1.50788	3.08808e-05	0.195549
0.193346	-4.13079e-05	-1.50788	3.0129e-05	0.124427
0.193322	-5.17556e-05	-1.50788	3.24609e-05	0.196675
0.193291	0.000449312	-1.50787	-0.0175857	0.124426
0.193267	0.000391147	-1.50787	-0.0176348	0.197916
0.193236	-0.00127541	-1.50788	3.48112e-06	0.197915
0.193206	-0.00127266	-1.50788	2.25718e-05	0.124213
0.193182	-4.39803e-05	-1.50788	3.20777e-05	0.19658
0.193151	-5.77544e-05	-1.50788	2.58505e-05	0.124427
0.193127	0.000392815	-1.50787	-0.0176475	0.196674
0.193093	-0.00253436	-1.50788	0.0126715	0.126017
0.193069	-0.00253405	-1.50788	0.0126682	0.195548
0.193041	-5.24158e-05	-1.50788	2.34731e-05	0.195548
0.193015	0.000441323	-1.50787	-0.0175841	0.196674
