0.00473416	0.000137481	0.0350046
0.0057663	0.000177488	0.0423497
0.0089884	0.000342698	0.0617032
0.0238785	0.00168563	0.109082
0.0354545	0.0030221	0.117938
0.0621951	0.00620113	0.124051
0.0836974	0.00917129	0.151538
0.105101	0.0127456	0.179661
0.126451	0.0169193	0.206964
0.147676	0.0216654	0.233477
0.168789	0.0269722	0.259534
0.182649	0.0307745	0.276505
0.210497	0.0392	0.311456
0.23112	0.046119	0.336355
0.258301	0.0561174	0.368949
0.271878	0.0614888	0.384994
0.291987	0.0699071	0.408409
0.311801	0.0787606	0.432152
0.337919	0.0912841	0.462532
0.35094	0.0978957	0.477623
0.363673	0.104602	0.492364
0.389234	0.118788	0.521508
0.401601	0.126005	0.536059
0.42648	0.141272	0.564913
0.438584	0.149059	0.578846
0.462838	0.16539	0.606722
0.474607	0.173673	0.620013
0.492193	0.18649	0.640458
0.509525	0.199682	0.660887
0.526616	0.213242	0.680887
0.543444	0.227146	0.700605
0.565542	0.246257	0.725968
0.57624	0.255872	0.738857
0.597574	0.27582	0.764786
0.60791	0.285858	0.777252
0.628489	0.306601	0.801585
0.638454	0.317015	0.813651
0.65826	0.33849	0.838635
0.672709	0.354857	0.856882
0.68684	0.37146	0.874391
0.696016	0.382557	0.885879
0.70969	0.399594	0.903426
0.727516	0.422765	0.92742
0.736097	0.434345	0.939075
0.753083	0.458111	0.961656
0.761266	0.469979	0.972979
0.773415	0.488145	0.990053
0.785251	0.506513	1.00713
0.800561	0.531361	1.02962
0.807918	0.543751	1.04072
0.815249	0.556418	1.05199
0.832913	0.588363	1.07978
0.839646	0.601119	1.09085
0.852838	0.62714	1.11243
0.859149	0.640101	1.12332
0.868446	0.659877	1.13973
0.877424	0.679814	1.15608
0.886064	0.699867	1.17203
0.894367	0.720013	1.18817
0.899759	0.733618	1.19913
0.910025	0.76081	1.22081
0.919773	0.788428	1.24238
0.926646	0.809096	1.25801
0.933203	0.829933	1.27424
0.939423	0.850881	1.29047
0.943343	0.864766	1.30119
0.950834	0.893017	1.32192
0.954314	0.907013	1.33266
0.959289	0.928267	1.34938
0.963912	0.949618	1.3662
0.968174	0.971048	1.38321
0.972067	0.992479	1.39957
0.976711	1.02136	1.4239
0.978735	1.03562	1.43639
0.982083	1.06313	1.46864
0.983155	1.07453	1.4877
0.984416	1.09376	1.52636
0.984746	1.10305	1.5446
0.984862	1.10935	1.56007
0.984876	1.11225	1.57171
0.984871	1.11328	1.58414
0.984901	1.1124	1.60611
0.985001	1.11044	1.62965
0.985154	1.1083	1.65154
0.985293	1.10667	1.65864
0.986003	1.09967	1.68218
0.986538	1.0952	1.69689
0.987977	1.08525	1.72919
0.988882	1.07988	1.74507
0.990947	1.06912	1.77158
0.992294	1.06276	1.78665
0.995441	1.04941	1.81791
0.997102	1.04285	1.83199
1.00122	1.02838	1.86324
1.00472	1.01725	1.88643
1.00857	1.00593	1.90946
1.01274	0.994524	1.93232
1.01874	0.979373	1.9624
1.02193	0.971813	1.97736
1.02853	0.957092	2.00525
1.03371	0.946244	2.02684
1.03546	0.942717	2.03395
1.042	0.929971	2.04418
1.04409	0.925685	2.00813
1.04942	0.914085	2.01056
1.05202	0.908659	2.02321
1.05604	0.900653	2.04842
1.05868	0.895687	2.0689
1.06138	0.890848	2.08916
1.06322	0.887671	2.10241
1.0661	0.882901	2.12227
1.06896	0.878345	2.14064
1.07283	0.872486	2.16553
1.07575	0.86826	2.18468
1.07868	0.86419	2.20361
1.08159	0.860306	2.22233
1.08348	0.857867	2.2346
1.0872	0.853244	2.25927
1.08894	0.851154	2.27131
1.09146	0.848223	2.28944
1.09386	0.845537	2.30736
1.09676	0.842417	2.33118
1.09872	0.840406	2.34876
1.1005	0.83863	2.36616
1.1021	0.8371	2.38338
1.10302	0.836232	2.39464
1.10459	0.834824	2.41729
1.10519	0.834301	2.42816
1.1061	0.83354	2.45044
1.1064	0.833294	2.46671
1.10644	0.833271	2.48295
1.10622	0.833444	2.49899
1.1056	0.833901	2.52025
1.1051	0.834257	2.53092
1.10412	0.834935	2.54668
1.10288	0.835767	2.56237
1.10126	0.836808	2.57792
1.09863	0.83844	2.59837
1.09629	0.839832	2.61361
1.0937	0.841318	2.62866
1.09085	0.842899	2.6436
1.08779	0.844537	2.65844
1.08443	0.846276	2.67315
1.08075	0.848105	2.68773
1.07677	0.850017	2.70219
1.07247	0.852001	2.71652
1.06629	0.854734	2.73538
1.06298	0.856141	2.74476
1.05611	0.858952	2.76323
1.05081	0.861024	2.77369
1.04563	0.863006	2.77879
1.03989	0.865157	2.78885
1.03574	0.866666	2.79774
1.02719	0.869649	2.81545
1.01802	0.872661	2.83325
1.01334	0.874132	2.84196
1.00618	0.876297	2.85508
0.996444	0.879068	2.87479
0.991358	0.880436	2.88356
0.980783	0.883133	2.90096
0.975433	0.884424	2.90927
0.964339	0.886956	2.92451
0.95891	0.88814	2.92941
0.947186	0.890577	2.94507
0.938244	0.892303	2.95734
0.925998	0.894486	2.97362
0.91976	0.89552	2.98174
0.910349	0.896982	2.99377
0.900823	0.898345	3.00579
0.887708	0.900033	3.02216
0.877633	0.901181	3.03409
0.867689	0.902211	3.04286
0.857441	0.90317	3.05428
0.847066	0.904021	3.06583
0.836533	0.904762	3.0773
0.822247	0.905577	3.09241
0.814933	0.905911	3.09996
0.800331	0.906415	3.11479
0.792887	0.906589	3.12211
0.777937	0.906774	3.13529
0.766649	0.906797	-3.13863
0.758914	0.906747	-3.13134
0.743559	0.906483	-3.11696
0.739613	0.906379	-3.1133
0.727677	0.90598	-3.10263
0.715608	0.905448	-3.09213
0.703079	0.904764	-3.08159
0.690437	0.903941	-3.07117
0.682046	0.903323	-3.06466
0.664975	0.901889	-3.04995
0.656562	0.901081	-3.04142
0.639062	0.899204	-3.0277
0.630378	0.898182	-3.02098
0.612611	0.895912	-3.00756
0.603831	0.8947	-3.00105
0.585932	0.892051	-2.98797
0.57251	0.889909	-2.9785
0.559174	0.887651	-2.9686
0.546015	0.885275	-2.95754
0.537226	0.883611	-2.95125
0.519279	0.880039	-2.93861
0.510308	0.878165	-2.93246
0.496624	0.875196	-2.9232
0.483045	0.872124	-2.91469
0.464525	0.867734	-2.90276
0.450759	0.864318	-2.89323
0.437203	0.86081	-2.88364
0.423675	0.857179	-2.87479
0.410108	0.853409	-2.86606
0.396523	0.849507	-2.85764
0.387549	0.846863	-2.8522
0.369296	0.84132	-2.84113
0.360222	0.838483	-2.83561
0.341833	0.832562	-2.82396
0.332776	0.829557	-2.81837
0.314354	0.823276	-2.80732
0.300659	0.818466	-2.80078
0.286968	0.813554	-2.79311
0.273403	0.808569	-2.78542
0.259871	0.803478	-2.77779
0.246395	0.798288	-2.76974
0.232982	0.792989	-2.76119
0.219501	0.78754	-2.75358
0.206048	0.781989	-2.74692
0.192538	0.776305	-2.73966
0.179054	0.770519	-2.73252
0.165596	0.76463	-2.72547
0.152171	0.758642	-2.71839
0.138885	0.752591	-2.71005
0.130071	0.748509	-2.70539
0.112224	0.740097	-2.69694
0.0986881	0.733594	-2.69029
0.085275	0.72704	-2.6837
0.0765124	0.722699	-2.67942
0.0587895	0.713777	-2.67077
0.0456394	0.707017	-2.66178
0.0324648	0.700104	-2.65512
0.0193753	0.693137	-2.64944
0.00625167	0.686051	-2.64333
-0.0068362	0.678881	-2.63731
-0.0154458	0.674108	-2.63339
-0.0328596	0.664321	-2.62552
-0.0500327	0.654473	-2.61535
-0.0629504	0.646921	-2.60965
-0.0756077	0.639426	-2.60407
-0.0881566	0.631901	-2.59863
-0.100666	0.624307	-2.59329
-0.113143	0.616643	-2.58805
-0.12558	0.608914	-2.58284
-0.137885	0.601172	-2.5767
-0.146095	0.595954	-2.57412
-0.162477	0.585437	-2.56747
-0.170797	0.580037	-2.56418
-0.18725	0.569244	-2.55778
-0.195426	0.563826	-2.55461
-0.21584	0.550135	-2.54688
-0.223884	0.544674	-2.54311
-0.239717	0.533822	-2.53789
-0.247624	0.528353	-2.53497
-0.259463	0.520101	-2.53066
-0.271155	0.511878	-2.52648
-0.286893	0.500694	-2.52102
-0.294798	0.495029	-2.51832
-0.302687	0.489344	-2.51566
-0.31804	0.478185	-2.5103
-0.329838	0.469525	-2.50644
-0.341525	0.460879	-2.50269
-0.349271	0.455111	-2.50026
-0.360786	0.446482	-2.49671
-0.372336	0.437765	-2.49326
-0.380043	0.431913	-2.49104
-0.387842	0.425966	-2.48893
-0.403211	0.414164	-2.48425
-0.419109	0.401838	-2.47984
-0.426903	0.395755	-2.47774
-0.438428	0.386711	-2.47469
-0.453657	0.374675	-2.47082
-0.461199	0.36868	-2.46898
-0.476183	0.356707	-2.46538
-0.483465	0.350849	-2.46295
-0.498267	0.33887	-2.45946
-0.505522	0.332968	-2.4578
-0.520214	0.320956	-2.45459
-0.52741	0.315044	-2.45309
-0.541969	0.303031	-2.45015
-0.549026	0.297184	-2.44991
-0.563311	0.285342	-2.44809
-0.57034	0.279492	-2.44675
-0.584513	0.267648	-2.4442
-0.591449	0.26183	-2.44302
-0.601981	0.25297	-2.44128
-0.612374	0.244197	-2.43972
-0.622912	0.235275	-2.43826
-0.633341	0.226429	-2.43785
-0.640281	0.220528	-2.436
-0.654069	0.208761	-2.43422
-0.664451	0.199874	-2.43294
-0.678402	0.187897	-2.43139
-0.685157	0.182085	-2.43072
-0.695275	0.173365	-2.42976
-0.705165	0.164829	-2.43022
-0.718546	0.153311	-2.43014
-0.725167	0.1476	-2.42963
-0.735064	0.139055	-2.429
-0.74818	0.127714	-2.42831
-0.754714	0.122059	-2.42803
-0.767784	0.110739	-2.4276
-0.774196	0.105183	-2.42758
-0.78395	0.0967292	-2.42757
-0.793488	0.0884646	-2.42679
-0.803118	0.0800849	-2.42514
-0.812851	0.0716096	-2.42516
-0.825941	0.0602123	-2.42536
-0.832397	0.0545941	-2.42554
-0.842074	0.046177	-2.42587
-0.854911	0.0350232	-2.42666
-0.86128	0.0294962	-2.42752
-0.870859	0.0212084	-2.42935
-0.880285	0.0130758	-2.42996
-0.893082	0.00205106	-2.43095
-0.902592	-0.00612683	-2.43182
-0.911905	-0.0141207	-2.43282
-0.921102	-0.0219979	-2.43394
-0.930287	-0.0298454	-2.4352
-0.939441	-0.0376453	-2.43699
-0.945436	-0.0427319	-2.43893
-0.957626	-0.0530485	-2.43986
-0.963723	-0.0581969	-2.44076
-0.976122	-0.0686379	-2.44282
-0.98224	-0.0737725	-2.44391
-0.994668	-0.0841683	-2.44626
-1.00078	-0.0892604	-2.44751
-1.01319	-0.0995618	-2.45014
-1.01922	-0.104547	-2.45252
-1.03144	-0.114545	-2.45789
-1.03749	-0.119471	-2.4592
-1.04985	-0.129487	-2.46214
-1.06193	-0.13921	-2.46526
-1.06802	-0.144088	-2.4669
-1.07686	-0.151149	-2.46947
-1.08857	-0.16043	-2.4731
-1.09457	-0.165158	-2.47498
-1.10626	-0.174324	-2.4789
-1.11201	-0.178809	-2.4787
-1.12371	-0.187914	-2.48212
-1.13265	-0.194826	-2.48517
-1.14159	-0.201689	-2.48836
-1.15046	-0.208457	-2.49165
-1.15934	-0.21519	-2.49505
-1.16825	-0.221885	-2.49855
-1.1801	-0.230726	-2.50335
-1.18893	-0.237249	-2.50734
-1.1976	-0.243606	-2.51057
-1.20623	-0.24989	-2.5144
-1.2149	-0.256151	-2.51834
-1.22362	-0.262393	-2.52238
-1.23237	-0.268606	-2.5265
-1.24116	-0.274789	-2.53072
-1.25299	-0.283021	-2.53654
-1.26184	-0.289116	-2.54096
-1.27049	-0.295012	-2.54503
-1.27888	-0.300687	-2.55057
-1.28456	-0.304484	-2.55368
-1.29614	-0.312152	-2.56005
-1.308	-0.319892	-2.56652
-1.31395	-0.323739	-2.56983
-1.32541	-0.331061	-2.57659
-1.3341	-0.336539	-2.58178
-1.33992	-0.340172	-2.58532
-1.3513	-0.347196	-2.5923
-1.35983	-0.352403	-2.59438
-1.37142	-0.359409	-2.60234
-1.37728	-0.362902	-2.60609
-1.38887	-0.369717	-2.61367
-1.39471	-0.373111	-2.61758
-1.4064	-0.379806	-2.62545
-1.4123	-0.383144	-2.62948
-1.42411	-0.389723	-2.63765
-1.43007	-0.392993	-2.64168
-1.44199	-0.399439	-2.65009
-1.45096	-0.404213	-2.65586
-1.46304	-0.41053	-2.66415
-1.4689	-0.413544	-2.66852
-1.47771	-0.418021	-2.67514
-1.48644	-0.422381	-2.68195
-1.49853	-0.428298	-2.69118
-1.50452	-0.431179	-2.69579
-1.51652	-0.436846	-2.70533
-1.52552	-0.44101	-2.71211
-1.53442	-0.445052	-2.71849
-1.54329	-0.449011	-2.72564
-1.55222	-0.452919	-2.73291
-1.56117	-0.456758	-2.7411
-1.57021	-0.46054	-2.74918
-1.57932	-0.464272	-2.75693
-1.58846	-0.467932	-2.76479
-1.59763	-0.471521	-2.77276
-1.6037	-0.473851	-2.77806
-1.61607	-0.478484	-2.78882
-1.62835	-0.482956	-2.79615
-1.63471	-0.485225	-2.80158
-1.64397	-0.48846	-2.80978
-1.65636	-0.492656	-2.82107
-1.66275	-0.494758	-2.82698
-1.67522	-0.498733	-2.83922
-1.68153	-0.500682	-2.84528
-1.6941	-0.504442	-2.8573
-1.70042	-0.50627	-2.86328
-1.71302	-0.509791	-2.87532
-1.71926	-0.511477	-2.88001
-1.72871	-0.513965	-2.88915
-1.73501	-0.515572	-2.89519
-1.7482	-0.518802	-2.90777
-1.75833	-0.521167	-2.91736
-1.76501	-0.52267	-2.92355
-1.77822	-0.525508	-2.93725
-1.78485	-0.52686	-2.94404
-1.795	-0.528841	-2.95423
-1.80487	-0.530665	-2.96327
-1.81144	-0.531839	-2.96683
-1.82556	-0.534193	-2.9977
-1.82991	-0.534837	-2.98982
-1.83675	-0.535879	-2.98022
-1.84144	-0.536676	-2.966
-1.85428	-0.539065	-2.95618
-1.86564	-0.541141	-2.9628
-1.88135	-0.543869	-2.98439
-1.89035	-0.545247	-2.99403
-1.90798	-0.547735	-3.00961
-1.91659	-0.548845	-3.01741
-1.92921	-0.550354	-3.02861
-1.94139	-0.551667	-3.04027
-1.95768	-0.553198	-3.05606
-1.9697	-0.554159	-3.06811
-1.98155	-0.554965	-3.07904
-1.99286	-0.555616	-3.09041
-2.00393	-0.556117	-3.10304
-2.01489	-0.556473	-3.11569
-2.02918	-0.556739	-3.13118
-2.03991	-0.556785	3.13921
-2.04693	-0.556741	3.13058
-2.06051	-0.556479	3.11327
-2.06744	-0.556254	3.10446
-2.08121	-0.555627	3.08688
-2.0881	-0.55522	3.0778
-2.10185	-0.554227	3.06071
-2.1121	-0.553329	3.04692
-2.12224	-0.552299	3.03307
-2.1322	-0.551148	3.01931
-2.13886	-0.550301	3.01004
-2.15543	-0.547917	2.98667
-2.16562	-0.546255	2.97251
-2.17544	-0.544512	2.95825
-2.18494	-0.542682	2.94389
-2.19445	-0.54071	2.92942
-2.20073	-0.539328	2.91984
-2.21345	-0.536338	2.90034
-2.22273	-0.533967	2.88031
-2.23551	-0.530388	2.85777
-2.24189	-0.528494	2.8478
-2.25408	-0.52468	2.82791
-2.26027	-0.522641	2.8178
-2.27263	-0.518359	2.79764
-2.27888	-0.516088	2.78746
-2.29136	-0.511336	2.76711
-2.29753	-0.508877	2.75826
-2.30999	-0.503727	2.73902
-2.31629	-0.501007	2.72836
-2.32891	-0.495326	2.70698
-2.33823	-0.490891	2.68714
-2.35074	-0.484619	2.66594
-2.35695	-0.481385	2.65525
-2.36896	-0.474876	2.63392
-2.37495	-0.471507	2.62371
-2.3869	-0.464537	2.60289
-2.39292	-0.4609	2.59235
-2.40496	-0.453364	2.57093
-2.41404	-0.44743	2.5546
-2.42303	-0.44135	2.53827
-2.43178	-0.435217	2.52011
-2.4404	-0.428914	2.50051
-2.44912	-0.422302	2.48379
-2.45772	-0.415544	2.46776
-2.46628	-0.408605	2.45161
-2.47483	-0.401431	2.43493
-2.48336	-0.394036	2.41815
-2.49471	-0.383786	2.39551
-2.50026	-0.378599	2.38431
-2.51125	-0.367984	2.36145
-2.51929	-0.35989	2.34248
-2.52963	-0.348981	2.31766
-2.5348	-0.343341	2.30614
-2.54474	-0.332102	2.28325
-2.54969	-0.326314	2.27166
-2.55943	-0.314502	2.24858
-2.56428	-0.308407	2.2369
-2.57382	-0.295988	2.21359
-2.57854	-0.289611	2.20202
-2.58779	-0.276657	2.17907
-2.5945	-0.266854	2.16033
-2.60318	-0.253473	2.13321
-2.60745	-0.246603	2.12134
-2.61562	-0.232956	2.09771
-2.61963	-0.225978	2.08578
-2.62743	-0.211811	2.06202
-2.63308	-0.201046	2.0463
-2.63858	-0.190165	2.03014
-2.64393	-0.179117	2.01242
-2.64914	-0.167841	1.99457
-2.65417	-0.156435	1.97525
-2.66067	-0.140726	1.95092
-2.66376	-0.132865	1.93893
-2.66969	-0.116957	1.91474
-2.67384	-0.105091	1.89965
-2.67653	-0.0970458	1.88777
-2.68168	-0.0807264	1.86365
-2.68651	-0.0639822	1.83947
-2.6899	-0.051259	1.82112
-2.69198	-0.0429024	1.80843
-2.69578	-0.0263807	1.78442
-2.69754	-0.0180497	1.77468
-2.70089	-0.000907188	1.75117
-2.70243	0.00786196	1.73908
-2.70524	0.0256394	1.71487
-2.70705	0.0389736	1.69663
-2.70912	0.0570144	1.67236
-2.70998	0.0659825	1.66003
-2.71105	0.0791719	1.64254
-2.7119	0.0926277	1.62442
-2.71252	0.106381	1.60621
-2.71289	0.120255	1.58799
-2.71299	0.129603	1.57576
-2.71287	0.148264	1.55149
-2.71247	0.162511	1.5347
-2.71185	0.176706	1.51775
-2.71097	0.190863	1.4996
-2.70984	0.205065	1.48141
-2.70843	0.219309	1.46319
-2.70734	0.228867	1.45097
-2.70483	0.24789	1.42676
-2.70182	0.267095	1.40379
-2.70012	0.276834	1.39177
-2.69743	0.291007	1.37386
-2.69351	0.309334	1.34448
-2.69126	0.318849	1.33185
-2.68648	0.337538	1.30782
-2.68391	0.346869	1.29645
-2.67847	0.365434	1.27357
-2.67555	0.374783	1.26176
-2.67093	0.388829	1.24412
-2.66605	0.402826	1.22608
-2.66089	0.416781	1.20599
-2.6554	0.430798	1.18796
-2.65157	0.440141	1.17636
-2.64365	0.458588	1.15333
-2.63944	0.467955	1.14167
-2.63071	0.486461	1.11853
-2.62616	0.495705	1.10678
-2.6168	0.513892	1.08303
-2.61203	0.522737	1.06881
-2.60206	0.540444	1.04625
-2.59686	0.549328	1.0348
-2.58619	0.566835	1.01209
-2.58067	0.575563	1.00065
-2.57227	0.588437	0.983654
-2.56358	0.601263	0.966711
-2.55465	0.613978	0.949397
-2.54547	0.626563	0.931785
-2.53927	0.634817	0.92072
-2.52641	0.651356	0.898366
-2.51986	0.6595	0.887366
-2.50969	0.67178	0.870681
-2.49601	0.687689	0.850997
-2.48539	0.699614	0.834591
-2.4748	0.711105	0.81749
-2.46775	0.718545	0.806714
-2.45322	0.733382	0.784922
-2.44595	0.740572	0.774222
-2.43067	0.755215	0.752865
-2.4231	0.762237	0.74267
-2.40747	0.776295	0.721637
-2.39978	0.782985	0.709294
-2.38379	0.796402	0.686838
-2.37578	0.802897	0.676437
-2.36344	0.812652	0.660607
-2.35122	0.822018	0.646721
-2.33419	0.834616	0.626269
-2.3257	0.840691	0.616216
-2.30852	0.852613	0.596246
-2.30002	0.858322	0.585999
-2.28256	0.869663	0.565677
-2.26949	0.877848	0.552423
-2.25617	0.885927	0.53763
-2.24299	0.89366	0.522958
-2.23423	0.898657	0.513298
-2.21632	0.908529	0.493337
-2.20736	0.913287	0.482801
-2.18889	0.922748	0.463672
-2.17975	0.927272	0.454376
-2.15643	0.93833	0.4307
-2.14698	0.942617	0.421224
-2.13309	0.948733	0.407314
-2.11918	0.954619	0.39321
-2.10052	0.962166	0.375524
-2.091	0.965871	0.36633
-2.07684	0.971197	0.352697
-2.06273	0.976286	0.33914
-2.04828	0.981278	0.325646
-2.03375	0.98608	0.312197
-2.02412	0.989143	0.303427
-2.00465	0.995064	0.28617
-1.99487	0.997899	0.277386
-1.97487	1.00341	0.259909
-1.96501	1.00599	0.251336
-1.94491	1.01097	0.234004
-1.93501	1.01329	0.225627
-1.91488	1.01773	0.208784
-1.905	1.01979	0.200245
-1.88488	1.0237	0.183284
-1.87496	1.02549	0.175025
-1.85478	1.02889	0.158445
-1.84485	1.03044	0.150375
-1.8247	1.03333	0.134734
-1.81491	1.03463	0.128435
-1.79473	1.03708	0.112752
-1.78487	1.03816	0.103943
-1.7647	1.04011	0.0880854
-1.75478	1.04094	0.0803186
-1.73965	1.04208	0.0685513
-1.71976	1.04331	0.0559887
-1.70457	1.04408	0.0448274
-1.69467	1.04449	0.0375366
-1.67488	1.04509	0.0225038
-1.65989	1.04534	0.0111641
-1.64502	1.04543	-2.11831e-06
-1.63034	1.04535	-0.0106234
-1.61573	1.04513	-0.0205225
-1.60107	1.04475	-0.0311322
-1.5864	1.04422	-0.0416842
-1.57176	1.04354	-0.0524024
-1.56216	1.043	-0.0602361
-1.54258	1.04168	-0.0743993
-1.53289	1.04093	-0.0806268
-1.51315	1.03921	-0.09376
-1.49836	1.03775	-0.103801
-1.47896	1.0356	-0.11705
-1.46928	1.03443	-0.123736
-1.45513	1.0326	-0.133685
-1.44581	1.03132	-0.140621
-1.42664	1.02848	-0.153444
-1.41709	1.02698	-0.159679
-1.3977	1.02373	-0.172374
-1.38818	1.02204	-0.178597
-1.36891	1.01844	-0.191096
-1.35457	1.0156	-0.200783
-1.34521	1.01366	-0.207865
-1.3265	1.0096	-0.219819
-1.3172	1.0075	-0.225705
-1.29834	1.00305	-0.237601
-1.28908	1.00078	-0.24343
-1.27035	0.996016	-0.255154
-1.26117	0.993596	-0.260964
-1.24723	0.989809	-0.269606
-1.23378	0.986019	-0.28044
-1.2152	0.980555	-0.291862
-1.20138	0.976341	-0.300156
-1.18785	0.972094	-0.308368
-1.17451	0.967789	-0.316505
-1.16124	0.963383	-0.324572
-1.14802	0.958881	-0.332502
-1.13502	0.95433	-0.341945
-1.12196	0.949621	-0.350207
-1.1089	0.944796	-0.357901
-1.09587	0.939868	-0.365555
-1.08729	0.936561	-0.370582
-1.06568	0.928012	-0.383132
-1.05261	0.92269	-0.390411
-1.03988	0.917403	-0.397846
-1.03172	0.913941	-0.404776
-1.01534	0.906831	-0.414411
-1.007	0.903139	-0.4192
-0.990439	0.895669	-0.428537
-0.982121	0.891847	-0.433195
-0.969677	0.886041	-0.440126
-0.957499	0.880262	-0.445689
-0.949308	0.876331	-0.449775
-0.932862	0.868292	-0.460685
-0.924649	0.864193	-0.465196
-0.908007	0.855752	-0.473927
-0.899853	0.851548	-0.478195
-0.88338	0.842923	-0.486794
-0.875357	0.838658	-0.490581
-0.863207	0.832128	-0.49606
-0.851241	0.825607	-0.502333
-0.835135	0.816659	-0.512298
-0.823117	0.809854	-0.518301
-0.815319	0.805388	-0.522233
-0.799804	0.796379	-0.530084
-0.792118	0.791857	-0.533811
-0.776599	0.782611	-0.540982
-0.768998	0.778027	-0.544514
-0.753643	0.768656	-0.552061
-0.746295	0.764102	-0.558425
-0.731187	0.754571	-0.566647
-0.719877	0.747334	-0.57205
-0.70495	0.73765	-0.579114
-0.697606	0.732833	-0.582112
-0.683259	0.723328	-0.588427
-0.676071	0.718515	-0.591701
-0.66189	0.708921	-0.598992
-0.654916	0.704132	-0.60497
-0.640829	0.69432	-0.611767
-0.63374	0.68933	-0.614993
-0.61968	0.679335	-0.621226
-0.612736	0.674355	-0.622726
-0.598805	0.664301	-0.628075
-0.588317	0.656651	-0.632377
-0.577955	0.649027	-0.636709
-0.567836	0.641497	-0.642731
-0.554316	0.631314	-0.648502
-0.547522	0.626151	-0.651352
-0.53747	0.618456	-0.655697
-0.527619	0.610855	-0.658891
-0.517566	0.603041	-0.662676
-0.507532	0.595181	-0.666441
-0.50082	0.58989	-0.668972
-0.487637	0.579409	-0.675499
-0.47766	0.571379	-0.6798
-0.464336	0.560555	-0.684831
-0.457742	0.555158	-0.687152
-0.444922	0.544603	-0.690958
-0.438478	0.539263	-0.693121
-0.425699	0.528604	-0.697424
-0.419291	0.523222	-0.699693
-0.406579	0.512478	-0.704035
-0.397041	0.504349	-0.70769
-0.384324	0.493421	-0.712075
-0.378187	0.488115	-0.713785
-0.365928	0.477468	-0.717058
-0.359893	0.472197	-0.718867
-0.350698	0.464129	-0.721629
-0.341602	0.456103	-0.724446
-0.329227	0.445111	-0.728777
-0.320057	0.436888	-0.732802
-0.31405	0.431473	-0.734672
-0.302077	0.42062	-0.737857
-0.29618	0.415257	-0.738233
-0.284039	0.404177	-0.741321
-0.278067	0.398702	-0.742824
-0.268975	0.390334	-0.745067
-0.259995	0.382033	-0.747449
-0.247846	0.370731	-0.75208
-0.241853	0.365115	-0.753781
-0.229854	0.353819	-0.756786
-0.22103	0.345487	-0.756595
-0.215142	0.339922	-0.757838
-0.20338	0.328765	-0.760262
-0.197522	0.323187	-0.761459
-0.1886	0.314669	-0.763203
-0.179804	0.306239	-0.765491
-0.170976	0.297723	-0.769789
-0.162064	0.289068	-0.771693
-0.156098	0.283258	-0.772762
-0.147259	0.274637	-0.77334
-0.141245	0.268761	-0.774157
-0.132159	0.259866	-0.775471
-0.123021	0.250896	-0.776778
-0.113768	0.24179	-0.778036
-0.104566	0.232711	-0.779347
-0.0954853	0.223719	-0.781836
-0.0864168	0.214703	-0.783129
-0.0774387	0.20576	-0.783561
-0.0684694	0.196816	-0.78441
-0.0625713	0.190926	-0.784974
-0.0506474	0.178999	-0.786089
-0.0447205	0.173061	-0.786639
-0.0327194	0.161018	-0.787654
-0.0269072	0.155174	-0.789512
-0.0181185	0.146278	-0.79255
-0.00644337	0.134433	-0.791804
0.00240577	0.125479	-0.79137
0.00819419	0.119619	-0.791647
0.0197335	0.107929	-0.792139
0.0254742	0.102109	-0.792378
0.03712	0.0902947	-0.792772
0.0428036	0.0845243	-0.793696
0.0542381	0.0728516	-0.79669
0.0598928	0.0670671	-0.796759
0.0684865	0.0582803	-0.796313
0.0799809	0.0465328	-0.796206
0.0886675	0.0376571	-0.796106
0.0971872	0.028954	-0.795956
0.105617	0.0203454	-0.795801
0.114029	0.0117582	-0.795693
0.12512	0.000418795	-0.797102
0.133505	-0.00816363	-0.796892
0.141721	-0.0165631	-0.79603
0.1499	-0.0249133	-0.795526
0.158092	-0.033269	-0.794955
0.166309	-0.0416403	-0.794347
0.17183	-0.0472586	-0.793916
0.182822	-0.0584304	-0.793034
0.193825	-0.0696104	-0.795314
0.202149	-0.078105	-0.795297
0.20764	-0.083703	-0.794932
0.218336	-0.094574	-0.792577
0.223841	-0.100155	-0.791815
0.234837	-0.111278	-0.790374
0.243177	-0.119691	-0.789264
0.25148	-0.12805	-0.78808
0.259722	-0.136327	-0.786996
0.267895	-0.144532	-0.787497
0.276164	-0.152827	-0.7864
0.287219	-0.163877	-0.783404
0.295574	-0.172187	-0.781916
0.303805	-0.180349	-0.780367
0.311989	-0.188438	-0.778777
0.317411	-0.193784	-0.777705
0.328479	-0.20466	-0.775499
0.336788	-0.212805	-0.776791
0.347866	-0.223698	-0.776027
0.353466	-0.229187	-0.774926
0.361737	-0.237266	-0.772321
0.370095	-0.245391	-0.770161
0.375692	-0.250813	-0.768782
0.387119	-0.261836	-0.76593
0.392769	-0.267263	-0.76452
0.404455	-0.27844	-0.761651
0.410121	-0.283842	-0.762278
0.421768	-0.294962	-0.761041
0.427541	-0.300452	-0.759432
0.439317	-0.31159	-0.755712
0.445139	-0.317067	-0.753921
0.457017	-0.328183	-0.750387
0.465948	-0.336488	-0.747719
0.474829	-0.344702	-0.744974
0.483584	-0.352758	-0.743407
0.492371	-0.360825	-0.741404
0.501221	-0.368908	-0.738738
0.510092	-0.376964	-0.735595
0.518978	-0.384973	-0.731882
0.527947	-0.393006	-0.728755
0.536957	-0.401025	-0.72558
0.549002	-0.411665	-0.721328
0.558055	-0.419603	-0.71901
0.564038	-0.424836	-0.717691
0.575878	-0.43513	-0.71348
0.581947	-0.440372	-0.711199
0.594067	-0.450766	-0.706317
0.600206	-0.455992	-0.703774
0.612561	-0.466428	-0.698867
0.624904	-0.47675	-0.693992
0.634161	-0.484425	-0.691015
0.643169	-0.491861	-0.688419
0.652194	-0.49926	-0.684737
0.661288	-0.506658	-0.680951
0.670443	-0.514047	-0.676855
0.679636	-0.521395	-0.672078
0.688947	-0.528772	-0.667849
0.695227	-0.533712	-0.664985
0.707784	-0.543503	-0.659325
0.717261	-0.550835	-0.658654
0.730204	-0.560807	-0.653617
0.736557	-0.56566	-0.650792
0.74937	-0.575359	-0.644972
0.755623	-0.580046	-0.640769
0.768517	-0.589581	-0.633251
0.774945	-0.594285	-0.630055
0.788116	-0.603826	-0.623559
0.801075	-0.613115	-0.620672
0.807742	-0.617866	-0.617467
0.820713	-0.627017	-0.611046
0.830595	-0.633904	-0.606048
0.840445	-0.640695	-0.600607
0.850242	-0.64736	-0.594434
0.856895	-0.651841	-0.59082
0.870214	-0.660707	-0.583672
0.876929	-0.665131	-0.582442
0.88714	-0.671842	-0.579131
0.897571	-0.678625	-0.573779
0.908201	-0.685455	-0.56825
0.918903	-0.692248	-0.56262
0.925996	-0.696703	-0.558828
0.940415	-0.705634	-0.55027
0.947655	-0.710057	-0.546341
0.962436	-0.718967	-0.538645
0.969736	-0.723312	-0.534937
0.984666	-0.732079	-0.526804
0.99591	-0.738575	-0.520679
1.00721	-0.745013	-0.514533
1.01833	-0.751256	-0.508182
1.02945	-0.757397	-0.501118
1.04065	-0.763485	-0.494532
1.05177	-0.769451	-0.490039
1.06309	-0.77544	-0.483397
1.07448	-0.781375	-0.476689
1.08595	-0.787247	-0.469938
1.09355	-0.791091	-0.465432
1.10908	-0.798803	-0.456127
1.1168	-0.802568	-0.450638
1.13271	-0.810151	-0.439461
1.1405	-0.813793	-0.435864
1.15665	-0.821223	-0.426155
1.16861	-0.826604	-0.418865
1.1847	-0.833676	-0.409025
1.19272	-0.837132	-0.404024
1.20851	-0.84379	-0.393997
1.21638	-0.84704	-0.38823
1.22815	-0.851796	-0.380764
1.24022	-0.856578	-0.373114
1.25253	-0.861344	-0.365168
1.26494	-0.866031	-0.35715
1.27741	-0.870631	-0.349064
1.28995	-0.87514	-0.340908
1.30255	-0.879553	-0.332711
1.31515	-0.883852	-0.325335
1.32772	-0.888048	-0.318169
1.34045	-0.892184	-0.309633
1.35751	-0.897535	-0.298141
1.37041	-0.901442	-0.289415
1.37898	-0.903967	-0.283534
1.39163	-0.907596	-0.274722
1.40455	-0.911181	-0.266261
1.42188	-0.915822	-0.256285
1.43071	-0.918107	-0.250006
1.44385	-0.921401	-0.240757
1.45693	-0.92455	-0.231406
1.47476	-0.928636	-0.218836
1.48824	-0.931571	-0.209316
1.50152	-0.934327	-0.200188
1.51022	-0.936075	-0.195843
1.51895	-0.93778	-0.18962
1.53694	-0.941104	-0.175404
1.55095	-0.943517	-0.165222
1.56504	-0.945796	-0.155085
1.57893	-0.947897	-0.14487
1.59283	-0.949856	-0.134682
1.60662	-0.951665	-0.126514
1.62057	-0.953371	-0.116312
1.63459	-0.954937	-0.105913
1.64385	-0.955889	-0.0987647
1.66272	-0.957625	-0.0842801
1.67203	-0.95838	-0.0771136
1.6959	-0.960013	-0.0595367
1.70538	-0.960554	-0.0546127
1.7195	-0.961255	-0.0438123
1.73362	-0.961798	-0.0327332
1.7479	-0.962187	-0.0212843
1.76223	-0.962413	-0.00980338
1.7766	-0.962473	0.00181983
1.79097	-0.962366	0.0130866
1.80037	-0.962217	0.0191273
1.81973	-0.9617	0.034731
1.82941	-0.961328	0.0424572
1.84421	-0.960615	0.0542594
1.85872	-0.959736	0.0678914
1.87868	-0.958209	0.0849068
1.89359	-0.956851	0.0970509
1.9033	-0.955867	0.105236
1.92271	-0.953659	0.121792
1.93239	-0.952436	0.130027
1.94716	-0.950414	0.142522
1.96661	-0.947447	0.16237
1.98621	-0.944038	0.181017
1.99603	-0.942198	0.189758
2.01483	-0.938425	0.206969
2.02435	-0.936386	0.215667
2.03853	-0.933184	0.228737
2.05271	-0.929788	0.241931
2.06225	-0.927393	0.2507
2.0815	-0.922275	0.269403
2.09115	-0.919567	0.278331
2.11091	-0.91373	0.296584
2.13048	-0.907556	0.314853
2.14498	-0.902727	0.328643
2.15445	-0.899453	0.337926
2.17283	-0.892813	0.355941
2.182	-0.88935	0.367478
2.19592	-0.883862	0.38275
2.2098	-0.878163	0.397037
2.22858	-0.870082	0.416103
2.23802	-0.865858	0.425751
2.2473	-0.8616	0.435251
2.2656	-0.852886	0.453595
2.2795	-0.845986	0.469727
2.29796	-0.836353	0.491415
2.30716	-0.831373	0.501406
2.3207	-0.823824	0.51638
2.33413	-0.81607	0.531231
2.35199	-0.805348	0.550431
2.36095	-0.799793	0.560477
2.37415	-0.791375	0.575115
2.38714	-0.782804	0.591205
2.4002	-0.773899	0.606714
2.41315	-0.764761	0.622281
2.43015	-0.752318	0.642146
2.43865	-0.745894	0.652533
2.45113	-0.736212	0.668031
2.46326	-0.726487	0.684969
2.47536	-0.716404	0.703326
2.48749	-0.705958	0.719388
2.49539	-0.69897	0.72936
2.51129	-0.68446	0.750485
2.51913	-0.677074	0.761056
2.53864	-0.658002	0.788009
2.54625	-0.650269	0.80029
2.55723	-0.638742	0.818495
2.56787	-0.627201	0.833092
2.575	-0.619271	0.843925
2.58926	-0.602892	0.866006
2.59989	-0.590188	0.882594
2.61024	-0.577391	0.899219
2.62024	-0.564596	0.916416
2.62998	-0.551693	0.932143
2.63958	-0.538541	0.94902
2.64898	-0.525201	0.965949
2.65816	-0.511678	0.982924
2.66411	-0.502656	0.994149
2.67586	-0.484142	1.01658
2.68147	-0.474978	1.0273
2.69267	-0.455886	1.05209
2.69799	-0.446451	1.06349
2.70869	-0.426674	1.08676
2.71637	-0.411778	1.10401
2.72613	-0.391868	1.12652
2.7308	-0.381901	1.1381
2.73749	-0.367094	1.15583
2.74386	-0.352301	1.17343
2.75209	-0.332025	1.19685
2.75607	-0.32171	1.20862
2.76352	-0.301396	1.23101
2.76885	-0.285898	1.24838
2.77228	-0.275456	1.25986
2.7786	-0.254946	1.28374
2.78165	-0.2444	1.29568
2.786	-0.22846	1.3135
2.79132	-0.207402	1.33403
2.79511	-0.191087	1.3517
2.79856	-0.174954	1.36933
2.80169	-0.158931	1.38738
2.80453	-0.142827	1.40531
2.80708	-0.126745	1.42187
2.80937	-0.110518	1.43936
2.81139	-0.094186	1.45715
2.81312	-0.0777792	1.47495
2.81411	-0.0667529	1.48689
2.8157	-0.0448274	1.51085
2.8163	-0.0337716	1.5209
2.81719	-0.0115817	1.54301
2.81743	-0.000331832	1.55495
2.81753	0.022057	1.57876
2.81738	0.0333274	1.5907
2.81667	0.0557045	1.61405
2.81614	0.0667519	1.62433
2.81509	0.0835877	1.64207
2.81376	0.100243	1.66005
2.81269	0.111434	1.67191
2.81012	0.134115	1.69594
2.80864	0.145384	1.70751
2.80522	0.168245	1.73145
2.80337	0.179241	1.74528
2.79911	0.201774	1.76983
2.79682	0.212818	1.78167
2.79176	0.23517	1.80568
2.78911	0.246015	1.81621
2.78332	0.26806	1.83931
2.78032	0.278745	1.85205
2.77378	0.300246	1.87861
2.77034	0.310858	1.89037
2.76297	0.332314	1.91419
2.75714	0.348198	1.93093
2.75109	0.363878	1.94826
2.74484	0.379268	1.96561
2.74059	0.389283	1.97793
2.73157	0.409551	2.00157
2.72692	0.419534	2.01216
2.71707	0.439848	2.03388
2.70687	0.459723	2.05663
2.70155	0.469653	2.06799
2.6963	0.479217	2.07929
2.68278	0.502697	2.10749
2.67708	0.512183	2.11751
2.66845	0.526105	2.13455
2.65968	0.539723	2.15134
2.65052	0.553447	2.16811
2.64112	0.567026	2.18483
2.63479	0.5759	2.19591
2.62174	0.593564	2.21821
2.61506	0.602301	2.22915
2.60109	0.619968	2.25133
2.59413	0.628482	2.26217
2.57971	0.645532	2.28411
2.56875	0.657998	2.29939
2.55398	0.674214	2.32083
2.5465	0.682159	2.33168
2.53529	0.69375	2.3478
2.52392	0.705135	2.36381
2.51226	0.716447	2.37972
2.50044	0.727545	2.39485
2.48448	0.742033	2.41542
2.47636	0.749164	2.42659
2.46835	0.756049	2.43689
2.45191	0.769742	2.45782
2.43906	0.780054	2.47328
2.42605	0.790167	2.48834
2.41314	0.799899	2.50343
2.40011	0.809416	2.51859
2.38701	0.818673	2.53439
2.37375	0.827745	2.54957
2.36036	0.836607	2.56463
2.35148	0.842326	2.57415
2.33332	0.853672	2.59307
2.32417	0.859205	2.60267
2.30527	0.870268	2.62185
2.29611	0.875451	2.63169
2.28192	0.883249	2.6466
2.26309	0.893202	2.66276
2.24867	0.900574	2.67626
2.2392	0.905277	2.68558
2.21545	0.91659	2.70901
2.2058	0.920989	2.71918
2.1916	0.927245	2.73408
2.17759	0.933187	2.74578
2.16814	0.9371	2.75358
2.14865	0.944862	2.77183
2.13887	0.948604	2.78076
2.1189	0.955941	2.79877
2.10916	0.95937	2.80766
2.08925	0.966065	2.82648
2.07424	0.970855	2.83927
2.05928	0.975417	2.8524
2.04444	0.979733	2.86541
2.02956	0.983848	2.87831
2.01465	0.987768	2.8911
2.0048	0.990246	2.89946
1.9849	0.995006	2.91499
1.96474	0.999479	2.9318
1.9496	1.00261	2.94432
1.93967	1.00455	2.95263
1.92023	1.00811	2.96894
1.91035	1.00979	2.97642
1.89076	1.01294	2.98991
1.88087	1.01441	2.99864
1.86107	1.0171	3.01456
1.85108	1.01834	3.02255
1.83122	1.02056	3.03826
1.82122	1.02156	3.04595
1.80138	1.02332	3.06067
1.79651	1.0237	3.06442
1.77298	1.02547	3.04417
1.76503	1.02648	2.98211
1.74751	1.02993	2.93816
1.73774	1.0319	2.94603
1.72312	1.03471	2.9582
1.70382	1.03813	2.97464
1.68924	1.0405	2.98546
1.67481	1.04269	2.9977
1.66052	1.04467	3.00994
1.64621	1.04648	3.0221
1.63661	1.0476	3.0302
1.61751	1.04958	3.04609
1.59832	1.05128	3.05916
1.5839	1.05241	3.06895
1.57436	1.05307	3.07661
1.55571	1.05415	3.09205
1.54619	1.05458	3.09979
1.5272	1.05524	3.11503
1.51763	1.05546	3.12251
1.4985	1.05569	3.13653
1.48901	1.0557	-3.13929
1.46974	1.05552	-3.12562
1.4505	1.05508	-3.11095
1.44102	1.05476	-3.10372
1.42227	1.05391	-3.08919
1.40822	1.05311	-3.07861
1.39896	1.05249	-3.07165
1.38038	1.05106	-3.05784
1.37112	1.05026	-3.05089
1.35702	1.0489	-3.04003
1.34301	1.0474	-3.02942
1.32871	1.04572	-3.01913
1.31439	1.04388	-3.00904
1.30481	1.04257	-3.00255
1.28579	1.03979	-2.98958
1.27611	1.03828	-2.98308
1.26161	1.03589	-2.97348
1.24746	1.03341	-2.96173
1.23303	1.03071	-2.95118
1.22332	1.02881	-2.94476
1.21378	1.02687	-2.93864
1.19424	1.02273	-2.92645
1.18441	1.02055	-2.92042
1.16453	1.01596	-2.90832
1.15482	1.01362	-2.90222
1.1353	1.00873	-2.88922
1.12574	1.00623	-2.88327
1.10644	1.00102	-2.87161
1.097	0.998374	-2.86593
1.07791	0.992861	-2.85446
1.06372	0.988606	-2.84599
1.05442	0.985749	-2.8405
1.03605	0.979924	-2.82805
1.02694	0.976944	-2.8229
1.00848	0.970756	-2.81258
0.999408	0.967634	-2.80726
0.985649	0.962794	-2.79924
0.967415	0.956189	-2.78865
0.953718	0.951085	-2.7808
0.940361	0.945988	-2.77251
0.931723	0.942617	-2.76684
0.914176	0.935619	-2.75691
0.905452	0.932063	-2.75195
0.887773	0.924703	-2.74196
0.879107	0.921019	-2.73711
0.861576	0.913416	-2.72738
0.853005	0.909624	-2.72257
0.83568	0.901808	-2.71209
0.827224	0.897912	-2.7074
0.814377	0.891901	-2.70035
0.797333	0.883757	-2.69108
0.784519	0.877506	-2.68427
0.771973	0.871282	-2.67756
0.759612	0.865046	-2.67096
0.747369	0.858771	-2.66482
0.735243	0.852447	-2.6572
0.723084	0.846	-2.65073
0.715076	0.8417	-2.64652
0.698861	0.832858	-2.63809
0.690808	0.828401	-2.634
0.6745	0.819246	-2.62578
0.666549	0.814719	-2.62233
0.650509	0.805492	-2.61565
0.642667	0.800916	-2.61118
0.626742	0.791494	-2.60327
0.618946	0.78682	-2.59942
0.603171	0.777237	-2.59173
0.591424	0.769993	-2.58613
0.579824	0.762749	-2.58062
0.568439	0.755563	-2.57593
0.553429	0.745949	-2.56766
0.542154	0.738617	-2.56227
0.534711	0.73373	-2.55871
0.520165	0.72407	-2.5518
0.512771	0.719104	-2.54839
0.498118	0.709155	-2.54172
0.490856	0.704176	-2.54013
0.476315	0.694144	-2.53449
0.465562	0.68662	-2.5273
0.454786	0.678982	-2.52248
0.444119	0.671344	-2.51775
0.433471	0.663644	-2.5131
0.422852	0.655891	-2.50857
0.412292	0.648108	-2.50464
0.40177	0.640298	-2.50098
0.391253	0.632424	-2.49676
0.380864	0.624568	-2.49144
0.370451	0.616615	-2.48714
0.360069	0.608616	-2.48291
0.346295	0.597896	-2.47743
0.335983	0.589791	-2.4735
0.329199	0.584427	-2.47138
0.315918	0.573849	-2.46648
0.309188	0.568447	-2.46384
0.295871	0.557668	-2.45836
0.285837	0.549469	-2.45453
0.275894	0.541282	-2.45086
0.266064	0.533128	-2.4473
0.259496	0.527647	-2.445
0.246551	0.516785	-2.44185
0.239934	0.511204	-2.43979
0.226812	0.500065	-2.4357
0.217125	0.491766	-2.43021
0.207416	0.483372	-2.42695
0.197805	0.475006	-2.4238
0.19137	0.469377	-2.42172
0.178651	0.458181	-2.41804
0.169087	0.449722	-2.41646
0.156158	0.438225	-2.41293
0.149895	0.432627	-2.41123
0.137448	0.421434	-2.40724
0.128157	0.413024	-2.40445
0.118951	0.404644	-2.40179
0.10984	0.396309	-2.39927
0.103843	0.390798	-2.39783
0.0887185	0.376859	-2.39535
0.0825515	0.371149	-2.39393
0.0704421	0.359893	-2.39146
0.0645567	0.354396	-2.3885
0.0527964	0.343321	-2.38454
0.0438696	0.334869	-2.38237
0.0349212	0.32636	-2.38026
0.0261705	0.318007	-2.37935
0.017392	0.309619	-2.37812
0.00859149	0.301183	-2.37649
-0.00310714	0.289927	-2.3744
-0.00897147	0.284265	-2.37297
-0.020433	0.273143	-2.36997
-0.0291105	0.264687	-2.36828
-0.0377415	0.256249	-2.3667
-0.0462637	0.247894	-2.36602
-0.0547937	0.23953	-2.36563
-0.0633744	0.231101	-2.3645
-0.0691268	0.22544	-2.36378
-0.0805403	0.214182	-2.36233
-0.0920665	0.202757	-2.35908
-0.100706	0.194158	-2.35789
-0.109132	0.185752	-2.35678
-0.117467	0.177418	-2.35612
-0.122915	0.171974	-2.357
-0.134147	0.16075	-2.35613
-0.13976	0.155135	-2.35575
-0.151182	0.143694	-2.35501
-0.159591	0.135248	-2.35204
-0.170843	0.123876	-2.35042
-0.176468	0.118184	-2.34999
-0.184815	0.109728	-2.34941
-0.195718	0.0986913	-2.35235
-0.204179	0.0901681	-2.35246
-0.212508	0.0817754	-2.35237
-0.218035	0.0762055	-2.35232
-0.229	0.0651532	-2.35199
-0.237252	0.0568171	-2.3507
-0.248406	0.0455375	-2.35046
-0.253969	0.0399104	-2.35043
-0.264886	0.0288646	-2.35071
-0.270365	0.0233293	-2.35148
-0.278656	0.0149624	-2.35183
-0.28689	0.00666004	-2.35225
-0.298073	-0.00460563	-2.35279
-0.306422	-0.0130173	-2.35199
-0.314699	-0.0213614	-2.35233
-0.322918	-0.029641	-2.35273
-0.328439	-0.0351984	-2.35307
-0.339357	-0.0461699	-2.35548
-0.344963	-0.0517774	-2.3566
-0.353442	-0.0602424	-2.3575
-0.361852	-0.0686232	-2.35842
-0.370428	-0.0771529	-2.35934
-0.378937	-0.0856093	-2.35916
-0.387511	-0.0941253	-2.35997
-0.393262	-0.0998301	-2.36057
-0.398937	-0.105452	-2.36122
-0.410476	-0.116857	-2.36406
-0.416238	-0.122508	-2.3682
-0.428284	-0.134236	-2.37061
-0.437301	-0.142983	-2.37207
-0.446206	-0.151598	-2.37361
-0.454937	-0.160027	-2.37431
-0.463688	-0.168455	-2.37566
-0.472445	-0.176866	-2.37712
-0.478229	-0.182408	-2.37815
-0.489907	-0.19355	-2.38196
-0.495776	-0.199117	-2.3834
-0.507729	-0.210408	-2.38604
-0.516678	-0.218823	-2.38795
-0.525601	-0.227185	-2.38941
-0.534359	-0.235364	-2.39125
-0.540142	-0.240749	-2.39251
-0.551905	-0.251658	-2.39524
-0.557765	-0.25707	-2.39715
-0.569684	-0.267996	-2.40181
-0.575598	-0.273384	-2.40353
-0.587634	-0.284296	-2.40694
-0.5996	-0.295076	-2.40938
-0.605596	-0.300461	-2.41072
-0.611355	-0.305616	-2.4123
-0.623069	-0.31605	-2.41568
-0.632143	-0.324082	-2.4184
-0.641258	-0.332108	-2.42118
-0.650213	-0.339941	-2.42453
-0.656149	-0.345107	-2.42653
-0.668219	-0.355545	-2.43065
-0.674182	-0.360674	-2.43154
-0.686311	-0.371095	-2.4334
-0.692367	-0.376271	-2.43536
-0.707775	-0.389347	-2.44062
-0.71399	-0.394581	-2.443
-0.723164	-0.40227	-2.44512
-0.732242	-0.409831	-2.4491
-0.741469	-0.417457	-2.4528
-0.750718	-0.425046	-2.4563
-0.756766	-0.429985	-2.45762
-0.769224	-0.440093	-2.46242
-0.775384	-0.445054	-2.46484
-0.788241	-0.455331	-2.46987
-0.800958	-0.465387	-2.47547
-0.80736	-0.470402	-2.47887
-0.816751	-0.4777	-2.48314
-0.829176	-0.487259	-2.48857
-0.835472	-0.492069	-2.4903
-0.84799	-0.501558	-2.49581
-0.854331	-0.506323	-2.49865
-0.863905	-0.513464	-2.503
-0.873436	-0.520508	-2.50751
-0.886435	-0.530008	-2.51375
-0.896202	-0.537052	-2.51983
-0.905898	-0.543966	-2.52473
-0.915435	-0.550701	-2.52853
-0.925057	-0.55744	-2.53307
-0.934766	-0.564171	-2.53794
-0.941303	-0.568663	-2.54124
-0.954381	-0.577555	-2.54792
-0.964371	-0.584261	-2.55314
-0.977809	-0.593164	-2.56061
-0.984488	-0.597529	-2.56491
-0.994476	-0.603988	-2.57068
-1.00432	-0.61028	-2.57558
-1.01782	-0.618787	-2.58284
-1.02805	-0.625148	-2.58841
-1.03816	-0.631354	-2.59406
-1.04823	-0.637453	-2.59981
-1.05836	-0.643511	-2.60569
-1.06854	-0.64952	-2.61195
-1.08221	-0.657438	-2.62014
-1.08896	-0.661307	-2.62334
-1.10269	-0.669062	-2.63147
-1.10949	-0.672853	-2.63551
-1.12345	-0.680517	-2.64391
-1.13037	-0.684261	-2.64811
-1.14457	-0.691818	-2.65676
-1.15887	-0.699273	-2.66561
-1.1695	-0.704711	-2.67181
-1.17644	-0.708223	-2.67543
-1.19023	-0.715088	-2.68436
-1.19734	-0.718566	-2.68891
-1.21162	-0.725435	-2.69811
-1.21888	-0.728864	-2.70281
-1.23343	-0.735611	-2.71229
-1.24451	-0.740637	-2.71949
-1.25557	-0.745557	-2.72672
-1.26639	-0.750286	-2.73358
-1.27379	-0.753464	-2.73863
-1.28862	-0.7597	-2.74859
-1.29626	-0.762845	-2.75368
-1.3078	-0.767512	-2.76137
-1.3193	-0.772061	-2.76914
-1.33111	-0.776622	-2.77704
-1.34298	-0.781099	-2.78496
-1.3508	-0.783992	-2.78973
-1.36668	-0.789744	-2.79992
-1.37876	-0.793985	-2.80835
-1.39494	-0.799488	-2.81943
-1.40305	-0.802173	-2.82508
-1.41898	-0.807294	-2.83643
-1.42702	-0.809803	-2.84216
-1.43914	-0.813489	-2.85078
-1.45094	-0.81698	-2.85663
-1.4673	-0.82168	-2.8678
-1.47558	-0.823979	-2.87434
-1.48382	-0.82621	-2.88028
-1.50441	-0.831553	-2.89559
-1.51298	-0.833678	-2.90182
-1.52987	-0.837697	-2.91451
-1.53815	-0.839588	-2.91968
-1.55457	-0.843226	-2.92931
-1.56298	-0.845011	-2.93565
-1.57571	-0.847612	-2.94479
-1.58836	-0.850071	-2.95483
-1.59692	-0.851661	-2.96139
-1.61437	-0.854722	-2.9749
-1.62755	-0.856874	-2.98483
-1.64517	-0.859549	-2.99765
-1.65396	-0.860793	-3.00444
-1.67117	-0.863055	-3.01801
-1.67983	-0.864101	-3.02519
-1.69713	-0.866004	-3.03934
-1.70136	-0.866432	-3.04287
-1.72275	-0.868851	-2.97161
-1.73098	-0.870645	-2.87089
-1.74553	-0.875804	-2.75235
-1.75248	-0.878707	-2.73111
-1.76671	-0.885223	-2.69444
-1.77546	-0.88947	-2.68805
-1.79583	-0.899194	-2.70603
-1.81159	-0.906389	-2.72132
-1.83211	-0.915312	-2.74198
-1.84218	-0.919514	-2.75167
-1.85698	-0.925469	-2.7662
-1.87129	-0.930985	-2.78178
-1.88571	-0.936282	-2.79757
-1.89997	-0.941271	-2.81349
-1.91413	-0.945968	-2.8295
-1.92814	-0.950371	-2.84514
-1.94665	-0.955822	-2.86615
-1.95595	-0.958399	-2.87698
-1.96968	-0.962004	-2.89341
-1.98326	-0.96533	-2.90989
-2.00169	-0.96947	-2.93199
-2.01558	-0.972309	-2.94857
-2.02922	-0.97487	-2.96458
-2.04283	-0.977192	-2.98119
-2.05652	-0.979293	-2.99791
-2.0703	-0.981173	-3.01481
-2.07956	-0.982302	-3.02663
-2.09815	-0.98424	-3.0495
-2.10765	-0.985065	-3.06054
-2.12664	-0.986414	-3.08208
-2.13619	-0.986931	-3.09361
-2.15567	-0.987648	-3.11665
-2.17028	-0.987889	-3.13418
-2.19014	-0.987809	3.12535
-2.19986	-0.987596	3.11351
-2.21943	-0.986827	3.09029
-2.22914	-0.986274	3.07869
-2.24405	-0.985206	3.06081
-2.25914	-0.983851	3.04273
-2.27449	-0.982191	3.02454
-2.28996	-0.980233	3.00623
-2.30037	-0.978753	2.99385
-2.32095	-0.975445	2.96703
-2.33671	-0.972518	2.94844
-2.3581	-0.968064	2.92348
-2.36858	-0.965675	2.91115
-2.38971	-0.960444	2.88604
-2.40003	-0.957687	2.87486
-2.42118	-0.951639	2.84898
-2.43148	-0.948454	2.83371
-2.45286	-0.941355	2.80787
-2.46343	-0.937617	2.79519
-2.47961	-0.931608	2.77596
-2.49567	-0.925303	2.75881
-2.51204	-0.918533	2.73959
-2.52829	-0.911441	2.71923
-2.54447	-0.903962	2.69833
-2.56075	-0.896041	2.67864
-2.577	-0.887737	2.65909
-2.5932	-0.879054	2.63953
-2.60934	-0.869991	2.61987
-2.62539	-0.860555	2.59992
-2.64126	-0.850775	2.57832
-2.65711	-0.840551	2.55837
-2.67284	-0.829954	2.53879
-2.6885	-0.81895	2.51881
-2.69893	-0.811362	2.50536
-2.71943	-0.795797	2.47837
-2.72961	-0.787723	2.46273
-2.74979	-0.771004	2.43606
-2.75986	-0.762308	2.4225
-2.77484	-0.748927	2.40212
-2.78951	-0.735278	2.38163
-2.79935	-0.725804	2.36785
-2.81852	-0.706562	2.34008
-2.82812	-0.696507	2.32622
-2.84232	-0.681127	2.30551
-2.85615	-0.665497	2.28477
-2.86525	-0.65486	2.27103
-2.88326	-0.63289	2.2432
-2.90075	-0.610272	2.21479
-2.9135	-0.592922	2.1938
