-2.5508e-05	0.000189256	-0.000644583
-1.97673e-05	0.000166176	-0.000680086
-2.38882e-05	0.000147863	-0.000369883
0.0138083	0.00795	0.0083365
0.0530033	0.0390805	0.193693
0.0992973	0.0926258	0.490925
0.13642	0.143795	0.815534
0.185704	0.167433	1.04792
0.242443	0.181264	1.16225
0.307143	0.201919	1.14314
0.378409	0.227426	1.01224
0.443431	0.246901	0.885099
0.504471	0.259265	0.843557
0.579999	0.268451	0.995786
0.647202	0.278608	1.26836
0.705003	0.297656	1.53803
0.763092	0.334809	1.81373
0.808589	0.385009	2.03792
0.842169	0.437696	2.09365
0.88407	0.456897	2.08527
0.906271	0.457873	2.00696
0.931618	0.432099	1.92463
0.945548	0.411472	1.95482
0.955634	0.390436	2.07377
0.962748	0.376402	2.24691
0.959865	0.363672	2.45057
0.942824	0.352217	2.61192
0.924771	0.350387	2.71785
0.90394	0.37868	2.8372
0.89283	0.420485	2.90649
0.887893	0.461787	2.96107
0.892132	0.512101	3.09172
0.89832	0.546904	-3.08971
0.899343	0.561927	-3.0657
0.887895	0.57371	-3.04487
0.882594	0.569538	-2.98933
0.875751	0.558384	-2.90037
0.868607	0.550074	-2.80726
0.853058	0.554979	-2.69431
0.829118	0.573717	-2.60861
0.801886	0.593987	-2.52377
0.784887	0.609971	-2.42918
0.787386	0.614376	-2.32443
0.766297	0.637294	-2.15613
0.721686	0.652468	-1.87693
0.684021	0.662896	-1.67678
0.680978	0.677541	-1.60219
0.690373	0.692323	-1.62467
0.679428	0.705679	-1.6878
0.674054	0.71994	-1.70918
0.696348	0.720209	-1.66365
0.711658	0.72944	-1.58503
0.709783	0.743627	-1.45456
0.713744	0.765538	-1.32677
0.709053	0.7903	-1.18923
0.694245	0.81245	-1.05945
0.66939	0.829	-0.941559
0.638263	0.835554	-0.809392
0.602303	0.816114	-0.670877
0.570628	0.782207	-0.531197
0.545466	0.747347	-0.416296
0.533036	0.732548	-0.355029
0.541949	0.752999	-0.361819
0.534353	0.789044	-0.303935
0.54731	0.844347	-0.169067
0.557131	0.888856	-0.00412356
0.551504	0.921744	0.155669
0.534537	0.934656	0.27141
0.522366	0.936639	0.305554
0.508556	0.925878	0.340727
0.477595	0.92735	0.401045
0.432431	0.923372	0.506543
0.396549	0.920329	0.654498
0.373315	0.918659	0.791821
0.354863	0.920214	0.954804
0.35134	0.931348	1.08194
0.357989	0.935999	1.13429
0.365936	0.939848	1.13091
0.36638	0.936407	1.11889
0.361161	0.941128	1.14214
0.34885	0.944338	1.22272
0.326142	0.950396	1.39208
0.307072	0.959425	1.58041
0.288627	0.959533	1.73859
0.267192	0.952935	1.85015
0.244737	0.93573	1.898
0.226206	0.915756	1.91417
0.209295	0.900843	1.93792
0.196179	0.898401	1.98084
0.181717	0.91129	2.08619
0.16906	0.929801	2.19052
0.141187	0.9656	2.37142
0.115096	0.993837	2.51258
0.0952163	1.00974	2.6248
0.0781785	1.0133	2.69695
0.066257	1.00865	2.75031
0.056865	1.00215	2.79379
0.0428743	0.994109	2.86383
0.0283378	0.987454	2.96172
0.0188319	0.980937	3.07186
0.00949414	0.977609	-3.10989
-0.0062966	0.980433	-2.98768
-0.0245737	0.977848	-2.82699
-0.0604133	0.97197	-2.63517
-0.0830382	0.979962	-2.58411
-0.0918745	0.999245	-2.58417
-0.0768077	1.03475	-2.5707
-0.0738766	1.05475	-2.52483
-0.0797265	1.06246	-2.38998
-0.102871	1.0293	-2.06621
-0.121824	0.986496	-1.83434
-0.136821	0.971799	-1.78421
-0.168832	0.960497	-1.79118
-0.20971	0.966065	-1.81027
-0.252602	0.973937	-1.80478
-0.284114	0.964784	-1.75785
-0.296453	0.941236	-1.56945
-0.299277	0.944219	-1.20041
-0.277993	0.930201	-1.0202
-0.264438	0.944334	-0.937955
-0.253957	0.933165	-0.944205
-0.274184	0.916205	-1.01473
-0.308753	0.90591	-1.04805
-0.33571	0.894032	-1.02991
-0.360246	0.886172	-0.945442
-0.37852	0.890168	-0.848846
-0.421309	0.896102	-0.673749
-0.45093	0.899706	-0.441326
-0.493877	0.893111	-0.193697
-0.522856	0.876383	-0.0294866
-0.534221	0.861102	0.0183137
-0.528993	0.863282	-0.0318803
-0.515272	0.872561	-0.0843792
-0.490106	0.870255	-0.0583671
-0.472034	0.868092	0.0589239
-0.466836	0.869154	0.269775
-0.493092	0.867531	0.478733
-0.536942	0.858942	0.620509
-0.572496	0.840677	0.710262
-0.597787	0.810298	0.768753
-0.600073	0.766101	0.832608
-0.62631	0.742704	0.871136
-0.639331	0.749741	0.891834
-0.638325	0.759482	0.945312
-0.632544	0.773384	1.04062
-0.629863	0.781427	1.17345
-0.631331	0.778172	1.31097
-0.634162	0.764496	1.4437
-0.637675	0.74892	1.53076
-0.647769	0.719627	1.59418
-0.66171	0.697364	1.62009
-0.673179	0.676449	1.68235
-0.686612	0.664581	1.77415
-0.700517	0.65749	1.93722
-0.715722	0.64942	2.1274
-0.729055	0.647672	2.24975
-0.740144	0.647902	2.32222
-0.743125	0.650679	2.2962
-0.764066	0.64646	2.30146
-0.786536	0.631856	2.35665
-0.805818	0.603	2.48724
-0.817983	0.568632	2.64857
-0.823447	0.525674	2.80629
-0.824369	0.497558	2.91938
-0.827629	0.489914	3.0233
-0.843224	0.517972	-3.13229
-0.863613	0.55306	-2.97292
-0.871435	0.564383	-2.8873
-0.851138	0.554755	-2.84349
-0.8204	0.543401	-2.80273
-0.822685	0.493683	-2.86559
-0.847077	0.4405	-2.85791
-0.870637	0.39825	-2.77789
-0.89291	0.359471	-2.66955
-0.91817	0.32581	-2.46616
-0.951821	0.284112	-2.12255
-0.971544	0.24503	-1.85139
-0.978083	0.203576	-1.5532
-0.972414	0.206679	-1.40704
-0.97151	0.244743	-1.49642
-0.962441	0.278738	-1.68642
-0.951487	0.293168	-1.84138
-0.953311	0.290431	-1.84897
-0.956138	0.285594	-1.79299
-0.951697	0.243641	-1.50439
-0.940513	0.199181	-1.21986
-0.921586	0.164831	-0.913957
-0.905935	0.129806	-0.707332
-0.919099	0.113433	-0.711769
-0.940956	0.0946947	-0.798091
-0.9666	0.0800734	-0.922382
-0.986533	0.0697526	-0.955068
-1.00568	0.0699192	-0.899091
-1.01776	0.102952	-0.720524
-1.03026	0.160562	-0.367411
-1.03822	0.209806	-0.116549
-1.0404	0.236638	0.048401
-1.03171	0.24384	0.114526
-1.01552	0.206735	0.0433539
-1.00384	0.160565	-0.00151532
-1.02021	0.117525	0.0393117
-1.02076	0.0737087	0.107074
-1.01488	0.0359137	0.273683
-1.01132	-0.00243901	0.466613
-1.00262	-0.0404546	0.6492
-0.976744	-0.0785771	0.778876
-0.955254	-0.122708	0.849713
-0.943675	-0.165738	0.789533
-0.944604	-0.171019	0.743033
-0.964428	-0.160847	0.760465
-0.994769	-0.147208	0.868318
-1.01021	-0.137444	1.02783
-1.01305	-0.137469	1.23635
-0.998204	-0.138673	1.42545
-0.95809	-0.125366	1.62216
-0.935914	-0.135321	1.70685
-0.920736	-0.187708	1.85107
-0.931856	-0.239045	1.89474
-0.94166	-0.284767	1.85882
-0.956493	-0.336262	1.84283
-0.964	-0.377543	1.87602
-0.970482	-0.406896	1.93858
-0.971143	-0.397191	2.05728
-0.970469	-0.379568	2.19378
-0.961688	-0.356946	2.35384
-0.94293	-0.345069	2.47098
-0.924589	-0.341657	2.54784
-0.910171	-0.355572	2.6201
-0.903261	-0.377515	2.69414
-0.901212	-0.419619	2.82915
-0.899256	-0.469106	3.0258
-0.897153	-0.510955	-3.11519
-0.898392	-0.533087	-3.06966
-0.900872	-0.530091	-3.05616
-0.888004	-0.501392	-2.99927
-0.880669	-0.491318	-2.9675
-0.867151	-0.492966	-2.89816
-0.84562	-0.517375	-2.82033
-0.821798	-0.542321	-2.74027
-0.797884	-0.569629	-2.64518
-0.781281	-0.597496	-2.55694
-0.769571	-0.628307	-2.47075
-0.759591	-0.658242	-2.36477
-0.745044	-0.677225	-2.25417
-0.700595	-0.686372	-1.97759
-0.696613	-0.683179	-1.74671
-0.681986	-0.671247	-1.46654
-0.70503	-0.667951	-1.37171
-0.720892	-0.672038	-1.39176
-0.709894	-0.696947	-1.49779
-0.696836	-0.722727	-1.56263
-0.688684	-0.753626	-1.55234
-0.696161	-0.77956	-1.49326
-0.703921	-0.798583	-1.40645
-0.709115	-0.812604	-1.27115
-0.713768	-0.828355	-1.10393
-0.736134	-0.858778	-0.894338
-0.73348	-0.861253	-0.61223
-0.712788	-0.83319	-0.452993
-0.673326	-0.794721	-0.385639
-0.621595	-0.768186	-0.402873
-0.559876	-0.743804	-0.435349
-0.522317	-0.747236	-0.423392
-0.496349	-0.774753	-0.364075
-0.496274	-0.820678	-0.172167
-0.508804	-0.859241	0.009626
-0.5128	-0.872856	0.154697
-0.502447	-0.881588	0.259556
-0.481362	-0.891304	0.321617
-0.447254	-0.884066	0.379593
-0.432729	-0.893952	0.42525
-0.415838	-0.909069	0.501709
-0.399613	-0.914176	0.619657
-0.385528	-0.917927	0.753931
-0.371852	-0.923772	0.932658
-0.374022	-0.938893	1.07576
-0.373486	-0.943718	1.13843
-0.37003	-0.941318	1.15752
-0.35991	-0.93716	1.1704
-0.339079	-0.935349	1.22341
-0.320443	-0.936934	1.29721
-0.300225	-0.939715	1.41672
-0.281241	-0.942408	1.53699
-0.261622	-0.944353	1.66858
-0.246218	-0.943393	1.75814
-0.227523	-0.936552	1.83416
-0.212749	-0.927593	1.89315
-0.201577	-0.921116	1.94886
-0.194004	-0.91201	2.09716
-0.191967	-0.899072	2.28916
-0.186044	-0.905398	2.37634
-0.164479	-0.934983	2.46639
-0.143145	-0.979632	2.53646
-0.119586	-1.00803	2.56227
-0.0830012	-1.03764	2.62617
-0.042063	-1.05826	2.76473
-0.0212839	-1.05379	2.8736
-0.0101357	-1.03949	2.95227
0.00142308	-1.0146	3.04088
0.0136252	-0.995291	3.10963
0.0296704	-0.982574	-3.11498
0.0285138	-0.982359	-3.0436
0.0224117	-0.991456	-2.98001
0.0353212	-1.00049	-2.91341
0.0598421	-1.00655	-2.82495
0.0926795	-1.00153	-2.68272
0.1251	-0.985665	-2.40391
0.139051	-0.990855	-2.23698
0.152355	-0.977475	-2.12549
0.157178	-0.991364	-2.07876
0.16367	-1.00287	-2.04656
0.1755	-0.998973	-2.02785
0.190268	-1.0142	-1.98528
0.209176	-1.02527	-1.93503
0.231695	-1.03521	-1.8699
0.255963	-1.03697	-1.79101
0.279081	-1.03165	-1.69658
0.309431	-1.0349	-1.60904
0.344157	-1.06214	-1.48592
0.366018	-1.06005	-1.33085
0.374638	-1.04488	-1.22956
0.366515	-1.01385	-1.12593
0.352498	-0.977655	-1.03223
0.356331	-0.95045	-0.897759
0.3756	-0.911943	-0.731573
0.3837	-0.866679	-0.625099
0.414687	-0.842149	-0.505094
0.42909	-0.840249	-0.431767
0.434929	-0.85404	-0.359463
0.442855	-0.877265	-0.291828
0.45445	-0.896392	-0.196636
0.452439	-0.903189	-0.125189
0.463257	-0.885328	-0.0209084
0.484079	-0.849602	0.122003
0.498661	-0.830147	0.233956
0.511484	-0.819867	0.343933
0.549661	-0.801977	0.416231
0.578317	-0.795726	0.491208
0.604464	-0.794264	0.57038
0.615316	-0.801349	0.604696
0.60163	-0.817056	0.65118
0.590628	-0.833512	0.762197
0.594639	-0.826529	0.939584
0.607022	-0.804226	1.12915
0.626862	-0.774387	1.30662
0.655011	-0.741461	1.40992
0.666728	-0.718219	1.42631
0.662941	-0.702164	1.41753
0.652772	-0.697635	1.41538
0.637457	-0.704693	1.42169
0.637749	-0.71581	1.49343
0.647063	-0.718089	1.68791
0.664552	-0.706244	1.84589
0.689921	-0.6811	2.02597
0.720051	-0.645035	2.14957
0.741265	-0.614481	2.20066
0.768544	-0.59652	2.253
0.800723	-0.585473	2.31976
0.814629	-0.594826	2.37123
0.814536	-0.610264	2.44568
0.815084	-0.607888	2.51414
0.810839	-0.595021	2.62303
0.805877	-0.575267	2.73738
0.805004	-0.543144	2.87338
0.810268	-0.516869	2.97718
0.823823	-0.504752	3.06032
0.840729	-0.504493	3.13145
0.864228	-0.500556	-3.03398
0.884822	-0.499582	-2.92888
0.908581	-0.490599	-2.81524
0.935897	-0.467465	-2.75099
0.955115	-0.444487	-2.69683
0.973029	-0.410764	-2.63578
0.97017	-0.395487	-2.6022
0.963573	-0.38806	-2.52773
0.95183	-0.38942	-2.42986
0.951668	-0.380361	-2.3557
0.966351	-0.334225	-2.07954
0.970845	-0.28571	-1.81083
0.969329	-0.238058	-1.50562
0.972603	-0.243386	-1.42656
0.967934	-0.269808	-1.39467
0.966517	-0.263738	-1.47621
0.966194	-0.247585	-1.52372
0.965972	-0.215593	-1.53833
0.984148	-0.205634	-1.50599
0.996373	-0.194505	-1.40634
0.994321	-0.172699	-1.26205
1.00305	-0.165613	-1.17178
1.00769	-0.154283	-1.07731
1.0145	-0.162975	-0.927363
1.00877	-0.192312	-0.719544
1.00562	-0.223	-0.504466
1.00435	-0.244519	-0.336251
1.00583	-0.241821	-0.258972
1.00526	-0.220817	-0.19971
0.997426	-0.206545	-0.0847691
0.983615	-0.231046	-0.103133
0.977177	-0.214345	-0.236548
0.985556	-0.171744	-0.231287
1.0173	-0.128042	-0.0685225
1.02137	-0.0804582	0.217312
1.00587	-0.0351117	0.507827
0.987593	0.0024518	0.719614
0.971941	0.0394317	0.786969
0.95493	0.0834349	0.702131
0.956254	0.140211	0.582369
0.967508	0.185113	0.493158
0.983734	0.201342	0.509249
1.00174	0.189376	0.67388
1.00834	0.166802	0.949726
1.00996	0.148471	1.15904
1.00185	0.135192	1.39305
0.99476	0.138619	1.47365
0.976829	0.145135	1.50966
0.962843	0.167968	1.53566
0.955586	0.212275	1.62095
0.953286	0.256745	1.69966
0.950866	0.295736	1.78044
0.952211	0.333157	1.9046
0.955065	0.335246	1.95157
0.959846	0.322371	2.01781
0.962638	0.302362	2.11378
0.963394	0.289831	2.21091
0.959287	0.289359	2.31192
0.937921	0.306577	2.44999
0.916025	0.326795	2.51827
0.894444	0.375124	2.64215
0.88929	0.416255	2.73205
0.891866	0.472768	2.85053
0.906018	0.493616	2.91674
