1.28907e-05	0.000188305	-0.000649284
-1.71309e-05	0.000158291	-0.000698582
0.00582328	0.00339077	-0.00808488
0.0450004	0.031682	0.127935
0.0848614	0.0720609	0.352681
0.121653	0.12594	0.616114
0.152862	0.174262	0.8721
0.206481	0.195134	1.01789
0.270704	0.209338	1.06806
0.336562	0.226229	1.0334
0.403187	0.243556	0.954535
0.478109	0.259025	0.85993
0.547072	0.267931	0.832368
0.608117	0.272477	0.879
0.684386	0.279327	1.03334
0.752312	0.291253	1.23007
0.817589	0.312684	1.44483
0.874554	0.344783	1.65174
0.930872	0.388606	1.88506
0.9678	0.420988	2.06054
1.00046	0.438616	2.18967
1.01419	0.438364	2.2648
1.01137	0.412792	2.34097
0.987646	0.38654	2.35931
0.944375	0.360377	2.40191
0.901654	0.348932	2.44313
0.856085	0.356562	2.56884
0.836023	0.382056	2.6782
0.828331	0.421063	2.7812
0.825708	0.470192	2.87809
0.835039	0.510279	3.01754
0.849632	0.541481	3.14085
0.865192	0.558757	-3.04048
0.876394	0.564626	-2.96409
0.879054	0.566086	-2.9466
0.87933	0.549341	-2.97279
0.866471	0.539439	-2.97212
0.848448	0.529355	-2.95061
0.824176	0.530895	-2.88502
0.801404	0.545915	-2.79538
0.78239	0.571011	-2.68577
0.769777	0.599852	-2.57657
0.761644	0.635894	-2.43971
0.759967	0.660446	-2.34555
0.762661	0.682929	-2.24093
0.770307	0.694294	-2.12557
0.772826	0.694595	-2.02782
0.769714	0.68826	-1.93992
0.757488	0.679434	-1.85115
0.738922	0.674074	-1.77418
0.7087	0.67627	-1.68089
0.688313	0.695813	-1.60415
0.6643	0.720069	-1.5184
0.64528	0.746296	-1.42321
0.63067	0.77061	-1.32849
0.621422	0.791654	-1.21261
0.619353	0.804756	-1.12107
0.622065	0.812533	-1.01626
0.626069	0.816046	-0.916755
0.625419	0.816059	-0.808103
0.616656	0.81508	-0.701222
0.597329	0.815907	-0.59714
0.571094	0.820816	-0.490282
0.540105	0.831117	-0.400163
0.522752	0.850532	-0.325608
0.513162	0.874134	-0.257608
0.508709	0.896589	-0.168866
0.497033	0.911924	-0.0379631
0.483132	0.917235	0.11051
0.479233	0.920546	0.20401
0.463503	0.912694	0.311925
0.443765	0.904434	0.412794
0.417548	0.897189	0.52702
0.395874	0.896627	0.622495
0.372158	0.905636	0.75468
0.365357	0.921908	0.853098
0.360261	0.948077	0.976565
0.355427	0.970682	1.07386
0.339341	0.989481	1.17882
0.318218	0.996742	1.26474
0.297097	0.998925	1.36449
0.27337	0.997708	1.46063
0.249227	0.989545	1.56221
0.232882	0.984644	1.68093
0.220189	0.981013	1.80163
0.209748	0.976657	1.92867
0.195752	0.978457	2.04571
0.182302	0.977403	2.14048
0.169346	0.975402	2.20593
0.156618	0.974606	2.28198
0.148531	0.978395	2.34638
0.135694	0.985106	2.40559
0.119818	0.994927	2.47161
0.0933512	1.00876	2.57226
0.0656276	1.02067	2.6728
0.045245	1.02251	2.76897
0.0301025	1.01599	2.87448
0.0256855	1.00493	2.95836
0.0272339	0.989081	3.06558
0.0311576	0.98016	-3.13157
0.0266428	0.97403	-3.04245
0.00459039	0.974999	-2.9619
-0.0313713	0.981734	-2.93162
-0.0738047	0.993054	-2.90087
-0.114601	1.00713	-2.874
-0.145304	1.01845	-2.81649
-0.157866	1.02245	-2.74113
-0.157663	1.01788	-2.58934
-0.148562	1.00762	-2.473
-0.138469	0.993816	-2.36493
-0.13613	0.981257	-2.28687
-0.146398	0.973369	-2.21497
-0.165879	0.971356	-2.15095
-0.19965	0.973286	-2.06811
-0.233643	0.9807	-1.99526
-0.264715	0.988675	-1.90545
-0.291109	0.99611	-1.81658
-0.308448	0.999391	-1.72087
-0.31711	0.992404	-1.66125
-0.32135	0.97212	-1.55983
-0.325263	0.944207	-1.50013
-0.331934	0.912777	-1.4484
-0.344488	0.884811	-1.39123
-0.361122	0.866697	-1.3156
-0.382112	0.858058	-1.21522
-0.405642	0.858179	-1.10583
-0.43015	0.863674	-0.992505
-0.453459	0.873087	-0.874879
-0.474433	0.901307	-0.684987
-0.485755	0.922986	-0.507642
-0.491957	0.938674	-0.330883
-0.488326	0.936676	-0.186153
-0.478874	0.914456	-0.0547003
-0.472646	0.882072	0.0415582
-0.477282	0.838944	0.133583
-0.498529	0.796577	0.211479
-0.532754	0.766812	0.290808
-0.568885	0.764305	0.366954
-0.603744	0.783323	0.449415
-0.630311	0.810307	0.514034
-0.656696	0.850624	0.60568
-0.673576	0.88316	0.696588
-0.682528	0.903256	0.79648
-0.673575	0.887707	0.866863
-0.655759	0.837389	1.03659
-0.642634	0.783802	1.17217
-0.625602	0.718403	1.31056
-0.630634	0.684003	1.42122
-0.652968	0.650749	1.51528
-0.68707	0.635431	1.60636
-0.727739	0.636377	1.6989
-0.771924	0.64977	1.79064
-0.804202	0.665099	1.88296
-0.829129	0.679295	1.99102
-0.835009	0.684953	2.08977
-0.823503	0.678007	2.19631
-0.796997	0.655758	2.2969
-0.774378	0.623868	2.38707
-0.762518	0.586066	2.46927
-0.766582	0.549074	2.52825
-0.789042	0.517634	2.57836
-0.830043	0.49622	2.63363
-0.888446	0.481585	2.7494
-0.929776	0.480206	2.86723
-0.954392	0.485524	2.99889
-0.952803	0.498519	3.11301
-0.932859	0.510948	-3.08272
-0.932404	0.513243	-3.05673
-0.93326	0.501984	-2.97843
-0.925394	0.493	-2.95258
-0.916325	0.470256	-2.92441
-0.91134	0.438915	-2.90357
-0.911349	0.407943	-2.86259
-0.907439	0.381355	-2.77584
-0.906567	0.364029	-2.62514
-0.909997	0.366616	-2.48687
-0.916252	0.366311	-2.3286
-0.928706	0.364846	-2.19616
-0.938479	0.358985	-2.10365
-0.948815	0.347182	-2.02271
-0.957092	0.330415	-1.95612
-0.962532	0.308423	-1.89698
-0.9669	0.28155	-1.8258
-0.973662	0.267786	-1.76422
-0.97663	0.245904	-1.67439
-0.978234	0.223597	-1.56809
-0.984516	0.211558	-1.49428
-0.985116	0.191615	-1.37451
-0.991969	0.177932	-1.29263
-0.989557	0.159932	-1.17971
-0.985411	0.142469	-1.05583
-0.97932	0.124953	-0.940566
-0.975473	0.10777	-0.826177
-0.976532	0.090338	-0.700906
-0.988548	0.0709209	-0.636058
-1.00586	0.0563329	-0.570815
-1.02733	0.0475496	-0.499104
-1.0447	0.0411139	-0.416739
-1.05332	0.0353356	-0.343295
-1.04988	0.0245608	-0.213166
-1.04142	0.0132415	-0.100539
-1.02834	-0.000521096	0.00854081
-1.0142	-0.0187449	0.127129
-0.988287	-0.0489522	0.266633
-0.959375	-0.0890675	0.433348
-0.940952	-0.123305	0.566796
-0.936233	-0.162071	0.701652
-0.959723	-0.183254	0.778413
-0.995398	-0.198734	0.851654
-1.03126	-0.210593	0.934037
-1.05587	-0.214639	1.01238
-1.06816	-0.209213	1.08313
-1.0699	-0.200626	1.19329
-1.05866	-0.198	1.30048
-1.03676	-0.204558	1.42144
-0.996423	-0.219269	1.54409
-0.946338	-0.246002	1.68355
-0.904635	-0.275542	1.7743
-0.873973	-0.310865	1.84206
-0.866082	-0.35141	1.92008
-0.873966	-0.383249	2.00944
-0.895135	-0.415063	2.11135
-0.917331	-0.43266	2.21022
-0.938204	-0.440083	2.31367
-0.952358	-0.439289	2.41228
-0.954907	-0.435012	2.52568
-0.947293	-0.441384	2.64057
-0.921286	-0.438242	2.73277
-0.893948	-0.438652	2.80473
-0.871821	-0.443009	2.90511
-0.860069	-0.454311	2.98001
-0.853124	-0.477755	3.07922
-0.85256	-0.50262	-3.13216
-0.85411	-0.537069	-3.04529
-0.877065	-0.563546	-2.97332
-0.878908	-0.579248	-2.95492
-0.867846	-0.58765	-2.94751
-0.844414	-0.590547	-2.93415
-0.820933	-0.581601	-2.87847
-0.798234	-0.570323	-2.78342
-0.785098	-0.56561	-2.67851
-0.772754	-0.569624	-2.56375
-0.767253	-0.590352	-2.44883
-0.765663	-0.618125	-2.34364
-0.764149	-0.648153	-2.24139
-0.762965	-0.673683	-2.15511
-0.760783	-0.698539	-2.06466
-0.755276	-0.711104	-1.97955
-0.744719	-0.714616	-1.90572
-0.728685	-0.710388	-1.82177
-0.708352	-0.703698	-1.72102
-0.683519	-0.699303	-1.58808
-0.664286	-0.702315	-1.49776
-0.644841	-0.717816	-1.37492
-0.636565	-0.739409	-1.29636
-0.627344	-0.769612	-1.19614
-0.624203	-0.797324	-1.09986
-0.622617	-0.820172	-1.00098
-0.621635	-0.835422	-0.889657
-0.617078	-0.83925	-0.776461
-0.610441	-0.837721	-0.696616
-0.600551	-0.848032	-0.613348
-0.590899	-0.860792	-0.545055
-0.579135	-0.87522	-0.476317
-0.563171	-0.887797	-0.39662
-0.547823	-0.89423	-0.31526
-0.530497	-0.896364	-0.206153
-0.50212	-0.886127	-0.0510132
-0.470456	-0.872115	0.118997
-0.457583	-0.870762	0.244659
-0.436981	-0.873983	0.369911
-0.417664	-0.887125	0.473907
-0.403875	-0.904486	0.560957
-0.389156	-0.92748	0.667507
-0.379577	-0.945512	0.754637
-0.377926	-0.964157	0.843921
-0.3793	-0.979978	0.947126
-0.378747	-0.992593	1.05643
-0.37278	-1.00196	1.18321
-0.35591	-1.00767	1.32292
-0.330402	-1.00756	1.43446
-0.292695	-0.992477	1.52206
-0.262223	-0.981417	1.64221
-0.237251	-0.974463	1.75922
-0.217653	-0.96945	1.87466
-0.204754	-0.959218	1.96836
-0.19041	-0.954342	2.05749
-0.18264	-0.956088	2.13446
-0.170769	-0.965544	2.1939
-0.160815	-0.977286	2.25137
-0.14773	-0.992694	2.31385
-0.129739	-1.00706	2.40062
-0.110408	-1.01583	2.49257
-0.0909476	-1.01778	2.59753
-0.0741351	-1.01381	2.69469
-0.060023	-1.00468	2.80217
-0.051719	-0.996847	2.89373
-0.0468861	-0.990392	2.97533
-0.0414879	-0.987428	3.05877
-0.0249215	-0.990881	3.13839
-0.0249319	-0.991915	-3.06289
-0.0202106	-0.98378	-2.99179
0.00668018	-0.961832	-2.91781
0.0405946	-0.960193	-2.89946
0.0839088	-0.967097	-2.85978
0.127088	-0.985764	-2.80098
0.16157	-1.00384	-2.73153
0.181177	-1.0184	-2.63114
0.184319	-1.02414	-2.5338
0.176111	-1.02007	-2.43584
0.163232	-1.00882	-2.328
0.154837	-0.993544	-2.21104
0.15649	-0.978456	-2.12504
0.174371	-0.965045	-2.00505
0.198943	-0.960052	-1.92177
0.231938	-0.958507	-1.84178
0.264832	-0.961473	-1.7669
0.295076	-0.965179	-1.72107
0.319483	-0.964966	-1.66492
0.341272	-0.960187	-1.55819
0.353191	-0.95582	-1.46677
0.360446	-0.935464	-1.40724
0.366045	-0.917298	-1.35279
0.372425	-0.90069	-1.27811
0.380686	-0.888325	-1.22061
0.39706	-0.877162	-1.12539
0.41669	-0.88966	-0.939474
0.436895	-0.905304	-0.751084
0.458651	-0.920859	-0.577004
0.474901	-0.927807	-0.420252
0.483558	-0.919123	-0.263716
0.485457	-0.903213	-0.154182
0.484849	-0.878159	-0.059085
0.4882	-0.854612	0.0198466
0.49956	-0.82991	0.106433
0.521762	-0.811987	0.194367
0.549369	-0.811361	0.267786
0.576604	-0.824527	0.339915
0.601636	-0.844052	0.414167
0.6221	-0.864867	0.497678
0.639186	-0.883007	0.602887
0.649452	-0.890401	0.695706
0.65755	-0.884968	0.834604
0.655951	-0.847883	0.956491
0.648508	-0.794551	1.07785
0.641151	-0.735948	1.20039
0.640947	-0.683009	1.32414
0.654032	-0.645363	1.39103
0.677695	-0.628081	1.45337
0.708737	-0.634634	1.54762
0.745901	-0.658138	1.66609
0.778962	-0.684551	1.77685
0.804713	-0.704004	1.90593
0.81442	-0.708725	2.01078
0.808776	-0.69629	2.13369
0.798724	-0.673215	2.23451
0.780931	-0.637029	2.33282
0.768596	-0.596594	2.39634
0.767559	-0.558381	2.47356
0.781265	-0.52864	2.55334
0.809921	-0.511688	2.64457
0.846747	-0.506072	2.72789
0.883431	-0.508337	2.81411
0.91307	-0.515403	2.91974
0.922942	-0.521201	3.02566
0.917931	-0.522321	3.11923
0.898467	-0.516339	-3.05463
0.902876	-0.502938	-2.99082
0.916789	-0.489164	-2.92657
0.921045	-0.471585	-2.93587
0.92482	-0.450421	-2.9369
0.927257	-0.426692	-2.9253
0.930938	-0.400816	-2.88876
0.936636	-0.374006	-2.8321
0.943514	-0.34708	-2.74562
0.942329	-0.341726	-2.63655
0.938968	-0.344821	-2.45245
0.935483	-0.353332	-2.29645
0.933901	-0.358317	-2.12787
0.934245	-0.355034	-2.01968
0.937151	-0.344338	-1.95155
0.948428	-0.330761	-1.89548
0.959211	-0.303762	-1.83412
0.97008	-0.269327	-1.75872
0.977596	-0.231808	-1.66535
0.981128	-0.197425	-1.55494
0.981002	-0.169488	-1.4262
0.979076	-0.157614	-1.32011
0.978206	-0.153266	-1.19706
0.980386	-0.156753	-1.08484
0.98431	-0.158474	-0.994116
0.996573	-0.15299	-0.920721
1.00956	-0.139609	-0.856018
1.02548	-0.118112	-0.792682
1.03764	-0.0937699	-0.723456
1.04583	-0.0678386	-0.637468
1.04733	-0.0464084	-0.557856
1.0415	-0.0230238	-0.441757
1.02584	-0.0186163	-0.338021
0.998709	-0.0077383	-0.1756
0.976421	-0.000162848	-0.0260108
0.95565	0.0158839	0.14612
0.952403	0.0412741	0.233174
0.961001	0.0758699	0.349886
0.982694	0.118271	0.452709
1.00916	0.159088	0.599869
1.03756	0.180329	0.664091
1.06269	0.187452	0.728823
1.07757	0.185508	0.803688
1.07575	0.174546	0.893215
1.06559	0.162494	1.00144
1.0489	0.156094	1.14455
1.02752	0.161465	1.25309
1.00461	0.182931	1.35454
0.965207	0.220423	1.44572
0.933009	0.259258	1.5317
0.905167	0.306526	1.62636
0.897727	0.340492	1.7195
0.906545	0.373549	1.84103
0.923463	0.388948	1.93287
0.949409	0.391655	2.04245
0.971128	0.385193	2.14898
0.98091	0.379803	2.24029
0.973223	0.37566	2.33512
