-2.32204e-05	0.000189276	-0.00064507
-1.86512e-05	0.000156539	-0.000696112
0.01128	0.00502745	0.0569719
0.0469108	0.0195278	0.231277
0.0916272	0.0415861	0.456584
0.134522	0.065205	0.687313
0.180809	0.0854443	0.861276
0.235698	0.0997857	0.956496
0.308029	0.113061	0.978943
0.3754	0.125874	0.95846
0.428129	0.135739	0.943705
0.503428	0.14903	0.97593
0.575234	0.163687	1.10602
0.642295	0.185622	1.3166
0.68366	0.205277	1.48598
0.734001	0.236929	1.70381
0.762229	0.258606	1.79092
0.788407	0.279623	1.83348
0.81085	0.295462	1.82624
0.829798	0.307785	1.82863
0.847968	0.320033	1.88265
0.862114	0.331496	1.99149
0.872873	0.342136	2.14011
0.881902	0.356939	2.32958
0.886841	0.369112	2.4626
0.889144	0.384017	2.58978
0.889855	0.396444	2.6654
0.889199	0.408396	2.70897
0.887836	0.421099	2.74578
0.886464	0.429976	2.79259
0.88394	0.444612	2.89184
0.880971	0.456515	3.00189
0.877177	0.468513	-3.12335
0.872865	0.4789	-3.01951
0.866073	0.492536	-2.92588
0.859194	0.504636	-2.83646
0.851482	0.516423	-2.74953
0.843565	0.528763	-2.66469
0.836496	0.539416	-2.5877
0.828968	0.551758	-2.49955
0.819822	0.566134	-2.41102
0.810891	0.580531	-2.30901
0.804553	0.590981	-2.21947
0.795239	0.605571	-2.10591
0.785797	0.618193	-2.01518
0.77462	0.631878	-1.90578
0.76398	0.64391	-1.81118
0.753694	0.654502	-1.72222
0.7411	0.666711	-1.61144
0.728399	0.67863	-1.50709
0.716951	0.689831	-1.4176
0.705057	0.700656	-1.32968
0.694976	0.709486	-1.25675
0.683098	0.719731	-1.17852
0.671364	0.729725	-1.09289
0.659288	0.739471	-0.998239
0.648623	0.748413	-0.91448
0.634184	0.760885	-0.776014
0.624046	0.769598	-0.689364
0.609911	0.780138	-0.565668
0.599298	0.788061	-0.477588
0.588008	0.795828	-0.401674
0.573122	0.80598	-0.295336
0.561449	0.814463	-0.213349
0.548698	0.823564	-0.121756
0.535233	0.833192	-0.0227165
0.523201	0.841855	0.0602438
0.510111	0.850173	0.137269
0.498745	0.85796	0.214327
0.484941	0.868003	0.324641
0.472596	0.876973	0.433666
0.4609	0.884263	0.522173
0.448164	0.891103	0.61608
0.434265	0.897682	0.715634
0.418211	0.904822	0.832604
0.401697	0.911227	0.957785
0.390231	0.91532	1.03326
0.375353	0.920816	1.11884
0.358526	0.926522	1.20561
0.343679	0.931229	1.28411
0.328395	0.936279	1.3693
0.312451	0.942545	1.48682
0.29788	0.947286	1.59537
0.283096	0.951713	1.69376
0.270053	0.955407	1.78778
0.253768	0.960151	1.87408
0.239086	0.963743	1.95236
0.222448	0.968393	2.04948
0.209242	0.971867	2.12434
0.19315	0.976766	2.23343
0.178557	0.980132	2.32772
0.163157	0.983242	2.43943
0.148647	0.98589	2.54218
0.135615	0.988138	2.62215
0.119408	0.990547	2.70829
0.105156	0.992528	2.78531
0.0920636	0.99423	2.87492
0.0759875	0.995741	2.97664
0.0590112	0.996137	3.08369
0.047119	0.996046	-3.11742
0.0288064	0.995301	-3.0134
0.0156272	0.995094	-2.95358
-0.00405223	0.995206	-2.83589
-0.017901	0.995175	-2.74947
-0.0353829	0.994397	-2.62148
-0.0498923	0.993775	-2.52974
-0.06422	0.992456	-2.44115
-0.0818892	0.990343	-2.34594
-0.0982436	0.989122	-2.25925
-0.114438	0.98742	-2.15848
-0.128413	0.985589	-2.08866
-0.147561	0.982896	-1.97051
-0.161475	0.98079	-1.8868
-0.175434	0.978214	-1.80733
-0.192464	0.975072	-1.70343
-0.206269	0.971911	-1.6271
-0.22563	0.967336	-1.51048
-0.240801	0.96332	-1.41769
-0.258281	0.957382	-1.29783
-0.271507	0.952845	-1.2113
-0.286228	0.947922	-1.12487
-0.302315	0.942317	-1.03433
-0.315345	0.937752	-0.956338
-0.331294	0.932509	-0.848719
-0.345846	0.927265	-0.758387
-0.360241	0.921346	-0.663184
-0.374454	0.915039	-0.557102
-0.387823	0.908636	-0.453791
-0.401941	0.902592	-0.363684
-0.415657	0.896551	-0.274111
-0.43109	0.88968	-0.169851
-0.441478	0.884605	-0.0903733
-0.45534	0.878032	-0.0064657
-0.470362	0.870014	0.0862344
-0.48538	0.861637	0.190958
-0.49951	0.854697	0.290295
-0.513197	0.847375	0.393277
-0.5247	0.84074	0.473972
-0.537846	0.833392	0.565424
-0.550155	0.824955	0.671499
-0.562941	0.81673	0.767736
-0.577066	0.807505	0.874081
-0.590478	0.797535	0.990775
-0.601697	0.788888	1.07228
-0.613875	0.779585	1.15919
-0.625727	0.770542	1.23103
-0.638049	0.76105	1.30999
-0.648887	0.752846	1.38407
-0.662453	0.742436	1.49942
-0.673311	0.733454	1.58503
-0.686537	0.72136	1.69608
-0.696767	0.710931	1.77672
-0.709316	0.698866	1.89945
-0.72123	0.68665	2.0188
-0.731428	0.675169	2.12848
-0.73975	0.664719	2.21073
-0.748818	0.654785	2.27216
-0.76024	0.642424	2.34429
-0.770677	0.631212	2.42282
-0.782547	0.6185	2.52975
-0.792658	0.606675	2.6355
-0.801694	0.594556	2.7491
-0.810395	0.582079	2.83748
-0.819981	0.568576	2.94455
-0.828011	0.556725	3.02378
-0.835729	0.543967	3.1012
-0.844786	0.530029	-3.09833
-0.852369	0.518679	-3.04299
-0.862051	0.504426	-2.93478
-0.868504	0.494375	-2.83723
-0.877455	0.479079	-2.70798
-0.884907	0.464703	-2.59276
-0.891681	0.449091	-2.45024
-0.897155	0.434512	-2.35537
-0.901501	0.42259	-2.28747
-0.907928	0.404984	-2.21395
-0.913587	0.390067	-2.15363
-0.920049	0.373339	-2.05575
-0.925698	0.358692	-1.94323
-0.931497	0.344464	-1.83212
-0.936901	0.331425	-1.7378
-0.943101	0.314603	-1.63002
-0.946909	0.302826	-1.56034
-0.951479	0.285853	-1.46236
-0.956461	0.269198	-1.3811
-0.96081	0.253397	-1.2841
-0.96441	0.238065	-1.18109
-0.967849	0.222928	-1.09603
-0.970646	0.209009	-1.01602
-0.97339	0.192219	-0.926992
-0.976574	0.174993	-0.819725
-0.978778	0.161496	-0.722066
-0.98039	0.14651	-0.629162
-0.981823	0.130725	-0.523006
-0.983502	0.115916	-0.430892
-0.985226	0.102387	-0.353192
-0.986939	0.0837036	-0.23039
-0.988067	0.0703395	-0.145388
-0.989286	0.0532381	-0.0410245
-0.990405	0.0381337	0.0444992
-0.99073	0.024962	0.109487
-0.991914	0.00728754	0.199972
-0.993007	-0.00646291	0.277527
-0.994442	-0.0237235	0.391065
-0.995764	-0.0389347	0.507399
-0.995912	-0.0543813	0.612299
-0.994594	-0.0699578	0.71074
-0.992728	-0.0857653	0.808642
-0.990395	-0.100874	0.90393
-0.988021	-0.116204	0.990648
-0.985813	-0.131802	1.07718
-0.983077	-0.14877	1.1736
-0.980429	-0.163992	1.27048
-0.978118	-0.181275	1.38188
-0.975543	-0.196294	1.48166
-0.972481	-0.210891	1.56467
-0.969677	-0.222788	1.62525
-0.966346	-0.239048	1.71609
-0.962429	-0.254028	1.80605
-0.95804	-0.270136	1.91897
-0.953945	-0.285128	2.0369
-0.949041	-0.299905	2.13791
-0.944669	-0.314649	2.23187
-0.940653	-0.32923	2.30603
-0.936545	-0.34406	2.38422
-0.931255	-0.359586	2.49194
-0.926528	-0.372539	2.58229
-0.920077	-0.388158	2.69773
-0.914298	-0.401539	2.79142
-0.908323	-0.414582	2.89115
-0.902012	-0.427099	2.97045
-0.895484	-0.438522	3.03931
-0.887798	-0.452858	3.11659
-0.881132	-0.466708	-3.09764
-0.874016	-0.481639	-3.01868
-0.866373	-0.497692	-2.89725
-0.859795	-0.510135	-2.76937
-0.851466	-0.524072	-2.64195
-0.842557	-0.53733	-2.52967
-0.831592	-0.551231	-2.4258
-0.82353	-0.560723	-2.36903
-0.812218	-0.574355	-2.29536
-0.801409	-0.588288	-2.2042
-0.792145	-0.601114	-2.11659
-0.783242	-0.612407	-2.02252
-0.772306	-0.626393	-1.913
-0.762309	-0.63842	-1.81577
-0.751262	-0.650283	-1.70349
-0.7399	-0.662062	-1.61211
-0.726977	-0.674304	-1.50957
-0.717554	-0.682787	-1.44445
-0.703317	-0.696038	-1.34706
-0.692575	-0.706989	-1.26484
-0.682265	-0.716976	-1.18506
-0.670081	-0.728807	-1.08724
-0.660131	-0.738786	-0.992002
-0.647362	-0.750492	-0.882057
-0.635594	-0.760413	-0.789541
-0.623102	-0.770624	-0.685555
-0.609795	-0.780754	-0.576494
-0.598826	-0.789061	-0.485774
-0.584154	-0.799638	-0.358193
-0.573553	-0.807143	-0.276908
-0.561388	-0.816261	-0.195687
-0.549307	-0.825106	-0.116992
-0.537255	-0.833542	-0.0322934
-0.524414	-0.842018	0.0460889
-0.510981	-0.849825	0.130119
-0.497817	-0.857792	0.233243
-0.483414	-0.867423	0.351788
-0.471346	-0.874369	0.456512
-0.456939	-0.881908	0.560686
-0.442926	-0.889027	0.662043
-0.429643	-0.895062	0.753897
-0.416002	-0.901821	0.834875
-0.40215	-0.908476	0.921229
-0.387005	-0.915128	1.02716
-0.374166	-0.920749	1.10934
-0.360212	-0.926801	1.20737
-0.346662	-0.932614	1.29803
-0.334972	-0.937193	1.37155
-0.31591	-0.944321	1.4912
-0.301381	-0.94957	1.59234
-0.286736	-0.954965	1.69306
-0.271407	-0.95962	1.77587
-0.259574	-0.963018	1.84067
-0.241131	-0.968202	1.94347
-0.226279	-0.97166	2.04362
-0.211086	-0.974986	2.14753
-0.19735	-0.978234	2.23146
-0.180531	-0.981933	2.33476
-0.165426	-0.984551	2.43654
-0.150284	-0.987044	2.52559
-0.135056	-0.989049	2.61549
-0.122112	-0.990843	2.70004
-0.105401	-0.992984	2.79812
-0.0884847	-0.994327	2.89644
-0.0737841	-0.994665	2.98834
-0.0621916	-0.995388	3.05889
-0.0440296	-0.995765	-3.10695
-0.0286135	-0.995895	-3.03161
-0.0161707	-0.9964	-2.96907
0.0041566	-0.996157	-2.83344
0.0188431	-0.995937	-2.73513
0.0364187	-0.995413	-2.60802
0.0501115	-0.995135	-2.5205
0.0641388	-0.994022	-2.44456
0.082679	-0.991644	-2.34343
0.0984134	-0.989655	-2.24364
0.114151	-0.987069	-2.15235
0.128048	-0.985173	-2.07662
0.146013	-0.983169	-1.98073
0.16378	-0.981253	-1.87307
0.176247	-0.979735	-1.78911
0.192093	-0.977051	-1.68098
0.209023	-0.972822	-1.57637
0.22462	-0.968202	-1.49505
0.238607	-0.963984	-1.42317
0.257125	-0.958515	-1.32611
0.270668	-0.954983	-1.24147
0.287903	-0.949952	-1.12624
0.302642	-0.944857	-1.02043
0.317279	-0.939094	-0.92777
0.331551	-0.932942	-0.842239
0.34407	-0.928073	-0.75847
0.359955	-0.921524	-0.661957
0.372223	-0.916516	-0.583462
0.387783	-0.909817	-0.465227
0.401634	-0.903488	-0.369618
0.416864	-0.896919	-0.250687
0.428964	-0.891498	-0.174556
0.444294	-0.883872	-0.063857
0.458796	-0.8766	0.043967
0.470562	-0.870191	0.110748
0.484243	-0.862278	0.182968
0.497755	-0.855556	0.264852
0.51131	-0.849123	0.371353
0.525964	-0.841005	0.48374
0.5373	-0.833675	0.577805
0.549995	-0.825136	0.674998
0.5644	-0.816092	0.772298
0.577567	-0.807654	0.866008
0.590533	-0.798807	0.964742
0.601261	-0.790879	1.0482
0.614984	-0.780592	1.14381
0.627302	-0.77063	1.23565
0.638973	-0.760657	1.33157
0.651464	-0.751154	1.42869
0.663493	-0.741394	1.5268
0.674706	-0.73131	1.61963
0.685995	-0.720615	1.70609
0.698475	-0.709229	1.81049
0.706994	-0.700715	1.87652
0.719152	-0.688628	1.9749
0.730551	-0.676664	2.07456
0.741403	-0.66469	2.18145
0.75205	-0.653539	2.28536
0.762524	-0.6427	2.37664
0.770868	-0.6342	2.43928
0.782409	-0.622222	2.52666
0.793244	-0.610276	2.62595
0.802526	-0.597796	2.72771
0.811595	-0.584068	2.85727
0.818499	-0.572811	2.95065
0.827305	-0.559063	3.04781
0.835533	-0.546335	3.11477
0.842883	-0.534483	-3.11489
0.85286	-0.519938	-3.04933
0.861476	-0.506721	-2.95406
0.869498	-0.493238	-2.82874
0.877633	-0.47909	-2.70053
0.884162	-0.466011	-2.59152
0.890967	-0.449689	-2.46643
0.89744	-0.435284	-2.3704
0.904313	-0.418964	-2.27575
0.909179	-0.405523	-2.20615
0.914031	-0.392025	-2.14643
0.919197	-0.377208	-2.07579
0.926406	-0.358702	-1.96355
0.932228	-0.343948	-1.86186
0.937562	-0.328908	-1.73705
0.942389	-0.313858	-1.63727
0.947265	-0.297104	-1.53215
0.950328	-0.282874	-1.45871
0.953733	-0.266719	-1.37369
0.957172	-0.251908	-1.29613
0.960857	-0.236516	-1.21297
0.964642	-0.221492	-1.1213
0.968784	-0.206593	-1.01534
0.972351	-0.191325	-0.92178
0.975314	-0.175923	-0.824624
0.978004	-0.16055	-0.722714
0.980631	-0.143691	-0.606489
0.98265	-0.128637	-0.501852
0.984497	-0.112144	-0.383539
0.985887	-0.0991956	-0.299407
0.987693	-0.0857599	-0.232899
0.989929	-0.0674826	-0.1386
0.991263	-0.0544143	-0.0602425
0.992349	-0.0383396	0.0249977
0.99258	-0.0229499	0.108067
0.99272	-0.00766444	0.211009
0.993024	0.00435539	0.28122
0.993573	0.0252595	0.433686
0.993536	0.0352027	0.5031
0.992475	0.0526632	0.620615
0.991459	0.0696245	0.731912
0.990147	0.0831043	0.80945
0.987669	0.102255	0.923644
0.985505	0.117388	1.00826
0.983762	0.132958	1.09067
0.982221	0.147912	1.16664
0.980958	0.162983	1.24669
0.979036	0.178162	1.33329
0.976715	0.193144	1.44142
0.973854	0.207923	1.57357
0.970147	0.222246	1.69319
0.96576	0.237094	1.77639
0.961307	0.254239	1.848
0.957689	0.269494	1.90897
0.954714	0.283362	1.97571
0.950632	0.301702	2.09931
0.947394	0.314985	2.1943
0.944367	0.327131	2.2868
0.938849	0.345096	2.41321
0.933817	0.357396	2.50478
0.926252	0.375008	2.60711
0.919964	0.388759	2.68292
0.914171	0.402544	2.77644
0.909908	0.412951	2.83969
0.903738	0.426143	2.92904
0.89582	0.44105	3.02341
0.887917	0.456881	3.13978
0.881012	0.468656	-3.0496
0.872989	0.484217	-2.96539
0.865594	0.497804	-2.88423
0.856493	0.512677	-2.76671
0.848807	0.524574	-2.67071
0.839592	0.539112	-2.54354
0.831952	0.550391	-2.46417
0.822923	0.563598	-2.37809
0.814971	0.574902	-2.30972
0.804337	0.590425	-2.21198
0.794916	0.60386	-2.12538
0.785448	0.617135	-2.02308
0.776102	0.629859	-1.91867
0.766173	0.64238	-1.80378
0.754467	0.655551	-1.67977
0.743307	0.666634	-1.57411
0.732954	0.676006	-1.49159
0.721332	0.686708	-1.42234
0.709686	0.697374	-1.34911
0.696578	0.70917	-1.25553
0.685927	0.719008	-1.17901
0.672425	0.73084	-1.06737
0.660442	0.740744	-0.975018
0.647507	0.750407	-0.878011
0.635438	0.759907	-0.776524
0.623191	0.769089	-0.681894
0.610626	0.778194	-0.593932
0.597476	0.7881	-0.486219
0.587417	0.795259	-0.411218
0.573836	0.805072	-0.301394
0.562142	0.81416	-0.217124
0.54834	0.824216	-0.11428
0.535634	0.832718	-0.012075
0.524355	0.839935	0.0777879
0.509295	0.848154	0.168557
0.496227	0.856299	0.260423
0.482243	0.865238	0.372397
0.469387	0.872947	0.462902
0.457403	0.879169	0.546434
0.444013	0.886057	0.629461
0.4306	0.893613	0.71346
0.415571	0.901861	0.822291
0.401552	0.908891	0.930354
0.390743	0.913645	1.01706
0.373335	0.920951	1.12912
0.359013	0.926408	1.21474
0.343993	0.931565	1.31055
0.329598	0.93715	1.39256
0.313541	0.943436	1.49558
0.302305	0.947536	1.56831
0.285679	0.952824	1.66455
0.2712	0.957616	1.76137
0.256193	0.961893	1.86614
0.241076	0.96551	1.96286
0.22642	0.969588	2.06269
0.211146	0.972724	2.14778
0.194541	0.976426	2.24722
0.179491	0.979812	2.33109
0.166043	0.983015	2.40557
0.148512	0.987249	2.50643
0.135576	0.990022	2.59385
0.120454	0.991997	2.70769
0.107537	0.992935	2.805
0.0911703	0.993587	2.92731
