0	0.5	5.5	0.4	0
-0.000619263	-0.0367999	-0.102047	-0.122562	-0
-0.0020017	-0.0685358	-0.106638	-0.227314	1.79597
-0.00313071	-0.0112251	-0.11173	-0.140308	2.86221
-0.00183561	0.105787	-0.112574	0.0762351	2.45494
0.00219548	0.200171	-0.108298	0.245296	1.13702
0.00785962	0.230251	-0.1014	0.275544	0.271677
0.0139018	0.214822	-0.094831	0.207218	0.0271763
0.0189186	0.187148	-0.090821	0.116382	0.383359
0.0236303	0.176792	-0.0885443	0.0633355	0.89457
0.0285489	0.198343	-0.0865943	0.0808685	1.22638
0.0341878	0.234526	-0.0838283	0.131227	1.13829
0.0404598	0.266016	-0.0800017	0.173488	0.84192
0.0476465	0.285179	-0.075258	0.189133	0.582275
0.0551467	0.29125	-0.0704903	0.177718	0.468284
0.0633168	0.29242	-0.0658459	0.155389	0.568386
0.0707173	0.299645	-0.0620376	0.150372	0.611612
0.0786544	0.31073	-0.0580851	0.15429	0.621675
0.0865806	0.323073	-0.0541223	0.16304	0.576148
0.0948039	0.334392	-0.0499488	0.170871	0.498935
0.10362	0.343431	-0.0454601	0.174492	0.422921
0.112635	0.349779	-0.0409367	0.173742	0.366657
0.121789	0.354338	-0.0364698	0.170595	0.333308
0.131055	0.358478	-0.0320775	0.168032	0.312557
0.140069	0.362677	-0.0278923	0.167441	0.28732
0.149556	0.367086	-0.0235355	0.168366	0.250625
0.158778	0.3707	-0.0193218	0.169284	0.201437
0.169197	0.373538	-0.0145893	0.16929	0.169195
0.178561	0.375673	-0.010357	0.16988	0.100186
0.188705	0.375777	-0.00581195	0.167236	0.0490628
0.19808	0.374441	-0.00169232	0.163056	0.00930767
0.207404	0.371558	0.00230027	0.156811	-0.0290228
0.217137	0.347413	0.0058959	0.105302	-0.0466609
0.226473	0.321004	0.00802025	0.0499341	0.311462
0.234995	0.335741	0.00974333	0.0852355	0.5957
0.244871	0.369478	0.0132292	0.163352	0.394099
0.255573	0.393964	0.0186645	0.222807	-0.33211
0.26501	0.364894	0.0234158	0.165901	-0.704949
0.274057	0.332067	0.0268767	0.102436	-0.40461
0.282084	0.313093	0.0289531	0.0699169	-0.0787261
0.290618	0.297404	0.0305561	0.046366	0.174457
0.298254	0.313146	0.032288	0.0910936	0.218462
0.307322	0.333982	0.0356712	0.149125	-0.118736
0.316502	0.320541	0.0396671	0.133384	-0.707883
0.324644	0.287325	0.0423448	0.0749858	-0.652335
0.331522	0.264167	0.0437321	0.0382301	-0.21388
0.338477	0.254133	0.0445907	0.0317577	-0.0454153
0.344765	0.249212	0.0454315	0.0356195	-0.040196
0.351182	0.244693	0.0464302	0.0412572	-0.0872051
0.357249	0.24089	0.0475489	0.048213	-0.155496
0.363465	0.237493	0.0489185	0.0570878	-0.229141
0.369131	0.234865	0.0504075	0.06684	-0.31881
0.374734	0.232223	0.0521353	0.0768011	-0.416103
0.381351	0.224161	0.0544127	0.0794997	-0.635634
0.387341	0.204388	0.0563015	0.0563477	-0.738933
0.392342	0.181217	0.0573409	0.0248051	-0.509012
0.39689	0.16986	0.0578902	0.0194206	-0.364975
0.401091	0.16681	0.05852	0.0316796	-0.367663
0.405558	0.164229	0.0595843	0.0467761	-0.552329
0.409678	0.152762	0.0607473	0.0420117	-0.605212
0.413736	0.137513	0.0617645	0.0309284	-0.75821
0.416901	0.116455	0.0622033	0.00496538	-0.59906
0.419731	0.102434	0.0621829	-0.00470126	-0.479893
0.422288	0.095043	0.0621124	0.000141812	-0.452553
0.424596	0.0898452	0.0622297	0.00898943	-0.50889
0.426907	0.0814348	0.0625257	0.0124886	-0.590841
0.428788	0.0695247	0.0627656	0.00678379	-0.646412
0.430394	0.0544101	0.0627861	-0.00508003	-0.644272
0.431644	0.0387451	0.0624766	-0.0173807	-0.603927
0.432498	0.0251834	0.0618944	-0.0252287	-0.558123
0.433023	0.0141368	0.0611769	-0.0277946	-0.508407
0.43328	0.00600046	0.0604911	-0.0250235	-0.518229
0.433326	-0.00172014	0.0599301	-0.0239051	-0.577349
0.433099	-0.014359	0.0591844	-0.0298792	-0.602161
0.4326	-0.0267884	0.0583584	-0.0387431	-0.587716
0.431727	-0.0397871	0.0572308	-0.047652	-0.550415
0.430541	-0.051041	0.0559188	-0.0531501	-0.510778
0.429147	-0.0601547	0.0545654	-0.0551291	-0.488348
0.427397	-0.0691242	0.0530692	-0.055854	-0.572462
0.42526	-0.0832404	0.0513394	-0.0681183	-0.579681
0.422703	-0.098897	0.0492157	-0.0837025	-0.48667
0.420104	-0.108612	0.047051	-0.0893085	-0.327728
0.417236	-0.111414	0.0448431	-0.0798797	-0.289543
0.414329	-0.1122	0.0429468	-0.0667285	-0.336664
0.411479	-0.115822	0.0413589	-0.0609356	-0.410109
0.408364	-0.123825	0.0397332	-0.0647369	-0.443638
0.405139	-0.133883	0.0379972	-0.0741187	-0.419399
0.401239	-0.144402	0.0357871	-0.0837065	-0.428057
0.397495	-0.154792	0.0335498	-0.0951789	-0.292946
0.39324	-0.159783	0.0309765	-0.0947587	-0.213741
0.388908	-0.160915	0.0285278	-0.0867641	-0.19884
0.384877	-0.161652	0.0264582	-0.0794144	-0.227905
0.380472	-0.164709	0.0243516	-0.0771692	-0.257016
0.376122	-0.169853	0.0223052	-0.0805343	-0.243078
0.371638	-0.174932	0.0201624	-0.0844656	-0.210424
0.367037	-0.178944	0.0179385	-0.086794	-0.179779
0.362342	-0.182062	0.0156688	-0.087926	-0.146587
0.357767	-0.183962	0.0134818	-0.0873311	-0.118852
0.352968	-0.185202	0.0112337	-0.0858502	-0.100887
0.348141	-0.186121	0.00902526	-0.0844214	-0.0864742
0.343292	-0.186965	0.00684617	-0.0835719	-0.0712386
0.338422	-0.187689	0.00468276	-0.0831919	-0.0520527
0.333726	-0.188053	0.00261187	-0.0827887	-0.0294926
0.32884	-0.187902	0.000475111	-0.0819214	-0.00716791
0.324159	-0.186654	-0.00153702	-0.079345	0.0211347
0.319432	-0.175666	-0.00333534	-0.0560726	0.0295591
0.315035	-0.163287	-0.00443578	-0.0302424	-0.102293
0.310719	-0.168667	-0.00539778	-0.0436945	-0.258923
0.306156	-0.182337	-0.00695068	-0.0757414	-0.152033
0.301286	-0.191649	-0.00923963	-0.0988833	0.0850102
0.296442	-0.180606	-0.0115499	-0.078179	0.268797
0.29208	-0.168905	-0.0132207	-0.0565496	0.169313
0.287822	-0.159543	-0.0144594	-0.0407012	0.0659173
0.283779	-0.151935	-0.0153548	-0.0290654	-0.0117002
0.279774	-0.156108	-0.0163021	-0.043564	-0.0512345
0.275791	-0.162432	-0.0176394	-0.062945	0.0535081
0.271618	-0.157369	-0.0192487	-0.058082	0.189598
0.26746	-0.151006	-0.0207133	-0.0511504	0.233057
0.263775	-0.144149	-0.0218843	-0.0430425	0.177182
0.260097	-0.139428	-0.0229516	-0.0402768	0.154258
0.256249	-0.135674	-0.0240797	-0.0406146	0.185228
0.252504	-0.132061	-0.0252292	-0.0416747	0.222741
0.249138	-0.127099	-0.0262816	-0.0395102	0.224329
0.245775	-0.122237	-0.0273283	-0.0382707	0.284395
0.242695	-0.114869	-0.0282345	-0.0315194	0.256774
0.23957	-0.108669	-0.0290671	-0.0283681	0.285893
0.23694	-0.102005	-0.0297101	-0.0233236	0.248301
0.234451	-0.0973988	-0.0302852	-0.0229878	0.240224
0.231788	-0.0930453	-0.0309501	-0.0246031	0.306323
0.229296	-0.0852197	-0.0315554	-0.0188407	0.353119
0.227209	-0.0756855	-0.0319085	-0.00868255	0.282725
0.225392	-0.0700822	-0.0320963	-0.00681631	0.242573
0.22362	-0.0665203	-0.0323103	-0.00990902	0.248505
0.221814	-0.0626447	-0.0326354	-0.0132504	0.337234
0.220292	-0.0546505	-0.0328928	-0.00662528	0.325249
0.219023	-0.0473274	-0.0329896	-0.00148806	0.304511
0.217919	-0.0412826	-0.0329932	0.00102264	0.290685
0.216885	-0.0355539	-0.0329506	0.00198787	0.290939
0.216005	-0.0298879	-0.032885	0.00283432	0.300908
0.215284	-0.0237222	-0.0327818	0.00480541	0.311281
0.214755	-0.0172209	-0.0326144	0.00798515	0.31448
0.214397	-0.0105298	-0.0323577	0.0116522	0.309031
0.214215	-0.00433108	-0.0320263	0.0147583	0.299466
0.214185	0.00192507	-0.0315923	0.0172856	0.291543
0.21432	0.00781839	-0.0310997	0.0191802	0.286707
0.214584	0.0131305	-0.0306001	0.0207788	0.28464
0.215	0.0186701	-0.0300354	0.0226539	0.282862
0.215561	0.0242524	-0.0294182	0.0248226	0.27893
0.216236	0.0295707	-0.0287703	0.0270054	0.27231
0.217147	0.0353444	-0.0279823	0.0293104	0.314062
0.218126	0.0427856	-0.0271571	0.036642	0.255148
0.219402	0.0481315	-0.0261016	0.0386449	0.246244
0.220717	0.052829	-0.0250767	0.0402721	0.202339
0.222241	0.0558261	-0.0239819	0.0378924	0.218849
0.223743	0.0596447	-0.0229938	0.0383049	0.203963
0.225275	0.0628619	-0.0220412	0.0380212	0.199938
0.227088	0.066547	-0.0209756	0.0382505	0.23584
0.228893	0.0721411	-0.0199125	0.0435852	0.195556
0.230744	0.0758294	-0.0188005	0.0453623	0.160188
0.232748	0.0781721	-0.0176345	0.044323	0.144321
0.234805	0.0799547	-0.0165086	0.0424438	0.143954
0.236992	0.0820466	-0.0153786	0.0413637	0.174682
0.23935	0.086371	-0.0141648	0.0455027	0.17678
0.241565	0.0907183	-0.0129633	0.0506098	0.115821
0.243952	0.0925919	-0.0116446	0.0505434	0.0772446
0.246359	0.0926205	-0.0103812	0.0468696	0.0665652
0.248857	0.0924252	-0.00917252	0.0429964	0.0852745
0.251368	0.0936344	-0.00802041	0.0426175	0.104281
0.253834	0.0961341	-0.0068767	0.0455682	0.0799799
0.256552	0.0979192	-0.00557946	0.0472023	0.0571074
0.259009	0.0987052	-0.00439986	0.0472933	0.0289878
0.261573	0.0984666	-0.0031948	0.045477	0.0157602
0.264124	0.0978211	-0.00204576	0.0431673	0.012525
0.26666	0.0973678	-0.000945995	0.04166	0.0122356
0.269189	0.0972446	0.000129118	0.0412446	0.00753457
0.271809	0.0968847	0.00123301	0.0406878	-0.0103015
0.274351	0.0908296	0.0021766	0.0280082	-0.0227788
0.276711	0.0843533	0.00274118	0.0146717	0.0544686
0.278944	0.0873614	0.00322254	0.0222725	0.13767
0.281221	0.0946372	0.0039984	0.0393943	0.0748298
0.283749	0.0994164	0.00518976	0.0514196	-0.0492145
0.286167	0.0939669	0.00635284	0.041344	-0.144795
0.288435	0.0877053	0.0072347	0.0298221	-0.0972063
0.290647	0.0829506	0.00789455	0.0219549	-0.0416307
0.29275	0.0791029	0.0083857	0.0162724	-0.00942646
0.294761	0.0757498	0.00874628	0.011819	0.0294621
0.296699	0.0792728	0.00917799	0.0224574	0.048853
0.298825	0.0841141	0.00994669	0.036303	-0.039505
0.300896	0.0812955	0.0108269	0.0334998	-0.13669
0.302948	0.0767489	0.0116141	0.0273263	-0.135612
0.304814	0.0726881	0.0122304	0.0223005	-0.113495
0.306593	0.0698936	0.0127576	0.0202377	-0.0969588
0.308384	0.0680697	0.0132857	0.0206441	-0.0972885
0.310066	0.0665656	0.0138151	0.0217543	-0.112646
0.311703	0.0644563	0.0143575	0.0217123	-0.132369
0.31346	0.0611791	0.0149375	0.0198645	-0.179122
0.314978	0.0558496	0.0153653	0.0133079	-0.149697
0.316483	0.0518894	0.0156909	0.0102857	-0.144539
0.31774	0.0487962	0.015926	0.00864904	-0.117732
0.31903	0.0469345	0.0161772	0.0102091	-0.118325
0.320273	0.0452712	0.0164814	0.0123015	-0.164265
0.321483	0.0411494	0.0167857	0.00932858	-0.198905
0.322441	0.0357234	0.0169362	0.0029211	-0.157867
0.323289	0.032351	0.0169821	0.00104797	-0.129623
0.324102	0.0303776	0.0170253	0.00247799	-0.126931
0.324841	0.0287634	0.0171131	0.00449522	-0.143878
0.325555	0.0262461	0.0172342	0.00479003	-0.16486
0.326166	0.0228049	0.0173294	0.00287126	-0.176496
0.326703	0.0186441	0.0173604	-0.00037821	-0.174203
0.327119	0.0147794	0.017314	-0.0032066	-0.163464
0.327445	0.0114683	0.0172123	-0.00484508	-0.153995
0.327695	0.00863831	0.0170829	-0.00546637	-0.150874
0.327893	0.00562848	0.016924	-0.00586427	-0.182677
0.327979	0.00115028	0.0167173	-0.00998542	-0.15771
0.327963	-0.00222909	0.0164251	-0.0115659	-0.16234
0.327858	-0.00576054	0.016095	-0.0138007	-0.133722
0.327687	-0.00777262	0.0157589	-0.0131104	-0.124059
0.327461	-0.00948293	0.0154405	-0.0114911	-0.130868
0.327187	-0.0115839	0.0151503	-0.0109169	-0.143887
0.326848	-0.0144253	0.0148527	-0.0120651	-0.150918
0.326428	-0.0177547	0.0145085	-0.0143916	-0.147407
0.325923	-0.0209986	0.0141044	-0.0166571	-0.136095
0.32534	-0.0237548	0.0136537	-0.0179978	-0.124254
0.324718	-0.0259143	0.0131995	-0.0183583	-0.117118
0.324017	-0.0279184	0.0127225	-0.0183608	-0.115263
0.323264	-0.02994	0.0122434	-0.0185634	-0.115263
0.322489	-0.0320131	0.011772	-0.0191963	-0.113833
0.321627	-0.0342342	0.0112608	-0.0201635	-0.1095
0.320635	-0.036547	0.010682	-0.0212297	-0.121975
0.319685	-0.0393902	0.0101158	-0.0240741	-0.094504
0.318636	-0.0411608	0.00948094	-0.0246346	-0.0753001
0.31747	-0.042087	0.00881113	-0.0233262	-0.0773164
0.316318	-0.0432767	0.00818825	-0.0229421	-0.0836156
0.315171	-0.0449296	0.0075808	-0.0238925	-0.0705344
0.314033	-0.0460553	0.00698303	-0.023986	-0.0608814
0.312872	-0.0468558	0.0063898	-0.0235604	-0.0559546
0.311691	-0.0475734	0.00580722	-0.0231447	-0.0538479
0.310444	-0.0483884	0.00520782	-0.0230629	-0.0515665
0.309076	-0.0493436	0.00455915	-0.0233721	-0.0552198
0.307776	-0.0506146	0.00393481	-0.0247167	-0.0392716
0.306503	-0.0512217	0.00331569	-0.0248635	-0.0255216
0.305169	-0.0513388	0.00267974	-0.0241012	-0.0184597
0.303887	-0.0512432	0.00209108	-0.0231114	-0.0160918
0.302607	-0.0512014	0.0015233	-0.0224276	-0.0153028
0.301275	-0.0512993	0.000944326	-0.0222209	-0.0128023
0.299888	-0.0514607	0.000344	-0.0223442	-0.00784553
0.298603	-0.051365	-0.000211098	-0.0221092	0.00085262
0.297301	-0.0483422	-0.000713521	-0.015636	0.00802649
0.296003	-0.044622	-0.00103465	-0.00779787	-0.035873
0.294865	-0.0463854	-0.00128329	-0.0120395	-0.076472
0.293455	-0.0508486	-0.00178286	-0.0223978	-0.0531621
0.292145	-0.0537743	-0.00243496	-0.0294944	0.0322419
0.290791	-0.0504424	-0.00311822	-0.0231259	0.088337
0.289444	-0.0459813	-0.00364034	-0.0145754	0.077834
0.288338	-0.0426759	-0.0039249	-0.00855813	0.0129968
0.287301	-0.0405363	-0.00408936	-0.00517062	-0.0220482
0.286223	-0.042502	-0.0042958	-0.0108975	-0.0393819
0.285122	-0.0454837	-0.00467096	-0.0188918	0.00599735
0.283957	-0.0438708	-0.00514551	-0.0170148	0.0596009
0.282843	-0.041943	-0.00555425	-0.0145971	0.0565542
0.281815	-0.0403665	-0.00589729	-0.0130025	0.0497733
0.280745	-0.0390193	-0.00623453	-0.0121795	0.0473443
0.279707	-0.0379331	-0.00656025	-0.0120452	0.0498154
0.278734	-0.0370273	-0.00687654	-0.0123317	0.0563782
0.277786	-0.0358955	-0.0071955	-0.0122305	0.065412
0.276873	-0.0343813	-0.00750169	-0.0113967	0.0723456
0.276003	-0.0326208	-0.0077807	-0.0101223	0.0748367
0.27518	-0.0308089	-0.0080258	-0.00882414	0.0744614
0.274402	-0.0291041	-0.00824133	-0.00783901	0.0736506
0.273639	-0.0274638	-0.00844304	-0.00717453	0.0744518
0.272946	-0.0259206	-0.00862244	-0.00667886	0.0772443
0.272318	-0.0243617	-0.00878214	-0.00609305	0.0806972
0.271686	-0.0225597	-0.00893479	-0.00525597	0.0832782
0.271144	-0.0208086	-0.0090541	-0.00434419	0.0846622
0.270628	-0.0189663	-0.00915394	-0.00338672	0.0849025
0.270143	-0.0170829	-0.00923255	-0.00248929	0.101531
0.269705	-0.0142662	-0.00926299	0.000313862	0.10165
0.269358	-0.0115169	-0.00921559	0.00309225	0.0736145
0.269076	-0.0103017	-0.0091393	0.002649	0.0613714
0.268825	-0.00979782	-0.00909674	0.000785215	0.0672093
0.268581	-0.0089993	-0.00909478	-0.000543562	0.081751
0.268375	-0.00748821	-0.00910424	-0.000192893	0.0940803
0.268216	-0.00535165	-0.00908704	0.00153016	0.0963328
0.268108	-0.00300346	-0.00901927	0.00361269	0.0899421
0.268056	-0.000824179	-0.00889616	0.00512345	0.095934
0.268065	0.00143879	-0.00874135	0.00721288	0.0750202
0.268118	0.00275158	-0.00855836	0.00727408	0.0648007
0.268201	0.00356178	-0.00838344	0.00618139	0.065987
0.268315	0.00451553	-0.00822446	0.00524385	0.0874583
0.268458	0.0065261	-0.00806806	0.00689257	0.0819885
0.268661	0.00843107	-0.00786292	0.008267	0.0878833
0.268931	0.0107918	-0.00759809	0.010622	0.0785142
0.269223	0.0124996	-0.00731564	0.0119368	0.0539428
0.269543	0.0130611	-0.00703069	0.0108308	0.0461236
0.269886	0.0132795	-0.00677408	0.00897128	0.0520216
0.270239	0.0138466	-0.00655555	0.00795664	0.0628959
0.2706	0.015019	-0.00635131	0.00842495	0.0693692
0.271012	0.0166376	-0.00611391	0.00986181	0.0669024
0.271502	0.018325	-0.00581587	0.0113659	0.0693262
0.272043	0.0202728	-0.00546557	0.0135952	0.0561619
0.27263	0.0215725	-0.00507188	0.0145211	0.0366351
0.273173	0.0218592	-0.00472104	0.0135534	0.0263975
0.27374	0.0217127	-0.00439361	0.0116871	0.029555
0.274327	0.0218027	-0.00409708	0.0103901	0.0444605
0.274883	0.0226953	-0.0038305	0.0110549	0.0442862
0.275487	0.0237487	-0.00352935	0.0121166	0.0386745
0.27614	0.0246329	-0.00319221	0.0128711	0.0348479
0.276842	0.0254395	-0.00282289	0.0135404	0.0256225
0.277483	0.0258145	-0.00248483	0.0134965	0.0161927
0.278205	0.0258101	-0.00211923	0.0126454	0.0133985
0.27885	0.0257405	-0.00181399	0.0118505	0.0146429
0.27952	0.0258267	-0.00151175	0.0114746	0.016204
0.280247	0.0261198	-0.00118921	0.0116227	0.0178085
0.280959	0.026596	-0.00086669	0.0123031	0.012342
0.28168	0.0268821	-0.000529792	0.0126827	0.00246256
0.282377	0.0266705	-0.000207413	0.012092	-0.00384965
0.283026	0.0250334	5.45358e-05	0.00847641	-0.00410576
0.28365	0.0231342	0.000217988	0.00435793	0.0162677
0.284259	0.023765	0.000347869	0.0058354	0.0418726
0.284879	0.0258078	0.000552862	0.0104593	0.030371
0.285544	0.0273555	0.000861376	0.0140809	-0.00398382
0.286236	0.0257311	0.00118857	0.0108648	-0.0318473
0.286858	0.0241632	0.00141979	0.00785024	-0.0156126
0.287467	0.0227548	0.00158798	0.00527075	-0.00134046
0.28802	0.0215731	0.00169225	0.0032132	0.0133295
0.288593	0.0225491	0.00180948	0.00594928	0.0243469
0.289226	0.0242818	0.00203143	0.0104166	0.00324324
0.289867	0.0249643	0.00233352	0.0126499	-0.0278022
0.290498	0.0236797	0.00263439	0.0106728	-0.0470802
0.291067	0.0218856	0.00286169	0.00763253	-0.0395985
0.291616	0.020446	0.0030295	0.00547245	-0.0251088
0.292135	0.0196803	0.00315963	0.00484064	-0.0160714
0.29264	0.0191691	0.00328459	0.00480991	-0.0155518
0.293132	0.0187348	0.00341165	0.00499028	-0.0184227
0.293596	0.0183823	0.00354069	0.00534835	-0.0226126
0.29407	0.0180788	0.00368687	0.00590553	-0.0279191
0.294516	0.0176194	0.00383704	0.00612202	-0.0348467
0.294946	0.0168708	0.00398546	0.0057531	-0.0398551
0.295372	0.0158743	0.00412414	0.00494022	-0.0413729
0.29577	0.0148336	0.00424063	0.00407382	-0.0402229
0.296157	0.0138603	0.00434153	0.00344819	-0.04653
0.296489	0.0126926	0.00441331	0.00231257	-0.0382546
0.296807	0.0118946	0.00446899	0.00206629	-0.0344696
0.297109	0.011354	0.00452693	0.00240354	-0.0358339
0.297386	0.0107943	0.00459025	0.00265991	-0.0407154
0.297675	0.00991845	0.0046613	0.00242594	-0.0552216
0.297904	0.00842291	0.00469937	0.000670534	-0.0470993
0.298107	0.00729491	0.00470442	-0.000210638	-0.0392668
0.298281	0.00662187	0.00469942	-0.000155544	-0.0363744
0.29844	0.00611441	0.00470085	0.000261974	-0.0387653
0.298585	0.0054953	0.00470971	0.00043632	-0.0434123
0.298711	0.0046565	0.00471701	0.000131685	-0.0467497
0.298825	0.00352736	0.00471001	-0.00062508	-0.057722
0.298894	0.00198865	0.00467043	-0.00250672	-0.0450127
0.29893	0.000943374	0.00459443	-0.00319433	-0.0354722
0.298948	0.000471503	0.00452003	-0.00274485	-0.0327172
0.298955	0.000126341	0.004459	-0.00198126	-0.0364337
0.298951	-0.000418014	0.00441208	-0.00167269	-0.042307
0.29893	-0.00125885	0.00436515	-0.00208717	-0.0456949
0.298881	-0.00236277	0.00429667	-0.00298417	-0.0446298
0.298809	-0.00335576	0.00421187	-0.00377572	-0.0405275
0.29871	-0.00419351	0.00410798	-0.00420334	-0.0366811
0.298592	-0.00485222	0.00399781	-0.00427463	-0.0347914
0.298464	-0.00541456	0.00389176	-0.00422263	-0.0348739
0.298302	-0.00608016	0.00377293	-0.00428383	-0.0426932
0.298131	-0.00710802	0.00364943	-0.00527994	-0.0356966
0.297944	-0.00781722	0.00351238	-0.00566818	-0.0299734
0.297735	-0.00828503	0.003367	-0.00552834	-0.027561
0.297523	-0.00864699	0.00323264	-0.0052468	-0.0281318
0.297292	-0.00908985	0.00309794	-0.00514522	-0.0295701
0.297058	-0.00962758	0.00296713	-0.00533607	-0.0299498
0.296779	-0.0102973	0.00281211	-0.00574968	-0.034466
0.29651	-0.0111644	0.00265568	-0.00675984	-0.0255437
0.296225	-0.0116373	0.00248399	-0.00695896	-0.018863
0.29592	-0.0118176	0.00230877	-0.00654177	-0.0166724
0.295599	-0.0119312	0.00213995	-0.00600778	-0.0208054
0.295284	-0.0122977	0.00198305	-0.00611216	-0.0200157
0.29496	-0.0126846	0.00182171	-0.00631537	-0.0175045
0.294626	-0.0129936	0.00165647	-0.00640298	-0.0159799
0.294258	-0.0132884	0.00147651	-0.00647684	-0.0141617
0.293909	-0.0135189	0.00130798	-0.00650989	-0.0122126
0.293542	-0.0137055	0.00113294	-0.00648864	-0.010512
0.293183	-0.0138512	0.00096495	-0.00645198	-0.00898693
0.292822	-0.0139138	0.000799619	-0.0062894	-0.00754023
0.292432	-0.0139518	0.00062649	-0.00611161	-0.00678123
0.292069	-0.0139983	0.000469056	-0.00602699	-0.00596128
0.291704	-0.0140505	0.000312928	-0.00600818	-0.00469445
0.291339	-0.0140848	0.000157093	-0.00600272	-0.00298585
0.290959	-0.0140816	-4.25937e-06	-0.0059678	-0.00113957
0.290579	-0.0140295	-0.000163973	-0.00588218	0.000665439
0.290237	-0.0132255	-0.000292101	-0.00419304	0.00226881
0.289906	-0.0123066	-0.000374789	-0.00229069	-0.00679614
0.289594	-0.012661	-0.000443516	-0.00320047	-0.0183692
0.289265	-0.0136261	-0.000552637	-0.00547776	-0.0112875
0.288901	-0.0143227	-0.000719002	-0.00721927	0.00575814
0.288553	-0.0135491	-0.000882367	-0.00578274	0.0196156
0.288225	-0.0126974	-0.00100636	-0.00422219	0.0126567
0.287917	-0.0120332	-0.00109642	-0.00310761	0.00522322
0.2876	-0.0114403	-0.00116721	-0.00220527	-0.000623679
0.287299	-0.0117411	-0.00123863	-0.00327145	-0.0047904
0.286999	-0.0122639	-0.00134045	-0.00483674	0.00430646
0.286685	-0.011836	-0.00146179	-0.00437234	0.015412
0.286395	-0.0113885	-0.00156444	-0.00388311	0.0148172
0.286104	-0.0109886	-0.00166056	-0.00355169	0.0138931
0.285812	-0.010647	-0.00175391	-0.00340254	0.0162325
0.285551	-0.0102596	-0.00183535	-0.0031368	0.015094
0.285269	-0.00991795	-0.00192184	-0.00307216	0.0179234
0.285026	-0.00950779	-0.00199527	-0.00281004	0.0170876
0.284784	-0.00914251	-0.00206668	-0.00269545	0.0173747
0.284543	-0.0087774	-0.00213843	-0.0026346	0.0219733
0.28433	-0.00822967	-0.00219781	-0.00213919	0.0202006
0.284107	-0.00773374	-0.00225334	-0.00186304	0.0222674
0.283928	-0.00723302	-0.00229318	-0.0014754	0.0192273
0.283738	-0.00684097	-0.00233189	-0.00142866	0.0184474
0.283571	-0.00654376	-0.00236897	-0.00154196	0.0198076
0.283412	-0.00619308	-0.00240758	-0.00155036	0.0220419
0.283257	-0.00572508	-0.0024451	-0.00134554	0.0237008
0.283105	-0.00514488	-0.00247739	-0.000970755	0.0290384
0.282982	-0.00435716	-0.00249134	-8.48526e-05	0.0235692
0.282876	-0.00383111	-0.00248901	0.000225379	0.0196794
0.282784	-0.00353243	-0.00248517	7.05549e-05	0.0190064
0.282696	-0.00326556	-0.00248673	-0.000185968	0.0209915
0.282616	-0.00289999	-0.00249217	-0.000227299	0.0237269
0.282547	-0.00239325	-0.00249455	3.95272e-05	0.02525
0.282495	-0.00183	-0.00248809	0.000463332	0.0248781
0.282455	-0.00126331	-0.00247061	0.000866207	0.0234036
0.282429	-0.000772447	-0.00244478	0.00111012	0.021963
0.282415	-0.000370181	-0.00241584	0.00120071	0.021354
0.28241	5.23844e-05	-0.00238149	0.00125235	0.0252793
0.282421	0.000703272	-0.00233844	0.00181852	0.0260406
0.282448	0.00136175	-0.00228236	0.00247956	0.0193421
0.282487	0.00167839	-0.0022206	0.00244045	0.0158636
0.282534	0.00184204	-0.00216026	0.00202877	0.0163034
0.282585	0.0020272	-0.00211192	0.00171124	0.0190056
0.28264	0.00235469	-0.00206883	0.00174843	0.0213029
0.28271	0.00284348	-0.00201673	0.00209446	0.0259354
0.282794	0.0035754	-0.00195001	0.00303414	0.0197705
0.282889	0.00399912	-0.00186999	0.00334084	0.0143056
0.282991	0.00417324	-0.00178884	0.00312653	0.0123757
0.283101	0.00425434	-0.00171326	0.00271102	0.013383
0.283209	0.00440242	-0.00164855	0.00248805	0.0156711
0.283327	0.00469272	-0.00158301	0.00257703	0.0169463
0.283459	0.00509181	-0.001509	0.00290793	0.0195561
0.283593	0.00561399	-0.00142788	0.00357419	0.0141741
0.283744	0.00591733	-0.00133191	0.00377146	0.00990814
0.283892	0.00598256	-0.00124115	0.00349507	0.00820427
0.284048	0.00598283	-0.0011558	0.00308938	0.00919085
0.284198	0.0060522	-0.00108151	0.00287681	0.0110322
0.284352	0.00623757	-0.00100895	0.00294249	0.0118686
0.284511	0.0064888	-0.000932521	0.00317676	0.0110183
0.284683	0.00673212	-0.000846904	0.00340843	0.0090701
0.284853	0.00688797	-0.000760761	0.00348789	0.00702557
0.285034	0.00697124	-0.000670906	0.00342752	0.00582648
0.285222	0.00701477	-0.000580288	0.00330243	0.00578863
0.285406	0.00708107	-0.000495114	0.00326519	0.00522715
0.285598	0.00714731	-0.000407338	0.0032512	0.00506373
0.285785	0.00722909	-0.000322235	0.00330643	0.00378033
0.285973	0.00726967	-0.000236495	0.00330026	0.00255425
0.286169	0.00727196	-0.000148441	0.00323706	0.00141954
0.286351	0.00724147	-6.89789e-05	0.0031343	0.000812043
0.286539	0.00720367	1.11265e-05	0.00304111	0.000520616
0.286733	0.0071737	9.23758e-05	0.00299309	-0.000323232
0.286914	0.00676498	0.000160638	0.00213951	-0.000705047
0.287096	0.00626557	0.000205293	0.00111118	0.00439071
0.287263	0.00650772	0.000242164	0.00171753	0.00991672
0.287453	0.00709698	0.000310122	0.00310943	0.0060766
0.287635	0.00745551	0.000399615	0.00401042	-0.00467737
0.287837	0.00698207	0.00049951	0.00313592	-0.0168579
0.28802	0.00611924	0.000562556	0.00143774	-0.0106422
0.288178	0.00562294	0.000588007	0.000551786	0.00158893
0.288338	0.00583777	0.000612605	0.00124132	0.00848176
0.288492	0.00640784	0.000662348	0.00269834	0.00103828
0.288675	0.00666364	0.000750279	0.00351601	-0.0110088
0.288849	0.00622181	0.000834971	0.00282554	-0.0211663
0.289004	0.00529089	0.0008875	0.00108726	-0.0121464
0.28913	0.00484697	0.000904701	0.000405569	-0.00293222
0.289253	0.00470965	0.000914077	0.000412291	0.000319493
0.289374	0.0049641	0.000935453	0.00127106	-0.000165789
0.289504	0.00495569	0.000974083	0.00157563	-0.00578953
0.289627	0.00488142	0.00101547	0.00173637	-0.00851967
0.289747	0.00471373	0.00105841	0.00170603	-0.010482
0.289861	0.00446044	0.00109835	0.00150149	-0.0113404
0.289969	0.00417646	0.00113246	0.00124178	-0.0111233
0.29007	0.00391467	0.00116081	0.00104092	-0.0105211
0.290169	0.00368413	0.00118629	0.000932647	-0.0102174
0.290262	0.00348141	0.00120994	0.000893686	-0.0104629
0.290349	0.00327541	0.00123261	0.000855373	-0.0111097
0.290431	0.00304409	0.00125365	0.000768982	-0.0117603
0.290504	0.00279613	0.00127112	0.000636181	-0.0121131
0.290576	0.00251761	0.00128605	0.000475015	-0.0121273
0.290638	0.00225829	0.00129651	0.000341083	-0.0119938
0.290693	0.00200126	0.00130364	0.000220166	-0.011945
0.29074	0.00176544	0.00130793	0.000128226	-0.0119422
0.290783	0.00152355	0.00131007	4.10667e-05	-0.0120506
0.290818	0.00128782	0.00130992	-4.92991e-05	-0.0121855
0.290848	0.0010374	0.00130722	-0.000155272	-0.012248
0.290871	0.000793887	0.00130192	-0.000264424	-0.0122078
0.290888	0.000542666	0.00129355	-0.000375782	-0.0120891
0.290899	0.000296775	0.0012824	-0.000478741	-0.0119384
0.290903	5.7067e-05	0.0012687	-0.000572334	-0.0117973
0.290901	-0.000177774	0.00125266	-0.000660276	-0.0116732
0.290894	-0.000409441	0.00123435	-0.00074706	-0.0115452
0.290881	-0.00062962	0.00121461	-0.000831039	-0.0113867
0.290861	-0.000855035	0.00119186	-0.000917722	-0.0111949
0.290837	-0.00106734	0.0011679	-0.000998928	-0.0109605
0.290806	-0.00128196	0.0011409	-0.00107845	-0.0107102
0.29077	-0.00149036	0.00111189	-0.0011538	-0.0104401
0.290729	-0.00169218	0.00108098	-0.00122485	-0.0101557
0.290682	-0.00188729	0.00104829	-0.00129196	-0.00985793
0.290633	-0.00205994	0.00101547	-0.00133434	-0.0095454
0.290577	-0.00223193	0.000980298	-0.00137333	-0.00934369
0.290514	-0.00240875	0.000942602	-0.00142273	-0.0112024
0.290443	-0.00270482	0.000898506	-0.00173584	-0.0108472
0.290372	-0.00296827	0.000851382	-0.00202829	-0.00688729
0.290287	-0.00306599	0.000795482	-0.00194199	-0.00563028
0.290201	-0.00309306	0.000744406	-0.00172033	-0.00598827
0.290123	-0.003148	0.000702996	-0.00160491	-0.00620274
0.290036	-0.00323298	0.000660522	-0.00155126	-0.00828149
0.289953	-0.00342385	0.000619332	-0.00176115	-0.0067938
0.289866	-0.00356137	0.000573871	-0.00186812	-0.00530848
0.289772	-0.0036352	0.000525681	-0.00184354	-0.00436806
0.289681	-0.00367081	0.000480771	-0.0017575	-0.00415149
0.289589	-0.00370808	0.000437789	-0.00168941	-0.00430831
0.289492	-0.00376749	0.000394121	-0.00167856	-0.00436842
0.289393	-0.00384397	0.000350017	-0.00171996	-0.00406845
0.289296	-0.00391518	0.000306458	-0.00176896	-0.00343061
0.289193	-0.00397038	0.000260174	-0.00179377	-0.00272967
0.289089	-0.00400108	0.000213792	-0.00178053	-0.00212303
0.288989	-0.00401289	0.000169828	-0.0017437	-0.00171691
0.288885	-0.00401725	0.000125127	-0.00170304	-0.00145519
0.288772	-0.00402243	7.79316e-05	-0.00167707	-0.00167507
0.288663	-0.00405435	3.20637e-05	-0.00172741	-0.0012045
0.288549	-0.00407706	-1.68731e-05	-0.0017741	-0.000106424
0.288448	-0.00405624	-6.07524e-05	-0.0017408	0.000943733
0.288349	-0.00381963	-9.86035e-05	-0.00124778	0.00132888
0.288253	-0.0035582	-0.000123626	-0.000712093	-0.00112268
0.288164	-0.00362218	-0.000143716	-0.000895755	-0.0042614
0.288066	-0.00386173	-0.000174679	-0.00147461	-0.00272883
0.287964	-0.0040336	-0.000218989	-0.00191775	0.0014621
0.287865	-0.00382559	-0.00026252	-0.00153982	0.00528337
0.287773	-0.00360217	-0.000295747	-0.00114064	0.0034017
0.287685	-0.00341997	-0.00032014	-0.000841266	0.00130568
0.287598	-0.00326037	-0.000338674	-0.000602781	-0.000196162
0.287516	-0.00334541	-0.000357558	-0.000902426	-0.00137847
0.28742	-0.00351523	-0.00039008	-0.00141074	0.000870052
0.287326	-0.00339525	-0.00042716	-0.00129064	0.00630408
0.287244	-0.00317284	-0.000454914	-0.000946933	0.00490032
0.287164	-0.00301779	-0.000476775	-0.000764565	0.00337686
0.287087	-0.00292723	-0.000495921	-0.000730558	0.00283274
0.287009	-0.00285676	-0.000515896	-0.000753797	0.00312893
0.286935	-0.0027998	-0.000536148	-0.000806864	0.00372264
0.28686	-0.00274507	-0.00055889	-0.00087921	0.00508332
0.286793	-0.00263193	-0.000580023	-0.000816415	0.00554266
0.286729	-0.00250266	-0.000599212	-0.000724822	0.00570138
0.286668	-0.00237171	-0.000616135	-0.000635435	0.00567011
0.286608	-0.00224347	-0.000631667	-0.000565403	0.00563299
0.286547	-0.00211429	-0.000646721	-0.000515153	0.0065457
0.286491	-0.00193996	-0.000659047	-0.000370931	0.00683238
0.286443	-0.00176704	-0.000666587	-0.000216188	0.00557497
0.286398	-0.00165931	-0.000671913	-0.000206552	0.00507777
0.286356	-0.00158581	-0.000678155	-0.000273896	0.00540285
0.286314	-0.00149625	-0.000686165	-0.000317328	0.00620268
0.28628	-0.00138013	-0.000693301	-0.000278245	0.00691155
0.286243	-0.00120403	-0.000699606	-0.000155147	0.00836393
0.286214	-0.000969855	-0.000699947	0.00012132	0.00679025
0.286192	-0.000822322	-0.000695574	0.0002176	0.0054882
0.286172	-0.00073923	-0.000690555	0.000165102	0.00518701
0.286154	-0.000674054	-0.000687477	7.47054e-05	0.00575223
0.286138	-0.000583145	-0.000685944	5.04526e-05	0.00657927
0.286124	-0.000441315	-0.000683675	0.000120608	0.00702685
0.286115	-0.000285337	-0.000679116	0.000240725	0.00691782
0.28611	-0.000127982	-0.000671292	0.000357056	0.0064509
0.286108	8.82241e-07	-0.000661512	0.000422577	0.00597882
0.28611	0.000111624	-0.000650299	0.000443192	0.00576942
0.286114	0.000209427	-0.000639172	0.000447698	0.00581486
0.28612	0.000311816	-0.000627764	0.000465884	0.00594083
0.28613	0.000427477	-0.000615104	0.000508981	0.00597726
0.286143	0.000548522	-0.000601095	0.000568388	0.0058542
0.286159	0.000671252	-0.00058493	0.000628857	0.00640174
0.286179	0.000820899	-0.000566867	0.000761841	0.00533514
0.286201	0.000917513	-0.00054742	0.000792163	0.00459264
0.286225	0.000984441	-0.000527276	0.000756845	0.00441769
0.286252	0.00104546	-0.000508194	0.000715211	0.00461831
0.28628	0.00112219	-0.000489655	0.000714413	0.00486695
0.28631	0.00121742	-0.000470506	0.000760516	0.00487286
0.286345	0.0013226	-0.000449055	0.000829325	0.00457926
0.286379	0.0014108	-0.000427695	0.000879844	0.0041199
0.286417	0.0014843	-0.00040458	0.000899958	0.00374649
0.286454	0.00154199	-0.000382134	0.000898222	0.00352779
0.286495	0.00159679	-0.000358896	0.000892773	0.00342818
0.286541	0.00165759	-0.000333858	0.000899632	0.00365778
0.286583	0.0017301	-0.000310719	0.000953527	0.00315196
0.286631	0.00178858	-0.000284687	0.000976897	0.00282873
0.286678	0.00183502	-0.000259202	0.000986473	0.00236344
0.286724	0.00186315	-0.00023482	0.00096759	0.00211734
0.286773	0.00188705	-0.000210006	0.000944533	0.00203771
0.28682	0.00191247	-0.000186555	0.000935542	0.00195572
0.286868	0.00194061	-0.000163151	0.000940179	0.00174825
0.286919	0.00196671	-0.000138661	0.000946152	0.00149738
0.286973	0.001988	-0.000113121	0.000948399	0.00108386
0.287024	0.00199308	-8.87492e-05	0.000923927	0.00095048
0.287074	0.00200037	-6.57414e-05	0.0009159	0.000836034
0.287126	0.00200752	-4.2014e-05	0.000913163	0.000621308
0.287177	0.00201053	-1.92705e-05	0.000909641	0.000357043
0.287233	0.00200747	6.02421e-06	0.000900355	-0.000258366
0.287282	0.00188499	2.55128e-05	0.000636858	-0.000169736
0.287329	0.00174859	3.80808e-05	0.000348517	0.0010945
0.287373	0.00180095	4.84133e-05	0.000477319	0.00303381
0.287426	0.00197419	6.74953e-05	0.00087806	0.00184676
0.287477	0.00207657	9.2722e-05	0.00112844	-0.000904645
0.287531	0.00195773	0.000120512	0.000905237	-0.00283182
0.287579	0.00183278	0.000140087	0.000673603	-0.00185135
0.287623	0.00173486	0.000154612	0.000506774	-0.000773193
0.287667	0.00165063	0.00016596	0.000376311	-6.63835e-05
0.287709	0.00157747	0.000174302	0.000273467	0.000449422
0.287749	0.00164	0.000183635	0.000468768	0.000855614
0.287791	0.00172616	0.000198578	0.000719781	-0.000446694
0.287839	0.00167135	0.000218569	0.000675549	-0.0030686
0.287881	0.00156426	0.000234013	0.000517305	-0.00230066
0.287922	0.00149365	0.000246809	0.000446939	-0.00166585
0.287962	0.00145151	0.000258708	0.00044333	-0.0020103
0.287999	0.00141372	0.000270297	0.000449946	-0.00179053
0.288036	0.00138777	0.000282424	0.000486533	-0.0021035
0.28807	0.0013551	0.000294868	0.000508808	-0.00260901
0.288104	0.00130016	0.000307879	0.000490304	-0.00303724
0.288136	0.00122773	0.000319383	0.000433536	-0.00324007
0.288167	0.00114566	0.000329689	0.00036342	-0.00319309
0.288196	0.00106971	0.00033839	0.000309939	-0.00306254
0.288223	0.00100163	0.000346351	0.000280971	-0.00301607
0.288249	0.000941562	0.000353454	0.000267722	-0.00311637
0.288272	0.000879229	0.000360186	0.000251824	-0.00329673
0.288294	0.000810025	0.000366334	0.00022305	-0.00346001
0.288314	0.000734594	0.000371577	0.000182556	-0.00354189
0.288333	0.000654183	0.00037587	0.000137635	-0.00354469
0.288349	0.000578339	0.000378918	9.91046e-05	-0.00351804
0.288363	0.00050826	0.000380998	6.91417e-05	-0.00350839
0.288375	0.000437206	0.00038243	4.25875e-05	-0.00353157
0.288385	0.000368742	0.000383159	1.70951e-05	-0.00357455
0.288394	0.000293315	0.000383189	-1.35515e-05	-0.00360827
0.2884	0.000219501	0.000382402	-4.57741e-05	-0.0036165
0.288405	0.000145586	0.000380768	-7.86242e-05	-0.00359751
0.288408	6.99554e-05	0.000378194	-0.000110999	-0.00356329
0.288409	-6.72702e-06	0.000374642	-0.000141847	-0.00453473
0.288407	-0.000124462	0.000369354	-0.000278834	-0.00349009
0.288403	-0.000197467	0.000361512	-0.000315123	-0.00278221
0.288397	-0.000231353	0.000353929	-0.000268259	-0.00264101
0.288391	-0.000259532	0.000347558	-0.00020669	-0.00298799
0.288383	-0.000306272	0.0003424	-0.000192333	-0.00344598
0.288375	-0.000375798	0.000337072	-0.000234131	-0.00363166
0.288364	-0.000459221	0.000330069	-0.000304043	-0.00346919
0.288351	-0.000536361	0.00032138	-0.000362829	-0.00312081
0.288337	-0.000594856	0.000311988	-0.00038792	-0.00281489
0.288321	-0.000641759	0.000301927	-0.000386763	-0.00269014
0.288303	-0.00068451	0.00029198	-0.000379889	-0.00271342
0.288285	-0.000731084	0.000282058	-0.00038476	-0.00276775
0.288267	-0.000777553	0.000272629	-0.000397349	-0.00274803
0.288244	-0.000837279	0.000260923	-0.000433501	-0.00353576
0.288221	-0.000935602	0.000247959	-0.00056283	-0.0024448
0.288197	-0.000980529	0.000233592	-0.000582856	-0.00163751
0.288171	-0.000988284	0.000219208	-0.000523122	-0.00144546
0.288144	-0.000987937	0.000205725	-0.000444818	-0.00227658
0.288116	-0.00103682	0.000193257	-0.000481755	-0.00287411
0.288088	-0.00111852	0.000179247	-0.00059772	-0.00183332
0.288059	-0.00115269	0.000163448	-0.000614526	-0.00106001
0.288029	-0.00114949	0.000148267	-0.000554661	-0.000840647
0.287999	-0.0011383	0.000134837	-0.000482125	-0.0010674
0.287971	-0.00114179	0.000123275	-0.000447679	-0.00139045
0.287941	-0.00116679	0.00011147	-0.00046267	-0.00150697
0.287907	-0.0012045	9.7916e-05	-0.000507079	-0.00194155
0.287877	-0.00126409	8.39676e-05	-0.000608026	-0.000935072
0.287845	-0.00127868	6.86427e-05	-0.000615086	-0.000207281
0.287812	-0.00126041	5.3422e-05	-0.000554263	-5.66212e-06
0.287778	-0.00123226	3.95789e-05	-0.000476131	-0.00045854
0.287745	-0.00123226	2.69617e-05	-0.00046435	-0.000495842
0.287711	-0.00123997	1.4322e-05	-0.000473913	-0.000836874
0.287676	-0.00127096	1.75157e-07	-0.000539103	-0.000565139
0.287644	-0.00128996	-1.38531e-05	-0.000582884	0.000349113
0.287612	-0.00120655	-2.68365e-05	-0.000406854	0.00077929
0.287582	-0.00112247	-3.50054e-05	-0.00023294	-7.10354e-05
0.287552	-0.00112713	-4.13428e-05	-0.000256023	-0.00102566
0.287525	-0.00117996	-4.90759e-05	-0.00038593	-0.000778967
0.287493	-0.00122852	-6.0809e-05	-0.000510923	0.000143798
0.287462	-0.00116748	-7.28005e-05	-0.000400932	0.00104976
0.287432	-0.00109702	-8.17191e-05	-0.000272282	0.000396774
0.287403	-0.00103725	-8.76065e-05	-0.000170983	-3.20407e-05
0.287377	-0.00105651	-9.27873e-05	-0.000242552	-0.00055182
0.287346	-0.00110971	-0.000101745	-0.000394563	-0.000529551
0.287318	-0.00115907	-0.00011345	-0.000537729	0.00110005
0.287288	-0.00110686	-0.00012653	-0.000463821	0.00252274
0.287259	-0.000994945	-0.000136632	-0.000266393	0.00209603
0.287235	-0.000919108	-0.000141673	-0.000145394	0.000959773
0.287212	-0.000883511	-0.000144819	-0.00011582	0.000331325
0.28719	-0.000863309	-0.000147744	-0.000119132	0.000254843
0.287167	-0.000844063	-0.00015109	-0.000129445	0.000535036
0.287145	-0.000827816	-0.00015466	-0.000145558	0.000574149
0.287122	-0.000812685	-0.000159068	-0.000169546	0.00049453
0.287101	-0.000800768	-0.000163847	-0.000198048	0.00109166
0.28708	-0.000787029	-0.000169579	-0.000226501	0.00132417
0.287058	-0.000761673	-0.000176015	-0.00023387	0.00174647
0.28704	-0.000719529	-0.000181412	-0.000199615	0.0020635
0.287022	-0.000661498	-0.000185737	-0.000134516	0.00191295
0.287005	-0.000610266	-0.000188702	-8.8002e-05	0.00162423
0.286989	-0.000576646	-0.000190823	-7.85256e-05	0.00148056
0.286975	-0.00055362	-0.000192929	-9.04918e-05	0.00153899
0.28696	-0.000525977	-0.000195609	-0.0001007	0.00174306
0.286946	-0.000487839	-0.000198256	-8.88728e-05	0.00227893
0.286933	-0.000420279	-0.000199657	-1.32983e-05	0.00224179
0.286924	-0.000362184	-0.000199175	4.9149e-05	0.00166939
0.286915	-0.000332419	-0.0001979	4.97686e-05	0.001346
0.286906	-0.000319988	-0.000197103	4.05642e-06	0.00137682
0.286898	-0.000305276	-0.000197354	-2.69316e-05	0.00183648
0.286891	-0.000268968	-0.000197839	-1.16524e-05	0.00218262
0.286885	-0.000213065	-0.000197401	4.39978e-05	0.00218795
0.28688	-0.000154534	-0.000195386	0.000103253	0.00205495
0.286876	-0.000100808	-0.000191803	0.000150427	0.00154099
0.286874	-7.59188e-05	-0.000187972	0.000140685	0.00132616
0.286872	-6.30784e-05	-0.000184772	0.00010572	0.00143694
0.286871	-4.43887e-05	-0.000182318	8.45392e-05	0.00171156
0.28687	-1.06105e-05	-0.000179962	9.72513e-05	0.00201742
0.28687	4.00022e-05	-0.000176767	0.000147804	0.00191391
0.286872	8.44512e-05	-0.000172548	0.000188369	0.0016143
0.286875	0.000115971	-0.000167491	0.000199879	0.00140377
0.286878	0.00013734	-0.000162419	0.000190848	0.00135475
0.286882	0.000157272	-0.000157607	0.000180343	0.00142736
0.286886	0.000182273	-0.000152901	0.000182561	0.00150652
0.286891	0.000212788	-0.000147951	0.000198501	0.00150802
0.286897	0.000244813	-0.000142517	0.000219506	0.00142324
0.286905	0.000276352	-0.000136112	0.000237813	0.00121166
0.286912	0.000295679	-0.000130173	0.000236805	0.00117969
0.28692	0.000315184	-0.000124031	0.000236497	0.00117158
0.286928	0.000336771	-0.000117592	0.000241307	0.00115575
0.286937	0.000357681	-0.00011146	0.000249827	0.00110465
0.286947	0.000378548	-0.000104854	0.000258915	0.00102797
0.286956	0.000396516	-9.83096e-05	0.000265196	0.000940734
0.286967	0.000412507	-9.1387e-05	0.000268099	0.000865918
0.286978	0.000427116	-8.41466e-05	0.000269222	0.000622263
0.28699	0.000430964	-7.69196e-05	0.000248106	0.000558138
0.287001	0.000432742	-7.09919e-05	0.000228012	0.000822746
0.287014	0.000451695	-6.439e-05	0.000244863	0.000793701
0.287025	0.000469269	-5.80385e-05	0.000263423	0.000748957
0.287038	0.000488653	-5.03482e-05	0.000286109	0.000382528
0.287051	0.000490714	-4.30364e-05	0.000274774	0.000379279
0.287064	0.000493425	-3.57465e-05	0.000266822	0.000114962
0.287077	0.000485029	-2.94513e-05	0.000237761	0.00034823
0.287089	0.000489464	-2.32941e-05	0.000238515	0.000453903
0.287103	0.000502992	-1.63187e-05	0.000260902	0.000167709
0.287116	0.000503244	-9.84089e-06	0.000257156	0.000170837
0.287128	0.000504963	-3.40518e-06	0.000258727	0.000115623
0.287142	0.000506071	3.3436e-06	0.0002611	2.63169e-05
0.287155	0.000504469	1.01028e-05	0.00025982	-7.49329e-05
0.287167	0.000476081	1.59468e-05	0.000201788	-0.000157796
0.287179	0.000443	2.04402e-05	0.000135635	0.000104652
0.287191	0.0004508	2.41327e-05	0.000159966	0.000421204
0.287202	0.000475856	2.89403e-05	0.000223508	0.000224455
0.287215	0.000493951	3.54412e-05	0.000274034	-0.00022192
0.287228	0.000470239	4.24067e-05	0.000235698	-0.000624593
0.287239	0.00044706	4.78126e-05	0.000199527	-0.00050337
0.28725	0.000427582	5.24353e-05	0.000173112	-0.000378164
0.287261	0.000411338	5.65149e-05	0.000155206	-0.000304304
0.287271	0.000397641	6.02382e-05	0.000144154	-0.000276118
0.287281	0.000385297	6.40423e-05	0.000138914	-0.000285537
0.287292	0.000375164	6.77929e-05	0.000139849	-0.000334086
0.287302	0.00036699	7.16485e-05	0.000146415	-0.000420161
0.287311	0.000360805	7.5598e-05	0.000157755	-0.000542929
0.28732	0.000352772	7.98137e-05	0.0001666	-0.000696313
0.287329	0.000338102	8.40745e-05	0.000161977	-0.000841077
0.287338	0.000317455	8.80696e-05	0.000145825	-0.00090763
0.287346	0.000293465	9.1705e-05	0.000124811	-0.000903966
0.287353	0.00027179	9.47262e-05	0.000108832	-0.000870228
0.28736	0.000254426	9.72304e-05	0.00010074	-0.000858654
0.287366	0.000237255	9.97844e-05	9.64278e-05	-0.000885167
0.287372	0.000220339	0.000102135	9.21917e-05	-0.000939575
0.287377	0.000200893	0.000104427	8.45119e-05	-0.000991167
0.287382	0.000178653	0.000106541	7.28268e-05	-0.00102445
0.287387	0.000157122	0.000108199	6.05633e-05	-0.00103453
0.28739	0.000134898	0.00010961	4.87026e-05	-0.00103226
0.287394	0.00011339	0.00011074	3.88413e-05	-0.00103194
0.287396	9.16524e-05	0.000111665	3.02758e-05	-0.00156416
0.287398	4.42159e-05	0.0001116	-3.59238e-05	-0.00105669
0.287399	2.12988e-05	0.000110458	-4.85715e-05	-0.000717503
0.287399	1.68971e-05	0.000109545	-2.09765e-05	-0.000681016
0.2874	1.52023e-05	0.000109435	1.09519e-05	-0.000883752
0.2874	3.39719e-06	0.000109842	2.07596e-05	-0.00112251
0.2874	-2.04298e-05	0.000110154	4.32817e-06	-0.00123726
0.287399	-5.24306e-05	0.000109833	-2.71531e-05	-0.0017829
0.287397	-0.000112009	0.000107886	-0.000119473	-0.00105626
0.287393	-0.000135609	0.000104513	-0.000135241	-0.000540905
0.28739	-0.000132102	0.000101632	-9.39798e-05	-0.00045573
0.287387	-0.0001233	9.99071e-05	-4.05566e-05	-0.000706392
0.287383	-0.0001272	9.92257e-05	-1.66885e-05	-0.00104904
0.28738	-0.000150217	9.8574e-05	-3.36619e-05	-0.00122964
0.287376	-0.000183056	9.71808e-05	-7.26507e-05	-0.00116687
0.287371	-0.000211963	9.49595e-05	-0.00010462	-0.000962328
0.287365	-0.000231794	9.2077e-05	-0.000116394	-0.000788018
0.287359	-0.000242958	8.91337e-05	-0.000110177	-0.000725744
0.287352	-0.000251091	8.65224e-05	-9.94002e-05	-0.000767714
0.287346	-0.000262416	8.39995e-05	-9.53454e-05	-0.000838367
0.287338	-0.000278664	8.13459e-05	-0.000101883	-0.000870803
0.287331	-0.000297585	7.84168e-05	-0.000115261	-0.00083869
0.287323	-0.000314319	7.53885e-05	-0.000126894	-0.000760886
0.287314	-0.000329176	7.18695e-05	-0.000133555	-0.000687999
0.287306	-0.000339949	6.85249e-05	-0.000134302	-0.000639565
0.287297	-0.000349509	6.50613e-05	-0.000132624	-0.000624213
0.287288	-0.000359216	6.16223e-05	-0.000132439	-0.000621405
0.287278	-0.000369765	5.81479e-05	-0.000135269	-0.00060842
0.287269	-0.000380675	5.45723e-05	-0.000140083	-0.000575399
0.287258	-0.000390863	5.08765e-05	-0.000144546	-0.000527587
0.287249	-0.000399246	4.72374e-05	-0.000146931	-0.000478597
0.287238	-0.000406447	4.3418e-05	-0.000147347	-0.000440032
0.287227	-0.000412719	3.95983e-05	-0.00014702	-0.000409965
0.287217	-0.000418285	3.59307e-05	-0.000146907	-0.000382479
0.287205	-0.000424259	3.18146e-05	-0.000147627	-0.000735894
0.287194	-0.000448488	2.75781e-05	-0.00019105	-0.000313292
0.287183	-0.000453602	2.27437e-05	-0.000194043	-1.63891e-05
0.287172	-0.000444529	1.82275e-05	-0.000167452	5.1684e-05
0.287161	-0.000410608	1.48597e-05	-8.74685e-05	-5.55454e-05
0.287149	-0.000403444	1.27602e-05	-6.67136e-05	-0.00099291
0.287138	-0.000450174	9.6043e-06	-0.000165201	-0.000603973
0.287125	-0.000477534	4.32437e-06	-0.000222697	-0.000259164
0.287112	-0.000488249	-2.27408e-06	-0.000245871	0.000285266
0.287099	-0.000454847	-7.77925e-06	-0.000174215	0.000635578
0.287089	-0.000420683	-1.11921e-05	-0.000102379	0.000295915
0.287078	-0.000391517	-1.301e-05	-4.25229e-05	-8.10638e-05
0.287068	-0.000396324	-1.43112e-05	-5.76766e-05	-0.000414586
0.287058	-0.000418341	-1.64337e-05	-0.000110936	-0.000298511
0.287046	-0.000436309	-1.99365e-05	-0.000156462	5.7289e-05
0.287035	-0.000413641	-2.35162e-05	-0.000114104	0.000379785
0.287025	-0.000388653	-2.59323e-05	-6.80003e-05	0.000186539
0.287015	-0.000368344	-2.71539e-05	-3.21088e-05	-4.62655e-05
0.287005	-0.000376014	-2.83346e-05	-5.83082e-05	-0.000236293
0.286995	-0.000394124	-3.05109e-05	-0.000107957	-4.79659e-05
0.286985	-0.000403421	-3.37449e-05	-0.000139195	0.000291754
0.286975	-0.000385148	-3.68762e-05	-0.000110608	0.000531832
0.286965	-0.000365034	-3.93244e-05	-7.9395e-05	0.000420594
0.286956	-0.000348995	-4.10721e-05	-5.78296e-05	0.000285261
0.286947	-0.000335608	-4.2361e-05	-4.25953e-05	0.000198021
0.286939	-0.000323762	-4.33062e-05	-3.11203e-05	0.000143067
0.28693	-0.000313195	-4.3996e-05	-2.27293e-05	0.000106674
0.286923	-0.000304051	-4.44863e-05	-1.70797e-05	8.59594e-05
0.286915	-0.000295755	-4.4862e-05	-1.34314e-05	7.87295e-05
0.286908	-0.000287903	-4.51808e-05	-1.14583e-05	8.23748e-05
0.2869	-0.000280744	-4.54707e-05	-1.11073e-05	9.64682e-05
0.286893	-0.000274443	-4.57592e-05	-1.2139e-05	0.00012017
0.286886	-0.000267998	-4.61336e-05	-1.47596e-05	-0.000199705
0.286879	-0.000289979	-4.73198e-05	-7.81542e-05	0.000196185
0.286871	-0.000282898	-4.94659e-05	-7.963e-05	0.000449493
0.286863	-0.000270329	-5.16012e-05	-6.98001e-05	0.000528087
0.286856	-0.000256269	-5.34395e-05	-5.88027e-05	0.000516361
0.28685	-0.000243842	-5.47805e-05	-4.91624e-05	0.000650535
0.286844	-0.000224661	-5.57511e-05	-2.58152e-05	0.000635773
0.286838	-0.000206271	-5.61304e-05	-4.43443e-06	0.000536908
0.286833	-0.000192558	-5.60929e-05	5.90128e-06	0.00019273
0.286827	-0.000192774	-5.61667e-05	-1.576e-05	0.000143485
0.286822	-0.000195906	-5.69287e-05	-4.17646e-05	0.000566794
0.286817	-0.000182543	-5.78358e-05	-3.11428e-05	0.000755375
0.286813	-0.000159033	-5.82178e-05	7.56765e-07	0.000731021
0.286809	-0.000137697	-5.7834e-05	2.8642e-05	0.000576163
0.286806	-0.000123231	-5.69066e-05	4.09282e-05	0.000431987
0.286803	-0.000116607	-5.58956e-05	3.63501e-05	0.000373958
0.2868	-0.000113259	-5.51249e-05	2.56131e-05	0.00041555
0.286797	-0.0001073	-5.45231e-05	1.93992e-05	0.000270099
0.286794	-0.000108465	-5.42817e-05	-2.98557e-06	0.000350867
0.286791	-0.00010587	-5.45721e-05	-1.7137e-05	0.000569443
0.286788	-9.19658e-05	-5.48598e-05	-5.17716e-06	0.000820095
0.286786	-6.27911e-05	-5.4373e-05	3.88614e-05	0.000668936
0.286785	-4.40427e-05	-5.3088e-05	6.24663e-05	0.000340081
