0	0.5	5.5	0.4	0
-0.00154939	-0.0966405	-0.305286	-0.33032	-0
-0.00886632	-0.232711	-0.330461	-0.805566	1.42076
-0.0156764	-0.251282	-0.355457	-0.971888	5.2
-0.020682	-0.101476	-0.380262	-0.786589	5.2
-0.0213942	0.039936	-0.39837	-0.616887	5.2
-0.0185328	0.174002	-0.412365	-0.468407	5.2
-0.0119568	0.307339	-0.423058	-0.331199	5.2
-0.00228168	0.431563	-0.430025	-0.211012	5.2
0.0111398	0.557552	-0.434078	-0.0946097	5.2
0.0272525	0.677075	-0.435082	0.012768	5.2
0.0472605	0.800383	-0.433198	0.122683	5.2
0.0705984	0.923905	-0.428331	0.234244	5.2
0.0972869	1.04872	-0.42039	0.350818	5.2
0.127376	1.17597	-0.409189	0.475995	5.2
0.160951	1.30697	-0.394441	0.613762	5.2
0.198132	1.44322	-0.375745	0.768702	4.62379
0.238706	1.5591	-0.353377	0.887415	3.65973
0.280256	1.63413	-0.329724	0.931356	2.86245
0.325008	1.67934	-0.304821	0.915521	2.47085
0.370781	1.71074	-0.280651	0.878906	2.40211
0.415685	1.74306	-0.258145	0.856383	2.45192
0.463313	1.78525	-0.235041	0.85996	2.42562
0.510332	1.83099	-0.212424	0.88246	2.23154
0.558501	1.87363	-0.189203	0.906138	1.91637
0.609564	1.90838	-0.164607	0.918598	1.57642
0.659481	1.93126	-0.140799	0.915854	1.27716
0.707927	1.94466	-0.118115	0.902182	1.03417
0.760535	1.95288	-0.0940836	0.882141	0.909722
0.813369	1.96152	-0.0704651	0.871545	0.770608
0.86644	1.97018	-0.0470058	0.869411	0.570822
0.917713	1.97467	-0.0244785	0.866829	0.314384
0.972958	1.9725	-0.000397315	0.857314	0.0587385
1.02215	1.9642	0.020806	0.842352	-0.235695
1.07379	1.84542	0.0406188	0.592827	-0.445515
1.12	1.71724	0.0523594	0.327633	0.960037
1.16692	1.76672	0.0626933	0.45625	2.59495
1.21669	1.91707	0.0798711	0.810721	1.50446
1.26788	2.01421	0.104326	1.055	-1.08825
1.32112	1.91297	0.130855	0.875574	-3.03408
1.36731	1.78818	0.149762	0.648964	-2.2716
1.41576	1.68478	0.165237	0.480857	-1.17773
1.45692	1.61205	0.175864	0.377792	-0.492838
1.49792	1.54629	0.184526	0.295442	-0.119345
1.53733	1.48875	0.191333	0.233641	0.54891
1.57711	1.56737	0.200634	0.471275	0.619351
1.62061	1.65186	0.216942	0.728902	-1.21908
1.66145	1.60708	0.235111	0.705718	-2.85133
1.7036	1.51985	0.252681	0.602618	-3.29104
1.74466	1.41513	0.267655	0.470811	-3.0091
1.78036	1.33548	0.278774	0.390939	-2.543
1.81561	1.27963	0.288972	0.369921	-2.34467
1.84833	1.23946	0.298729	0.382565	-2.49406
1.87996	1.19567	0.30877	0.390814	-2.83738
1.91029	1.13945	0.318731	0.375759	-3.16495
1.94007	1.06847	0.328328	0.336486	-3.35735
1.96584	0.996479	0.336118	0.289535	-3.41062
1.99166	0.91907	0.343257	0.242251	-3.3868
2.01459	0.847972	0.349056	0.20636	-3.36939
2.03649	0.777195	0.354211	0.177629	-3.39951
2.05578	0.709559	0.358482	0.152719	-3.47318
2.07329	0.640215	0.362078	0.125519	-3.5539
2.08897	0.568628	0.364919	0.094637	-3.61427
2.10276	0.495497	0.366925	0.0612934	-3.64465
2.11465	0.421993	0.368062	0.0277053	-3.65091
2.12498	0.34606	0.368334	-0.00606075	-3.64537
2.133	0.273666	0.367757	-0.0370692	-3.63493
2.13935	0.199221	0.366322	-0.0680535	-3.62292
2.14357	0.128079	0.364159	-0.0973455	-3.60642
2.14594	0.0574291	0.361238	-0.126461	-3.58283
2.14649	-0.012569	0.357565	-0.15532	-3.54929
2.14523	-0.0817698	0.353145	-0.183871	-3.506
2.14203	-0.152458	0.347785	-0.212758	-3.45297
2.13717	-0.219227	0.341897	-0.23973	-3.38999
2.13088	-0.281884	0.335592	-0.264379	-3.32224
2.12269	-0.345392	0.328399	-0.288791	-3.25351
2.11288	-0.407408	0.320582	-0.312589	-3.17775
2.10102	-0.470121	0.311841	-0.336637	-3.09389
2.08801	-0.528727	0.302801	-0.35903	-2.99849
2.0735	-0.585101	0.293201	-0.379821	-2.89871
2.05756	-0.639362	0.283072	-0.399453	-2.79659
2.04024	-0.691166	0.272462	-0.417348	-2.68963
2.02161	-0.740591	0.261407	-0.433831	-2.58161
2.00251	-0.785836	0.250389	-0.448397	-2.47085
1.98064	-0.832471	0.238088	-0.46346	-2.36171
1.95931	-0.873387	0.226351	-0.476464	-2.23668
1.93515	-0.91486	0.213329	-0.489023	-2.11632
1.91086	-0.952096	0.200493	-0.499683	-1.98437
1.88663	-0.985179	0.187904	-0.508202	-1.85564
1.8606	-1.01667	0.174614	-0.515138	-1.73295
1.83378	-1.04544	0.161169	-0.520726	-1.60787
1.80518	-1.07276	0.147065	-0.525849	-1.48229
1.77698	-1.09663	0.133359	-0.530223	-1.34715
1.74819	-1.11754	0.119563	-0.53281	-1.21202
1.72002	-1.13501	0.106243	-0.533985	-1.07968
1.68914	-1.15175	0.0918073	-0.535523	-0.953216
1.65903	-1.16445	0.0779252	-0.534371	-0.807609
1.62981	-1.17329	0.0646409	-0.53031	-0.676407
1.59804	-1.18026	0.0504166	-0.525153	-0.562173
1.56848	-1.1847	0.037372	-0.52044	-0.438195
1.53646	-1.1873	0.0234142	-0.515301	-0.318652
1.5056	-1.18749	0.0101147	-0.509918	-0.1854
1.47477	-1.18478	-0.00302071	-0.502688	-0.0556885
1.44404	-1.17958	-0.0159615	-0.494441	0.141242
1.4153	-1.11348	-0.026756	-0.355865	0.220474
1.3864	-1.03308	-0.0339728	-0.190878	-0.559829
1.36015	-1.06512	-0.0398191	-0.273086	-1.57843
1.33135	-1.15026	-0.0495405	-0.474791	-0.892542
1.29944	-1.20943	-0.0645051	-0.624513	0.585487
1.2687	-1.14864	-0.0795185	-0.515804	1.77654
1.24096	-1.07368	-0.090626	-0.379393	1.30066
1.21287	-1.01383	-0.0993688	-0.281776	0.643818
1.18714	-0.967904	-0.105771	-0.215996	0.242999
1.16253	-0.92802	-0.110673	-0.165348	-0.0399441
1.13713	-0.955517	-0.116442	-0.265395	-0.334491
1.11167	-1.00131	-0.125222	-0.406458	0.518056
1.08607	-0.966763	-0.135437	-0.375124	1.52239
1.06063	-0.919843	-0.144798	-0.321894	1.52661
1.03729	-0.87763	-0.152583	-0.280039	1.39589
1.01493	-0.844337	-0.159562	-0.260177	1.31806
0.993349	-0.817786	-0.166264	-0.257367	1.36499
0.971656	-0.790502	-0.173199	-0.257492	1.51288
0.95229	-0.760175	-0.179513	-0.248738	1.68829
0.933044	-0.721906	-0.185678	-0.227094	1.79951
0.914158	-0.678716	-0.191414	-0.199214	1.83773
0.897079	-0.636928	-0.196238	-0.173735	1.83956
0.880469	-0.595278	-0.200623	-0.152716	1.84325
0.866074	-0.558052	-0.204234	-0.137481	1.87381
0.851572	-0.517805	-0.207725	-0.1222	1.9233
0.837699	-0.474805	-0.210886	-0.10483	2.38621
0.826183	-0.413167	-0.212776	-0.0423365	2.02601
0.815305	-0.366702	-0.21358	-0.0172855	1.78246
0.806195	-0.335677	-0.214123	-0.0236538	1.75271
0.79785	-0.307386	-0.214882	-0.0346182	1.9008
0.790596	-0.27392	-0.215721	-0.0318021	2.07793
0.784043	-0.231099	-0.216296	-0.011682	2.1714
0.778863	-0.185069	-0.216202	0.0181446	2.16296
0.774691	-0.137753	-0.215325	0.0481159	2.08453
0.771606	-0.0925803	-0.213702	0.0710565	1.99926
0.76973	-0.0532382	-0.21167	0.0847267	1.94943
0.768847	-0.0160985	-0.209339	0.094349	1.94415
0.768931	0.0211912	-0.206744	0.105137	1.95785
0.77	0.0596623	-0.203824	0.119437	1.96013
0.77218	0.100462	-0.200356	0.137263	1.93621
0.775316	0.13937	-0.196556	0.154837	1.88666
0.779442	0.176713	-0.192327	0.170372	1.8289
0.784302	0.210802	-0.187912	0.182765	1.77574
0.790484	0.246015	-0.182824	0.194337	1.73314
0.797324	0.279046	-0.177632	0.205319	1.69134
0.804701	0.310053	-0.172369	0.215948	1.64581
0.813186	0.341506	-0.16661	0.227146	1.59575
0.822477	0.372074	-0.160558	0.238424	1.53653
0.832543	0.401193	-0.154229	0.248646	1.47022
0.84334	0.428542	-0.14766	0.257201	1.40361
0.854826	0.454295	-0.140885	0.264537	1.34063
0.866486	0.477729	-0.1342	0.270895	1.27899
0.87972	0.501899	-0.126801	0.277757	1.21851
0.89254	0.52312	-0.119788	0.283935	1.14741
0.907505	0.545296	-0.111763	0.290127	1.07722
0.921933	0.564417	-0.104171	0.29531	0.996813
0.936836	0.58158	-0.0964596	0.298814	0.919968
0.952161	0.596991	-0.0886734	0.301114	0.847808
0.967256	0.610351	-0.0811385	0.302635	0.778085
0.983918	0.623546	-0.0729562	0.304348	0.710978
1.00028	0.635144	-0.0650281	0.306305	0.633655
1.01758	0.645521	-0.056753	0.307541	0.552992
1.03512	0.653937	-0.0484682	0.307398	0.469445
1.05286	0.660402	-0.0402061	0.305898	0.389846
1.07009	0.664912	-0.0323008	0.303435	0.314478
1.08808	0.668189	-0.0241601	0.300624	0.244763
1.10615	0.670104	-0.0161014	0.297679	0.171035
1.12491	0.67065	-0.00783205	0.294451	0.0956065
1.14233	0.669671	-0.000238927	0.290887	0.0132634
1.1597	0.666724	0.00723823	0.285566	-0.0752472
1.17656	0.626468	0.0136687	0.200821	-0.147796
1.19225	0.582862	0.0176397	0.110503	0.331226
1.20766	0.602809	0.0211723	0.160778	0.891907
1.22408	0.656173	0.027079	0.285897	0.472243
1.24226	0.688776	0.0359612	0.368407	-0.434493
1.25961	0.647107	0.0445077	0.29068	-1.10129
1.27629	0.593666	0.0508519	0.190306	-0.726821
1.29182	0.560365	0.0551441	0.135948	-0.225427
1.30663	0.536089	0.0583972	0.102705	0.0216989
1.32134	0.553602	0.0619877	0.162213	0.204402
1.33552	0.58009	0.0670555	0.241233	-0.287592
1.35037	0.560139	0.0731323	0.221248	-0.852555
1.36501	0.528823	0.0784083	0.17928	-0.842616
1.37896	0.505444	0.0829162	0.156422	-0.694863
1.39238	0.490502	0.0870586	0.153561	-0.657447
1.40498	0.47981	0.0911267	0.160295	-0.735821
1.41729	0.467388	0.0953442	0.164648	-0.871319
1.4292	0.449565	0.0995434	0.158606	-0.997436
1.441	0.425419	0.103578	0.141447	-1.06271
1.45171	0.400101	0.106982	0.121667	-1.0624
1.46179	0.375966	0.109921	0.105552	-1.03834
1.47091	0.354982	0.112426	0.0958096	-1.03205
1.47986	0.334456	0.114823	0.0893507	-1.05761
1.48859	0.3128	0.117139	0.0827318	-1.10464
1.49642	0.290314	0.119162	0.0735235	-1.15301
1.50364	0.266076	0.120903	0.0611257	-1.18096
1.51046	0.240102	0.122352	0.0470585	-1.18705
1.51636	0.215371	0.123404	0.0345542	-1.18244
1.52164	0.191352	0.124156	0.023913	-1.18041
1.5263	0.167834	0.12465	0.014581	-1.18609
1.53049	0.143444	0.124909	0.0050966	-1.19655
1.53389	0.119652	0.12491	-0.00466003	-1.20558
1.53668	0.0955568	0.124648	-0.0151205	-1.20738
1.53891	0.0704843	0.124084	-0.0262379	-1.20153
1.54037	0.0475397	0.1233	-0.0361592	-1.18997
1.54129	0.0241524	0.122231	-0.045751	-1.17779
1.54161	0.00212549	0.120976	-0.0543443	-1.16574
1.54136	-0.0204075	0.11945	-0.0629314	-1.15445
1.54049	-0.0435477	0.117628	-0.0718698	-1.14125
1.53906	-0.0651965	0.115651	-0.0804219	-1.12354
1.53715	-0.0863391	0.113535	-0.0886772	-1.10204
1.53463	-0.107321	0.111127	-0.0965413	-1.07937
1.53156	-0.127738	0.10852	-0.10402	-1.05531
1.52841	-0.145259	0.106056	-0.110217	-1.02978
1.52421	-0.165232	0.102987	-0.117159	-1.00657
1.51966	-0.184019	0.0998554	-0.12392	-0.97765
1.51443	-0.202874	0.0964216	-0.130663	-0.945578
1.50915	-0.219607	0.0930854	-0.136422	-0.909946
1.50298	-0.236823	0.0893288	-0.142019	-0.876253
1.49661	-0.252611	0.0855763	-0.14695	-0.839824
1.48984	-0.267564	0.0817032	-0.151344	-0.803928
1.48269	-0.281748	0.0777208	-0.155389	-0.767833
1.47519	-0.295195	0.0736368	-0.159184	-0.730529
1.46734	-0.307876	0.0694582	-0.162704	-0.691469
1.45918	-0.319735	0.0651931	-0.165852	-0.65084
1.45039	-0.331333	0.0606744	-0.169097	-0.609287
1.44164	-0.341476	0.0562537	-0.171489	-0.562951
1.43299	-0.350132	0.0519564	-0.172808	-0.519652
1.42378	-0.358164	0.0474618	-0.173543	-0.481226
1.41437	-0.365606	0.0429431	-0.174511	-0.442617
1.40515	-0.372025	0.038578	-0.175276	-0.400173
1.3954	-0.377823	0.0340242	-0.175657	-0.358048
1.38551	-0.382793	0.0294643	-0.175768	-0.314401
1.3755	-0.386953	0.0249022	-0.17565	-0.270121
1.3654	-0.390095	0.0203548	-0.174842	-0.225028
1.35523	-0.392266	0.0158364	-0.173442	-0.182053
1.34462	-0.393739	0.0111825	-0.171889	-0.14081
1.33399	-0.394373	0.00657642	-0.170126	-0.0968936
1.32374	-0.39409	0.00219033	-0.167993	-0.0527307
1.3143	-0.392907	-0.00180168	-0.165311	-0.0114192
1.30411	-0.390837	-0.00605007	-0.162077	0.0281934
1.2942	-0.368683	-0.00974729	-0.116164	0.070236
1.28496	-0.34357	-0.0120561	-0.0647862	-0.185814
1.27557	-0.353267	-0.0141189	-0.0906272	-0.503429
1.26639	-0.380235	-0.0172054	-0.154829	-0.281052
1.25626	-0.398066	-0.0218516	-0.200503	0.188973
1.24619	-0.37592	-0.0265571	-0.160129	0.554026
1.23675	-0.35166	-0.0301256	-0.116528	0.365664
1.22787	-0.333226	-0.0327212	-0.0867444	0.162391
1.2191	-0.31757	-0.0347358	-0.064275	0.0432268
1.21102	-0.304463	-0.0361717	-0.0475392	-0.0946513
1.20292	-0.318256	-0.0379767	-0.0903113	-0.177505
1.1944	-0.336855	-0.0410424	-0.144434	0.176639
1.18578	-0.325248	-0.0446831	-0.133488	0.558862
1.17757	-0.306906	-0.0478157	-0.108932	0.559199
1.16983	-0.289635	-0.0503545	-0.087689	0.47191
1.16275	-0.278065	-0.0524214	-0.0790494	0.401403
1.15589	-0.270818	-0.0544043	-0.0805437	0.40056
1.14894	-0.264395	-0.0565567	-0.0852386	0.459185
1.14218	-0.255755	-0.0587799	-0.0858166	0.541637
1.1357	-0.243403	-0.0609159	-0.0790019	0.601873
1.12957	-0.228616	-0.0628124	-0.0675371	0.617386
1.12383	-0.213653	-0.0644126	-0.0562796	0.602788
1.11866	-0.200557	-0.0657181	-0.04876	0.58668
1.11342	-0.188093	-0.0669715	-0.0444089	0.588685
1.1087	-0.176033	-0.0680788	-0.0412001	0.61142
1.10429	-0.163462	-0.0690896	-0.0368719	0.639474
1.10023	-0.149818	-0.0699609	-0.0305127	0.659617
1.09626	-0.134415	-0.070697	-0.0224065	0.802575
1.09305	-0.112942	-0.0709717	0.00065274	0.663683
1.09032	-0.0983315	-0.0708312	0.00865783	0.564483
1.08788	-0.0894508	-0.0706616	0.00416297	0.549214
1.08574	-0.081879	-0.0706402	-0.00224648	0.606838
1.08361	-0.0704953	-0.0707231	-0.00307611	0.677149
1.08197	-0.0560903	-0.0707022	0.00454151	0.719929
1.08074	-0.0394607	-0.0704163	0.0170825	0.708008
1.07993	-0.0234112	-0.0698182	0.0285006	0.663156
1.07951	-0.00962296	-0.0689863	0.035206	0.621049
1.07942	0.00217454	-0.0680331	0.0378526	0.603663
1.07964	0.0136073	-0.0669933	0.0391582	0.608321
1.08015	0.0250371	-0.0659433	0.0416904	0.620632
1.08096	0.0373521	-0.0647972	0.046533	0.623825
1.08205	0.0496518	-0.0635576	0.0525817	0.611478
1.08358	0.062644	-0.0620505	0.0589571	0.588988
1.08529	0.073876	-0.0605182	0.0636072	0.562813
1.08735	0.0845853	-0.0588229	0.0668596	0.543569
1.08969	0.0947654	-0.0570502	0.0695396	0.530866
1.09229	0.104715	-0.0552079	0.0723269	0.519734
1.09514	0.114612	-0.0532857	0.0756352	0.506206
1.09825	0.124314	-0.0512749	0.0791824	0.487656
1.10161	0.133609	-0.0491746	0.0825341	0.46561
1.10506	0.141776	-0.0470802	0.0845137	0.442593
1.10901	0.150477	-0.044751	0.0876594	0.426232
1.11303	0.158397	-0.0424413	0.0902415	0.399948
1.11724	0.16561	-0.0400745	0.0920655	0.375645
1.12129	0.171697	-0.0378538	0.0932136	0.353977
1.12602	0.178161	-0.0353218	0.0945004	0.335669
1.13073	0.18407	-0.0328507	0.0958944	0.313495
1.13578	0.189819	-0.0302447	0.0973873	0.289622
1.14078	0.194819	-0.027702	0.0985202	0.262811
1.1459	0.199169	-0.0251374	0.099092	0.237155
1.15113	0.202935	-0.0225636	0.0992561	0.213313
1.15645	0.206271	-0.0199852	0.0993487	0.190535
1.16206	0.209266	-0.0173085	0.0993402	0.166915
1.16753	0.21171	-0.0147316	0.0992563	0.141745
1.17306	0.213618	-0.012161	0.0988685	0.116762
1.17885	0.215067	-0.0095062	0.0982178	0.0924648
1.18445	0.215987	-0.00696802	0.0974289	0.0676604
1.1905	0.216448	-0.00426141	0.0963759	0.0438535
1.19656	0.216516	-0.00158116	0.0954418	0.0183006
1.20219	0.216261	0.000892043	0.0947509	-0.0096121
1.20766	0.202902	0.00302074	0.066115	-0.045112
1.21254	0.188856	0.00427938	0.0364987	0.120276
1.21753	0.194914	0.00542345	0.0514159	0.30278
1.22259	0.210006	0.00714801	0.0865368	0.179937
1.22865	0.221779	0.0100048	0.115454	-0.0791645
1.23426	0.209062	0.0127089	0.0914048	-0.308533
1.2395	0.194863	0.0147227	0.0649076	-0.19246
1.2446	0.183655	0.0161874	0.0457632	-0.0652205
1.24925	0.174784	0.0171865	0.0319583	0.0482294
1.25388	0.181287	0.0182857	0.05221	0.108061
1.25873	0.191197	0.0200152	0.0804082	-0.0615459
1.26362	0.184188	0.0220235	0.0721477	-0.25998
1.26811	0.176093	0.0236894	0.0618325	-0.245313
1.27259	0.168965	0.0251917	0.0544725	-0.214976
1.27708	0.16345	0.0266101	0.0514798	-0.202251
1.28111	0.159351	0.0278914	0.0513567	-0.215605
1.28535	0.155239	0.0292889	0.052387	-0.24389
1.28932	0.150255	0.0306376	0.0515967	-0.282433
1.29314	0.143692	0.0319255	0.0477929	-0.309668
1.29677	0.136136	0.033091	0.0422284	-0.31854
1.30021	0.128507	0.0341143	0.0368767	-0.315827
1.30345	0.121391	0.035018	0.0329745	-0.313157
1.30652	0.114753	0.0358384	0.0304148	-0.318108
1.30941	0.108179	0.0365983	0.0282606	-0.330419
1.31213	0.101273	0.0372967	0.0256275	-0.344762
1.31466	0.0938506	0.037914	0.0220865	-0.355801
1.317	0.0860842	0.0384318	0.0179836	-0.360663
1.31913	0.0782703	0.0388436	0.0139348	-0.361145
1.32106	0.070612	0.0391565	0.0103503	-0.360813
1.32273	0.0634104	0.0393755	0.00734625	-0.362157
1.32428	0.0559754	0.0395262	0.00440477	-0.365157
1.32559	0.0487699	0.0395981	0.00148955	-0.368463
1.32679	0.0408843	0.039591	-0.00187395	-0.37023
1.32775	0.0332464	0.0394969	-0.005227	-0.369775
1.32851	0.0256531	0.0393165	-0.00852798	-0.367505
1.3291	0.0180162	0.039044	-0.0113563	-0.364365
1.32947	0.01026	0.0386839	-0.0148253	-0.36366
1.32964	0.00260848	0.0382389	-0.0180714	-0.357463
1.32962	-0.00452322	0.0377323	-0.0208399	-0.351492
1.32939	-0.0117164	0.0371341	-0.023442	-0.346636
1.329	-0.0185212	0.0364926	-0.0258901	-0.342012
1.32843	-0.0252367	0.0357871	-0.02837	-0.336761
1.32768	-0.0318516	0.0350169	-0.0308791	-0.330172
1.32677	-0.0383306	0.0341815	-0.0333616	-0.322221
1.32564	-0.0448573	0.0332478	-0.0358084	-0.313205
1.32439	-0.0508956	0.0322895	-0.0379441	-0.303329
1.32293	-0.0569197	0.031238	-0.0399745	-0.293915
1.32132	-0.062707	0.0301343	-0.0418646	-0.284027
1.31968	-0.0678489	0.0290682	-0.0434928	-0.273766
1.31778	-0.0731624	0.0278734	-0.0451227	-0.263922
1.31589	-0.0778969	0.0267279	-0.0466064	-0.252934
1.3138	-0.0825751	0.0254993	-0.0480124	-0.241869
1.31168	-0.0868456	0.0242848	-0.0492627	-0.230129
1.30936	-0.0910504	0.0229894	-0.0504691	-0.218456
1.30685	-0.0951517	0.0216135	-0.05161	-0.20586
1.30433	-0.0988342	0.0202609	-0.0525853	-0.192389
1.30161	-0.102343	0.0188326	-0.0533947	-0.179144
1.29891	-0.105438	0.0174383	-0.0540323	-0.165603
1.29602	-0.108351	0.0159753	-0.0545343	-0.15249
1.29317	-0.110895	0.0145547	-0.0549336	-0.138922
1.29026	-0.113151	0.0131257	-0.0551849	-0.12552
1.28729	-0.115133	0.0116917	-0.0553183	-0.112211
1.28439	-0.116743	0.0103114	-0.0553403	-0.0988597
1.28122	-0.118296	0.00882085	-0.05529	-0.0858792
1.27825	-0.119446	0.00744275	-0.0551553	-0.071842
1.27513	-0.120335	0.006016	-0.0548148	-0.058647
1.27199	-0.120967	0.0045992	-0.0543945	-0.0455322
1.26872	-0.12137	0.00314041	-0.0539081	-0.0323717
1.26556	-0.121511	0.0017486	-0.0533801	-0.0185144
1.26241	-0.121356	0.000372896	-0.0526728	-0.00507387
1.25926	-0.120525	-0.000971373	-0.0509434	0.00813485
1.25622	-0.113111	-0.00210969	-0.0352049	0.0187319
1.25339	-0.105136	-0.00279456	-0.0185486	-0.0710153
1.25062	-0.108428	-0.00337324	-0.0268041	-0.173231
1.24756	-0.117908	-0.00439615	-0.0489449	-0.109862
1.24441	-0.124356	-0.00588348	-0.0648118	0.0550438
1.24127	-0.117109	-0.00739604	-0.0511629	0.180776
1.23822	-0.108554	-0.00855224	-0.0352039	0.113906
1.23549	-0.102544	-0.00931859	-0.0250489	0.0363474
1.23279	-0.0974993	-0.00988327	-0.0173615	-0.0186748
1.23021	-0.100782	-0.0104756	-0.028	-0.0545706
1.22752	-0.106161	-0.0114096	-0.0434905	0.0330223
1.2248	-0.102408	-0.0125007	-0.0393045	0.141776
1.2222	-0.0979608	-0.0134479	-0.0339415	0.135931
1.21971	-0.0941371	-0.0142779	-0.030247	0.121943
1.21748	-0.0914307	-0.0149827	-0.0288812	0.117273
1.21496	-0.0889011	-0.0157886	-0.0289399	0.124692
1.21268	-0.0865252	-0.0165429	-0.0291992	0.143379
1.21047	-0.0834577	-0.0172881	-0.0281966	0.16252
1.20844	-0.0797387	-0.0179605	-0.0257766	0.174333
1.20634	-0.0753481	-0.0186125	-0.0225765	0.176632
1.20437	-0.0710446	-0.0191815	-0.0197824	0.17498
1.20258	-0.0671854	-0.019669	-0.0178953	0.175039
1.20082	-0.0633757	-0.0201318	-0.0165372	0.179383
1.19916	-0.0595135	-0.0205588	-0.0152205	0.18717
1.19772	-0.0556944	-0.0209176	-0.0135967	0.194972
1.19623	-0.0511443	-0.0212648	-0.0113098	0.199478
1.195	-0.0469627	-0.0215183	-0.0091049	0.20119
1.1938	-0.0424704	-0.0217321	-0.00685843	0.201153
1.19271	-0.0380783	-0.0218893	-0.00489711	0.240211
1.19177	-0.0317259	-0.0219376	0.00132393	0.202446
1.19101	-0.0274876	-0.0218758	0.00319834	0.177047
1.19033	-0.0246551	-0.0218076	0.00201289	0.175583
1.18975	-0.0220469	-0.0217751	0.000636611	0.192049
1.18922	-0.0185206	-0.021755	0.000998317	0.209887
1.1888	-0.0140621	-0.021698	0.00341613	0.217965
1.1885	-0.00914958	-0.0215635	0.00686132	0.21317
1.18832	-0.00426862	-0.0213341	0.0100188	0.20119
1.18827	-0.000160668	-0.021049	0.011848	0.190079
1.18831	0.00341338	-0.0207308	0.0126087	0.185648
1.18844	0.0068174	-0.0203968	0.013107	0.186988
1.18866	0.0102301	-0.0200581	0.0140015	0.189541
1.18898	0.0139957	-0.0196744	0.0155283	0.189149
1.18939	0.0178468	-0.0192464	0.0173796	0.1846
1.18991	0.0215708	-0.018772	0.0191048	0.177353
1.19054	0.0251726	-0.0182377	0.0204914	0.170049
1.19124	0.028394	-0.0176925	0.0214678	0.164086
1.19201	0.0314455	-0.0171259	0.0222593	0.159823
1.19284	0.0343104	-0.01656	0.0230539	0.156117
1.19377	0.0372554	-0.0159489	0.0240032	0.151822
1.19478	0.0401471	-0.0153119	0.0250465	0.146053
1.1959	0.0430264	-0.0146224	0.0260921	0.139094
1.19701	0.0455227	-0.0139605	0.0269081	0.131405
1.19822	0.0479225	-0.013253	0.027558	0.124578
1.19955	0.0502539	-0.0125019	0.0281368	0.118081
1.20083	0.0522735	-0.0117936	0.0286052	0.111334
1.20227	0.0543233	-0.0110157	0.0290844	0.104986
1.20365	0.0560998	-0.0102843	0.0295073	0.0977565
1.20519	0.057872	-0.00948315	0.0299125	0.0906997
1.20672	0.059427	-0.00870248	0.0302379	0.0828617
1.2084	0.0609182	-0.00785412	0.0304833	0.0862176
1.21007	0.0627974	-0.00701215	0.0319842	0.0670707
1.21172	0.0638634	-0.00618038	0.0320826	0.0512153
1.21339	0.0643346	-0.00536	0.0311568	0.0431217
1.215	0.0646057	-0.00459581	0.0301258	0.0406345
1.21675	0.0650246	-0.00379186	0.0295644	0.0390436
1.21845	0.0655823	-0.00302399	0.0296284	0.0340483
1.22009	0.0660952	-0.00228131	0.0298845	0.025457
1.22188	0.0664296	-0.00147511	0.029952	0.015794
1.22361	0.0664878	-0.00070108	0.0297061	0.00574174
1.22533	0.0660378	5.54413e-05	0.0286054	-0.00364443
1.22694	0.062037	0.000672293	0.0199489	-0.00664213
1.22849	0.0575074	0.00105766	0.0103091	0.0427732
1.22995	0.059518	0.00137598	0.0151109	0.103754
1.23157	0.0648712	0.00193362	0.0274028	0.0642382
1.23331	0.0685568	0.00276857	0.0362739	-0.0249603
1.23504	0.0644801	0.00361329	0.0284119	-0.0945243
1.23671	0.0598856	0.00425736	0.0197192	-0.0559307
1.23822	0.0564761	0.00468398	0.0137552	-0.0141042
1.2396	0.0537571	0.00496894	0.00936342	0.0252917
1.24108	0.0561176	0.00531219	0.0163424	0.0418449
1.24259	0.0595688	0.00586311	0.0257966	-0.0149459
1.24411	0.057298	0.00650466	0.0229082	-0.0808221
1.24551	0.0546773	0.00703009	0.0193622	-0.0743022
1.2469	0.052451	0.00749867	0.0169376	-0.062761
1.24824	0.0507131	0.00792016	0.015735	-0.0578792
1.24953	0.0492936	0.00832287	0.0153698	-0.0598712
1.25075	0.0481479	0.00870928	0.0156279	-0.0667418
1.25203	0.0469197	0.00913657	0.0160695	-0.077162
1.25319	0.0453813	0.00953324	0.015733	-0.0898059
1.25434	0.0432755	0.00992444	0.0144078	-0.0972696
1.25543	0.0408832	0.0102737	0.0125798	-0.099048
1.25646	0.0385167	0.0105777	0.0109194	-0.0974456
1.25743	0.0363459	0.0108455	0.00978508	-0.0964459
1.25835	0.0343293	0.0110896	0.00907555	-0.0982704
1.25922	0.0323141	0.0113166	0.00844892	-0.102448
1.26006	0.0300847	0.011532	0.00757651	-0.130507
1.26082	0.0265781	0.0116908	0.00397074	-0.110286
1.2615	0.0239856	0.0117735	0.00241142	-0.0966433
1.2621	0.0223213	0.01184	0.0027594	-0.0942901
1.26266	0.0208405	0.0119219	0.00353471	-0.102799
1.26318	0.0189835	0.0120127	0.00345178	-0.114171
1.26364	0.0165104	0.0120864	0.00217188	-0.120536
1.26403	0.0137691	0.0121174	0.000259019	-0.119697
1.26434	0.0111799	0.0121012	-0.00147538	-0.114452
1.2646	0.00877703	0.0120467	-0.00265508	-0.109472
1.26481	0.00654856	0.0119654	-0.00331903	-0.10752
1.26496	0.00443243	0.0118696	-0.00376773	-0.108477
1.26504	0.00249421	0.0117724	-0.00432218	-0.110489
1.26507	0.000269729	0.0116479	-0.00523361	-0.111155
1.26505	-0.00210399	0.0114911	-0.0063689	-0.10972
1.26496	-0.00443759	0.0113039	-0.00747654	-0.106676
1.26482	-0.00648444	0.0111063	-0.00831502	-0.103323
1.26462	-0.00848387	0.0108815	-0.00897491	-0.100932
1.26438	-0.010417	0.0106404	-0.00956822	-0.0993576
1.26408	-0.0123236	0.0103837	-0.0101876	-0.0978573
1.26372	-0.0142932	0.0100992	-0.0109031	-0.0958819
1.26332	-0.0161612	0.00980646	-0.0116267	-0.093034
1.26288	-0.0179588	0.00949563	-0.0122982	-0.0897064
1.26237	-0.0197335	0.00915566	-0.0129081	-0.0863112
1.26186	-0.0212919	0.00882714	-0.0133956	-0.082923
1.26128	-0.0228345	0.0084732	-0.0138466	-0.0799134
1.26062	-0.0244353	0.00807906	-0.014336	-0.0923115
1.25993	-0.026737	0.00766219	-0.0166119	-0.0730554
1.25922	-0.0281093	0.0072238	-0.0170979	-0.0581872
1.25847	-0.0288052	0.00679111	-0.0162484	-0.0532287
1.25772	-0.0293538	0.00638329	-0.0152183	-0.055917
1.25694	-0.0301626	0.00599295	-0.014894	-0.0598705
1.25615	-0.0313015	0.00559951	-0.0154259	-0.0597251
1.25532	-0.0325567	0.00518727	-0.0163495	-0.0542453
1.25445	-0.0336506	0.0047533	-0.0170618	-0.046021
1.25357	-0.0344393	0.00430778	-0.0172541	-0.0386056
1.25267	-0.034967	0.00386298	-0.0170251	-0.0338962
1.25175	-0.0353777	0.00342568	-0.0166889	-0.0314449
1.25079	-0.0358101	0.0029786	-0.016508	-0.0295137
1.24982	-0.0362803	0.00253305	-0.0165672	-0.0263996
1.24887	-0.0367054	0.00210119	-0.016712	-0.0216786
1.24791	-0.0370157	0.00166695	-0.0167515	-0.0163871
1.24691	-0.0372004	0.00121672	-0.0166466	-0.0114909
1.24594	-0.0372458	0.00078798	-0.016404	-0.00705811
1.24498	-0.0370712	0.000369906	-0.0158225	-0.00346634
1.24405	-0.0368361	-1.74812e-05	-0.0152471	-0.00174529
1.2431	-0.0366275	-0.000407935	-0.0148594	-0.000205256
1.24215	-0.0364585	-0.000791168	-0.0146894	0.0026198
1.24122	-0.0343622	-0.00112315	-0.0104158	0.00675666
1.24039	-0.0321736	-0.0013249	-0.00601464	-0.0161494
1.23951	-0.0332034	-0.00152482	-0.00877168	-0.0425773
1.23869	-0.0354653	-0.00180265	-0.014249	-0.0210852
1.23763	-0.037185	-0.00228664	-0.0187875	0.0203797
1.23665	-0.0350917	-0.00274503	-0.0150803	0.0574732
1.23581	-0.0326921	-0.00306524	-0.010763	0.0402725
1.23498	-0.0310023	-0.00330548	-0.00813513	0.0192641
1.2342	-0.0296746	-0.00349217	-0.00637398	0.00820399
1.23347	-0.0285625	-0.00363413	-0.00509471	-0.000878345
1.23274	-0.0293919	-0.00379814	-0.00812165	-0.00629474
1.23196	-0.0306672	-0.004064	-0.0122467	0.0197575
1.23118	-0.0297204	-0.0043758	-0.011618	0.0496382
1.23043	-0.0281833	-0.00465137	-0.00975401	0.0519
1.22974	-0.0267016	-0.00487267	-0.00805433	0.0461906
1.22935	-0.0259926	-0.0049882	-0.00746189	0.0396118
1.22861	-0.0251225	-0.0052034	-0.00747717	0.0403845
1.22787	-0.0242949	-0.00543111	-0.00773835	0.0459562
1.22727	-0.0233916	-0.00562191	-0.00755579	0.0534365
1.22666	-0.0220908	-0.00581424	-0.00671324	0.0573916
1.22608	-0.0206254	-0.0059792	-0.00557273	0.0576631
1.22556	-0.0192569	-0.00611085	-0.00461826	0.0558852
1.22508	-0.0180294	-0.0062223	-0.00401401	0.0547794
1.22459	-0.0168262	-0.00632924	-0.00366376	0.0555683
1.22417	-0.015711	-0.00642039	-0.00337634	0.0580989
1.22376	-0.0144539	-0.0065046	-0.00289207	0.0606226
1.22339	-0.0130991	-0.00657329	-0.00222031	0.0620397
1.22307	-0.0117431	-0.00662092	-0.00148078	0.0621681
1.22278	-0.0104035	-0.00664997	-0.000789988	0.0615262
1.22254	-0.0091652	-0.0066625	-0.000242003	0.060957
1.22232	-0.00792123	-0.00666235	0.000229607	0.0609154
1.22213	-0.00668911	-0.00665032	0.000677236	0.0612917
1.22198	-0.00549027	-0.00662733	0.00114422	0.0616548
1.22185	-0.00427463	-0.00659211	0.00165746	0.06163
1.22176	-0.00295873	-0.00653936	0.00223364	0.0611572
1.2217	-0.00166053	-0.00647132	0.00279214	0.0603041
1.22167	-0.000394261	-0.00638879	0.00330703	0.0593295
1.22167	0.000788645	-0.00629691	0.00375238	0.0583906
1.22171	0.00198905	-0.00618962	0.00418839	0.0575854
1.22178	0.00312705	-0.00607522	0.00460561	0.0567039
1.22188	0.00424634	-0.00595043	0.00502366	0.0556757
1.222	0.00534363	-0.00581441	0.00543701	0.0544494
1.22215	0.00640937	-0.005668	0.00582884	0.0530445
1.22233	0.00739928	-0.00551797	0.00617741	0.0515663
1.22254	0.00843368	-0.00534642	0.00653422	0.0501254
1.22277	0.00939662	-0.00517239	0.0068636	0.0484834
1.22302	0.0102846	-0.0049973	0.00715388	0.0467904
1.2233	0.0111683	-0.0048079	0.00743025	0.0451395
1.2236	0.0120181	-0.00461145	0.00769761	0.0433929
1.22392	0.0128316	-0.00440823	0.00795296	0.0415172
1.22428	0.0136391	-0.00419022	0.00821033	0.0395303
1.22466	0.0143992	-0.00396574	0.00844161	0.0373198
1.22504	0.0150787	-0.00374418	0.00862471	0.0350718
1.22546	0.0157295	-0.00350968	0.00877473	0.0329661
1.22588	0.0163126	-0.00328023	0.00890241	0.030847
1.22631	0.0168519	-0.00304772	0.00901196	0.0287491
1.22675	0.0173496	-0.00281252	0.00910958	0.0266098
1.22719	0.017786	-0.00258417	0.00918651	0.0243964
1.22766	0.0181975	-0.00234475	0.0092528	0.0222352
1.22812	0.0185473	-0.00211331	0.00929252	0.0199348
1.22861	0.018866	-0.00187173	0.00931493	0.0177435
1.22912	0.019154	-0.0016204	0.00933094	0.0154564
1.22962	0.019382	-0.00137838	0.00932151	0.0130068
1.23011	0.019547	-0.0011464	0.00927094	0.0106878
1.23064	0.019675	-0.000897722	0.00919057	0.00858282
1.23115	0.0196907	-0.000662214	0.00895938	0.0058607
1.23166	0.0196366	-0.000433669	0.00865387	0.00459722
1.23217	0.019583	-0.000212151	0.00842537	0.00402248
1.23266	0.0195649	-2.9224e-06	0.00834954	0.00271791
1.23319	0.0195488	0.000222114	0.00835118	0.000515321
1.23369	0.0194844	0.000438421	0.00832053	-0.00247018
1.23421	0.0183704	0.000636905	0.00606625	-0.0052536
1.23467	0.0171626	0.00076118	0.00365422	0.00509637
1.23512	0.017464	0.000866765	0.00458987	0.019582
1.23559	0.0186246	0.00102406	0.00745313	0.0151002
1.23608	0.0196112	0.00125194	0.00999983	-0.00905813
1.23658	0.0185724	0.00148932	0.00818508	-0.0284974
1.23703	0.0174087	0.00166705	0.00614654	-0.0208112
1.23747	0.0165358	0.00180717	0.00482002	-0.0115204
1.23787	0.0158613	0.00191579	0.00394642	-0.00648282
1.23829	0.0152324	0.00201216	0.00325764	-0.00375764
1.23867	0.0147272	0.00208751	0.00281667	-0.00202109
1.23904	0.0142679	0.0021565	0.00252787	-0.00136778
1.23941	0.0138667	0.00222004	0.00238859	-0.00157196
1.23977	0.0135158	0.00228178	0.00238109	-0.00259249
1.24011	0.0132098	0.00234495	0.00249292	-0.00435233
1.24047	0.012935	0.00241527	0.00272679	-0.00681267
1.24079	0.012717	0.00248739	0.00304633	-0.010127
1.2411	0.0125325	0.00256877	0.00346422	-0.0139367
1.24144	0.0123701	0.00266994	0.00402843	-0.0185296
1.24176	0.0121225	0.00277956	0.00440736	-0.024462
1.24206	0.0116097	0.0028921	0.00424248	-0.0294788
1.24234	0.0108852	0.00298985	0.00361082	-0.0313188
1.24263	0.0100403	0.00307625	0.00282439	-0.0301383
1.2429	0.0092636	0.0031467	0.0022618	-0.0280566
1.24312	0.00869398	0.00320006	0.00203946	-0.0272286
1.24334	0.00817314	0.0032522	0.00198947	-0.0280434
1.24355	0.00761459	0.00330483	0.00191723	-0.0299621
1.24374	0.00701803	0.00334978	0.0016922	-0.031846
1.24391	0.00629269	0.00338984	0.00128651	-0.0326188
1.24406	0.00559296	0.0034164	0.000860077	-0.0323896
1.2442	0.00486255	0.00343396	0.000462879	-0.0317545
1.24432	0.00422886	0.00344195	0.000192699	-0.0313163
1.24442	0.00360086	0.00344407	-1.84546e-05	-0.0313917
1.24451	0.00292671	0.0034403	-0.00024139	-0.0318087
1.24458	0.00228313	0.00343071	-0.000489164	-0.0322062
1.24463	0.00161882	0.003414	-0.000786815	-0.0322504
1.24466	0.000950937	0.00338935	-0.00109923	-0.0318984
1.24468	0.000298134	0.0033569	-0.00138821	-0.0313461
1.24467	-0.00035552	0.00331584	-0.00164799	-0.0308195
1.24466	-0.000965185	0.00327006	-0.00186946	-0.0303995
1.24462	-0.00156261	0.00321868	-0.00208049	-0.0300646
1.24457	-0.00217728	0.00315945	-0.00230649	-0.0367876
1.2445	-0.00310776	0.00308728	-0.00328845	-0.0291696
1.24442	-0.00369824	0.00299799	-0.00355235	-0.0239237
1.24432	-0.00402563	0.0029094	-0.00326955	-0.0226644
1.2442	-0.00431519	0.0028265	-0.00289558	-0.0245793
1.24408	-0.00471625	0.00275233	-0.00282999	-0.0271501
1.24395	-0.00527525	0.00267486	-0.00313632	-0.0279248
1.2438	-0.00594846	0.00257978	-0.00365363	-0.033184
1.24363	-0.00687555	0.00246929	-0.0048307	-0.0234362
1.24345	-0.00732029	0.00234572	-0.00502179	-0.0163108
1.24327	-0.00744101	0.00222606	-0.00454111	-0.0147048
1.24307	-0.00749505	0.00211261	-0.00389613	-0.0169869
1.24287	-0.00769585	0.00201511	-0.00363701	-0.0204027
1.24266	-0.00810811	0.00191767	-0.00387446	-0.0216873
1.24244	-0.0086412	0.00180616	-0.0043878	-0.0255656
1.2422	-0.00938353	0.00167868	-0.00542448	-0.0163735
1.24195	-0.00970337	0.00153528	-0.00558072	-0.0095127
1.2417	-0.00967636	0.00139715	-0.00502428	-0.00753733
1.24145	-0.00955636	0.0012764	-0.00430785	-0.00965383
1.24121	-0.0095811	0.00117349	-0.00396267	-0.0129515
1.24087	-0.0103176	0.00101993	-0.00509024	-0.0119473
1.24059	-0.0105734	0.00087923	-0.00531614	-0.00629033
1.2403	-0.0105534	0.000735308	-0.0049772	-0.00464792
1.24001	-0.0104792	0.000606774	-0.00457777	-0.00417214
1.23975	-0.0104225	0.000496507	-0.00427322	-0.0051806
1.23948	-0.0104516	0.000386853	-0.00418677	-0.00581781
1.23919	-0.0105577	0.000268359	-0.00429916	-0.00513078
1.23892	-0.0106536	0.000159259	-0.00443904	-0.00310075
1.23863	-0.0106869	3.89801e-05	-0.00447646	-0.000971523
1.23836	-0.0106385	-7.58641e-05	-0.00437574	0.000736335
1.23809	-0.00998708	-0.000173339	-0.00298933	0.00162717
1.23785	-0.00930578	-0.000229065	-0.00156074	-0.00550428
1.23759	-0.00959791	-0.000281118	-0.00229047	-0.0139162
1.23734	-0.0103119	-0.000359716	-0.0039597	-0.00836374
1.23707	-0.0108103	-0.000479699	-0.00519368	0.00324887
1.23678	-0.010221	-0.000607204	-0.00409204	0.0131231
1.23653	-0.00964029	-0.000695242	-0.00300398	0.00760503
1.23629	-0.0091129	-0.000761274	-0.00212036	0.00246627
1.23606	-0.00866063	-0.000806274	-0.00139384	-0.00203426
1.23583	-0.00894652	-0.000854532	-0.00230138	-0.00588331
1.23559	-0.00944344	-0.000932665	-0.00369276	0.00114506
1.23536	-0.00912458	-0.00102187	-0.00331134	0.0119345
1.23511	-0.00870227	-0.00110651	-0.00277299	0.0119471
1.2349	-0.00835272	-0.00117053	-0.00237686	0.00941485
1.23468	-0.00805775	-0.00123102	-0.00215195	0.00812387
1.23448	-0.00783562	-0.00128361	-0.0020739	0.00825778
1.23428	-0.00763865	-0.00133749	-0.00208542	0.00924932
1.23409	-0.00747846	-0.00139067	-0.00217792	0.0105705
1.2339	-0.00729232	-0.00144819	-0.00225003	0.0123581
1.23371	-0.00703332	-0.00150577	-0.00218188	0.0142205
1.23353	-0.00669184	-0.0015593	-0.00195172	0.0152699
1.23336	-0.00631333	-0.00160599	-0.0016574	0.0152967
1.2332	-0.00594972	-0.00164564	-0.00141042	0.0148773
1.23305	-0.00562331	-0.00168014	-0.00125756	0.0146858
1.23292	-0.00533197	-0.00171036	-0.0011705	0.0150128
1.23278	-0.00502539	-0.00173955	-0.00108216	0.0156639
1.23266	-0.00469668	-0.00176595	-0.000954736	0.0163421
1.23254	-0.00434119	-0.00178833	-0.000776889	0.0167625
1.23243	-0.00398659	-0.00180521	-0.000584256	0.0168379
1.23233	-0.00360764	-0.00181823	-0.000390354	0.01673
1.23224	-0.00324143	-0.00182646	-0.000228143	0.0186484
1.23216	-0.00278031	-0.00182761	0.00014042	0.0166837
1.23209	-0.00243623	-0.00182204	0.000276944	0.0154148
1.23203	-0.00216194	-0.00181499	0.000262574	0.0154019
1.23198	-0.00187927	-0.00180828	0.000244854	0.01626
1.23193	-0.00156265	-0.00180083	0.000328503	0.0171856
1.2319	-0.00118194	-0.00178915	0.000531982	0.0174578
1.23187	-0.000784007	-0.00177137	0.000778372	0.0169806
1.23185	-0.00042149	-0.00174845	0.000977165	0.0161624
1.23185	-7.35307e-05	-0.00171922	0.00110766	0.0155242
1.23185	0.000221857	-0.0016895	0.00117805	0.015263
1.23186	0.000510135	-0.00165805	0.00124319	0.0152748
1.23188	0.000818261	-0.00162317	0.00134169	0.015282
1.2319	0.00112425	-0.00158664	0.00146894	0.0150608
1.23194	0.00142829	-0.00154668	0.00160484	0.0145988
1.23198	0.00171859	-0.00150341	0.0017247	0.0140234
1.23202	0.00199007	-0.00145737	0.00181839	0.0134818
1.23208	0.0022353	-0.00141107	0.00188884	0.0130393
1.23214	0.00247985	-0.00136115	0.00195537	0.012683
1.23221	0.00271949	-0.00130942	0.00202835	0.0123074
1.23228	0.00294467	-0.00125781	0.00210383	0.0118471
1.23236	0.00317051	-0.00120213	0.0021822	0.011327
1.23244	0.00337543	-0.0011468	0.00224877	0.0107389
1.23253	0.00358291	-0.0010853	0.00231086	0.0101836
1.23263	0.00376972	-0.00102462	0.00236286	0.00960873
1.23273	0.00392898	-0.000963108	0.00237514	0.00911745
1.23284	0.0040851	-0.000898905	0.00238968	0.0086723
1.23294	0.00423026	-0.000836566	0.00241375	0.00818755
1.23306	0.00436809	-0.000773532	0.00244295	0.00740964
1.23317	0.00447872	-0.00071255	0.00244322	0.0067833
1.23329	0.00458426	-0.000646791	0.00243522	0.00639393
1.23341	0.00467837	-0.000585963	0.00246773	0.00596872
1.23353	0.00477764	-0.000519886	0.0024633	0.00524679
1.23365	0.00485094	-0.00045839	0.00246436	0.00474387
1.23378	0.00491922	-0.000394372	0.0024693	0.00417382
1.23391	0.00497684	-0.000330248	0.00247255	0.00352514
1.23404	0.00501973	-0.000266179	0.0024652	0.0028532
1.23417	0.00504667	-0.000202481	0.0024445	0.00221416
1.2343	0.00506066	-0.000139381	0.00241691	0.00162892
1.23443	0.00506185	-7.71252e-05	0.00238247	0.00106191
1.23456	0.00505245	-1.81418e-05	0.00234595	0.000516372
1.23469	0.00503259	4.21977e-05	0.0023061	-4.7727e-06
1.23475	0.00493382	6.89117e-05	0.00209796	-0.0021531
1.23489	0.00454058	0.000117105	0.00127082	0.000953976
1.23501	0.00457777	0.000153989	0.00140148	0.0043816
1.23514	0.00482129	0.000199778	0.00199719	0.0031196
1.23527	0.00502341	0.000261019	0.00252086	-0.000965631
1.23541	0.00475182	0.000323099	0.00202781	-0.00503253
1.23553	0.00448338	0.000369219	0.0015562	-0.00299711
1.23564	0.00424557	0.000405627	0.00117083	-0.000977878
1.23575	0.00404866	0.000431999	0.000880761	0.000580591
1.23586	0.0041806	0.000460722	0.00132092	0.00168986
1.23597	0.00438869	0.000505013	0.00194656	-0.00137499
1.23609	0.00424437	0.000554487	0.00180922	-0.00588282
1.2362	0.00406371	0.00060051	0.00161591	-0.00595211
1.2363	0.00390173	0.000640466	0.00147059	-0.00567712
1.2364	0.00376763	0.00067763	0.00139947	-0.00562375
1.2365	0.00364582	0.000715002	0.00137699	-0.00599525
1.2366	0.00352184	0.000750406	0.00135302	-0.00669007
1.23669	0.00336255	0.000787259	0.00128367	-0.00735615
1.23678	0.00319144	0.000819183	0.00118047	-0.00781529
1.23686	0.00300813	0.000848224	0.00106065	-0.0079967
1.23694	0.00281118	0.00087615	0.000943048	-0.00805598
1.23701	0.00263477	0.000899445	0.000856715	-0.00815999
1.23708	0.00246176	0.000920704	0.000785389	-0.00837126
1.23714	0.00229246	0.000939409	0.000716851	-0.00865646
1.23719	0.00211569	0.000956268	0.00063774	-0.00891776
1.23725	0.00191091	0.000972684	0.000540348	-0.0123257
1.23729	0.00154686	0.000980481	7.2812e-05	-0.00922904
1.23733	0.00133561	0.000980559	-4.55995e-05	-0.0070271
1.23736	0.00125406	0.000981291	0.000107695	-0.00681378
1.2374	0.00118999	0.000986659	0.000300306	-0.00818934
1.23742	0.00106016	0.000995253	0.000351106	-0.00987599
1.23745	0.000841464	0.00100251	0.000209784	-0.0107702
1.23747	0.000587818	0.00100479	-1.96024e-05	-0.0104966
1.23748	0.000338941	0.00100147	-0.000225592	-0.0096166
1.23748	0.000136511	0.000994096	-0.000331545	-0.00882733
1.23749	-2.38773e-05	0.000985194	-0.000348073	-0.00857933
1.23748	-0.000170009	0.000976307	-0.000336355	-0.00883822
1.23748	-0.000324601	0.000967626	-0.000358815	-0.00926215
1.23747	-0.000507574	0.000957355	-0.000434031	-0.00946401
1.23745	-0.000704722	0.00094462	-0.000544204	-0.00934382
1.23743	-0.000913994	0.000927701	-0.000661558	-0.0121217
1.2374	-0.0012649	0.000903878	-0.0011087	-0.00854287
1.23736	-0.00142685	0.000875143	-0.00117401	-0.00605167
1.23733	-0.00146643	0.000847295	-0.000969042	-0.00570335
1.23729	-0.0014918	0.000824531	-0.000730691	-0.00695433
1.23725	-0.00158737	0.000806513	-0.00066397	-0.00849235
1.2372	-0.00176966	0.000787588	-0.000793645	-0.00905294
1.23715	-0.0019879	0.000764103	-0.00100929	-0.00841361
1.2371	-0.00217931	0.000735657	-0.00117486	-0.00719424
1.23704	-0.0023162	0.000704306	-0.00123101	-0.00620284
1.23698	-0.00240594	0.000672825	-0.00119445	-0.00580918
1.23692	-0.00247983	0.00064369	-0.00114197	-0.00594728
1.23685	-0.00257579	0.000613082	-0.00113122	-0.0061853
1.23679	-0.00267594	0.000586637	-0.00117097	-0.00616662
1.23671	-0.00281121	0.000551544	-0.0012524	-0.00584239
1.23664	-0.002925	0.000518119	-0.00132058	-0.0052084
1.23656	-0.00301494	0.000483464	-0.00134798	-0.00462784
1.23648	-0.00308395	0.000448562	-0.00134128	-0.00425736
1.2364	-0.00314331	0.000413967	-0.00132519	-0.00406922
1.23632	-0.00320034	0.000380956	-0.00132062	-0.0039244
1.23623	-0.00326203	0.000346529	-0.00133249	-0.00370835
1.23615	-0.00332565	0.000310284	-0.00135627	-0.00336757
1.23606	-0.00337921	0.00027484	-0.00137441	-0.00292184
1.23597	-0.00342254	0.000237712	-0.00137906	-0.00249697
1.23588	-0.00345184	0.000202061	-0.00136863	-0.00211788
1.23579	-0.00347184	0.000166795	-0.00134981	-0.00182522
1.23569	-0.00348787	0.00013067	-0.00133243	-0.00157032
1.23561	-0.00350006	9.75571e-05	-0.00132179	-0.00128164
1.23552	-0.00350805	6.46738e-05	-0.00131269	-0.000970475
1.23542	-0.00351023	2.81813e-05	-0.0013003	-0.000638154
1.23533	-0.00350567	-4.08697e-06	-0.00128619	-0.000265518
1.23524	-0.00349483	-3.84459e-05	-0.00128919	6.06946e-05
1.23515	-0.00329259	-6.53252e-05	-0.000843024	0.000558149
1.23514	-0.00325546	-6.85018e-05	-0.000765025	-0.00404149
