0	0.5	5.5	0.4	0
-0.000677347	-0.0399602	-0.102174	-0.129503	-0
-0.00221729	-0.07304	-0.10719	-0.238668	1.83085
-0.00334377	-0.0129863	-0.112203	-0.144406	2.94031
-0.00220306	0.100896	-0.113083	0.0680755	2.48615
0.00174796	0.197832	-0.108919	0.242527	1.18176
0.00737716	0.229946	-0.102039	0.277011	0.289979
0.0132102	0.216092	-0.0956127	0.213164	0.0221528
0.0184552	0.187461	-0.0913186	0.118814	0.355519
0.023172	0.176214	-0.0889875	0.0636584	0.884113
0.0278665	0.19627	-0.0871369	0.0788971	1.22786
0.033432	0.231652	-0.0844671	0.127301	1.15347
0.0399085	0.265168	-0.0805446	0.172729	0.870167
0.0470748	0.285015	-0.0758194	0.189684	0.592081
0.0542853	0.291236	-0.0712056	0.179339	0.471042
0.0618758	0.292462	-0.0668216	0.158622	0.503987
0.0695291	0.29635	-0.0628894	0.145149	0.600694
0.0773675	0.306526	-0.0591054	0.146763	0.661024
0.0858524	0.321706	-0.05497	0.159935	0.768793
0.0944974	0.343025	-0.0504413	0.188769	0.528397
0.104271	0.354525	-0.0450428	0.196516	0.356655
0.113172	0.357343	-0.0402323	0.188772	0.2389
0.122441	0.355598	-0.0355492	0.172083	0.240387
0.131675	0.355	-0.0312559	0.15943	0.293836
0.140947	0.358459	-0.0271563	0.157093	0.329058
0.150355	0.365234	-0.0229969	0.163423	0.304141
0.160313	0.372341	-0.0184786	0.171677	0.224713
0.170047	0.376387	-0.013977	0.175021	0.129134
0.180589	0.376834	-0.00913323	0.171755	0.0610339
0.190361	0.375062	-0.00475977	0.165489	0.0233873
0.20045	0.372577	-0.000390352	0.159108	0.00598176
0.210097	0.369695	0.00366124	0.153317	-0.0136021
0.219441	0.347095	0.00708165	0.105571	-0.0351815
0.228453	0.32197	0.0091819	0.053338	0.241278
0.237664	0.335836	0.0111579	0.0874266	0.419275
0.246701	0.358739	0.0141546	0.141902	0.292062
0.256639	0.376806	0.0186168	0.187241	-0.145907
0.266881	0.353958	0.0232881	0.144776	-0.652328
0.275537	0.317734	0.0259634	0.0736867	-0.273389
0.283525	0.299493	0.0274027	0.0427241	0.13833
0.291177	0.312382	0.0289491	0.0801421	0.295585
0.299587	0.334274	0.0318001	0.138395	0.00254418
0.3084	0.342648	0.0358173	0.168174	-0.398312
0.317078	0.326138	0.0398535	0.144778	-0.655247
0.324916	0.301992	0.0429546	0.105316	-0.578338
0.332488	0.281752	0.0452799	0.0758812	-0.395461
0.339385	0.271566	0.0470491	0.0685723	-0.273764
0.346616	0.26483	0.0489119	0.0706684	-0.274906
0.353432	0.259867	0.0508245	0.0766631	-0.333577
0.360387	0.25565	0.053014	0.0856615	-0.416485
0.36693	0.248029	0.0552586	0.0872766	-0.524159
0.373209	0.235495	0.0574112	0.0788698	-0.589151
0.378906	0.220852	0.0592103	0.0657554	-0.593472
0.384446	0.206	0.0607506	0.0535101	-0.564964
0.389435	0.193702	0.0619936	0.0465349	-0.540588
0.394139	0.183272	0.0631173	0.0436599	-0.543349
0.398755	0.172431	0.0642262	0.0418347	-0.568862
0.403083	0.160931	0.065269	0.0385515	-0.603203
0.407094	0.148048	0.0661911	0.0325726	-0.628034
0.410621	0.134674	0.0669049	0.0249307	-0.635715
0.413933	0.120661	0.067444	0.0169678	-0.629997
0.416781	0.107718	0.0677843	0.0106196	-0.621685
0.419407	0.0948855	0.0679893	0.00548591	-0.619377
0.421705	0.0823579	0.0680715	0.00107044	-0.623884
0.423675	0.0697153	0.0680362	-0.00358823	-0.631126
0.425314	0.0567838	0.0678715	-0.00891261	-0.635429
0.426613	0.0436516	0.0675614	-0.0147564	-0.634084
0.427571	0.0305673	0.067099	-0.0206251	-0.627691
0.428193	0.0177473	0.0664891	-0.0260955	-0.585271
0.428522	0.00622735	0.0657419	-0.0272254	-0.577568
0.428535	-0.00497011	0.0649706	-0.0279258	-0.598962
0.428231	-0.0170824	0.0641652	-0.031758	-0.64746
0.427594	-0.0314686	0.0632084	-0.0417104	-0.646313
0.426533	-0.0466392	0.0619274	-0.0529428	-0.605375
0.425086	-0.0600039	0.0603884	-0.0607137	-0.553501
0.423314	-0.0708433	0.0587116	-0.0635169	-0.518137
0.421349	-0.0798972	0.0570572	-0.0637479	-0.488892
0.419254	-0.0874596	0.0554884	-0.06199	-0.514103
0.416755	-0.0974318	0.0537825	-0.0646221	-0.634437
0.414117	-0.11317	0.0519498	-0.0818883	-0.519473
0.410893	-0.124905	0.0496226	-0.0897323	-0.418506
0.407691	-0.130971	0.0474123	-0.087216	-0.367859
0.404231	-0.135058	0.0452365	-0.0807422	-0.375932
0.40065	-0.140325	0.0431956	-0.0770348	-0.407347
0.396902	-0.147773	0.0411708	-0.0790628	-0.424422
0.393098	-0.156395	0.0391231	-0.0848775	-0.406437
0.38908	-0.164754	0.0369268	-0.0908035	-0.363997
0.384525	-0.17229	0.0344193	-0.0947635	-0.318178
0.380151	-0.177455	0.0320471	-0.095248	-0.280275
0.375481	-0.181599	0.0295911	-0.0938814	-0.262032
0.370709	-0.185419	0.0271718	-0.0926292	-0.252997
0.365835	-0.18951	0.0247658	-0.0927875	-0.242661
0.361045	-0.193596	0.0224341	-0.0940472	-0.223078
0.35576	-0.197792	0.0198737	-0.0957886	-0.196426
0.350573	-0.201116	0.0173747	-0.0967529	-0.163729
0.345312	-0.203542	0.0148639	-0.0965985	-0.134865
0.34	-0.205139	0.0123721	-0.0954706	-0.111206
0.334652	-0.206248	0.00991288	-0.0941135	-0.0922466
0.329487	-0.207069	0.00757807	-0.0930511	-0.0738821
0.324096	-0.207695	0.00517433	-0.09225	-0.0541797
0.318276	-0.208091	0.00260552	-0.0916828	-0.0316002
0.312868	-0.208047	0.000234331	-0.0910904	-0.00362708
0.307687	-0.206543	-0.00200118	-0.0880661	0.02909
0.302455	-0.194426	-0.00399967	-0.0625057	0.0398034
0.297588	-0.180815	-0.00523334	-0.0342224	-0.10543
0.292813	-0.186458	-0.00631053	-0.048539	-0.277276
0.287764	-0.201558	-0.00804413	-0.0840619	-0.160457
0.282601	-0.210935	-0.010454	-0.107615	0.101199
0.277249	-0.199644	-0.0130133	-0.0868223	0.289444
0.272049	-0.186194	-0.0150091	-0.0622507	0.193426
0.267525	-0.176531	-0.0163433	-0.0461621	0.0774988
0.262714	-0.167617	-0.0174339	-0.0327727	0.00720784
0.258455	-0.160428	-0.0181495	-0.0230311	-0.0755734
0.254356	-0.167867	-0.0189964	-0.0453798	-0.112661
0.249852	-0.178391	-0.0205718	-0.0751368	0.0639532
0.245284	-0.172278	-0.0224675	-0.0690108	0.269669
0.240924	-0.163555	-0.0241062	-0.0577636	0.26693
0.236781	-0.155546	-0.0254806	-0.0485914	0.230964
0.232967	-0.150015	-0.0266415	-0.0449424	0.205903
0.229124	-0.146001	-0.0278083	-0.0453545	0.2112
0.225378	-0.142308	-0.0290052	-0.0468674	0.241573
0.221745	-0.137419	-0.0302121	-0.046167	0.279676
0.218391	-0.131171	-0.0313167	-0.042479	0.305348
0.214958	-0.123422	-0.0323805	-0.0366858	0.311702
0.211966	-0.116264	-0.0332306	-0.0316691	0.306614
0.209146	-0.109665	-0.0339744	-0.028137	0.302759
0.206279	-0.103056	-0.0346978	-0.0257165	0.306763
0.203588	-0.0965335	-0.0353625	-0.0237319	0.318702
0.201258	-0.0901333	-0.0359233	-0.0213022	0.332825
0.199095	-0.0832271	-0.0364112	-0.0179347	0.341953
0.197032	-0.0757776	-0.036824	-0.0140004	0.344797
0.195231	-0.0686172	-0.0371256	-0.0103398	0.344186
0.193606	-0.0616261	-0.0373417	-0.00713495	0.343271
0.1921	-0.0545237	-0.0374873	-0.00423295	0.34408
0.190778	-0.0474796	-0.03756	-0.00149639	0.346544
0.18968	-0.0406517	-0.0375616	0.00124267	0.349099
0.188753	-0.03374	-0.0374923	0.00417608	0.350057
0.187973	-0.0265274	-0.0373415	0.00731669	0.34894
0.187379	-0.0193752	-0.0371128	0.0103886	0.346182
0.18697	-0.0123421	-0.0368038	0.0132906	0.342745
0.186747	-0.00570896	-0.0364379	0.0159064	0.339154
0.186691	0.00107677	-0.0359895	0.0185171	0.335696
0.186801	0.00750691	-0.0354954	0.0209732	0.331686
0.187085	0.0141041	-0.0349165	0.0235109	0.327127
0.187519	0.0203373	-0.0342985	0.0259041	0.321399
0.188106	0.0264256	-0.0336221	0.0281901	0.31511
0.188876	0.0326122	-0.032859	0.0304923	0.308411
0.189805	0.0386434	-0.0320371	0.0327219	0.300782
0.190844	0.0442471	-0.0311946	0.0347079	0.292453
0.19202	0.0496451	-0.0303046	0.0365247	0.284324
0.193495	0.0555209	-0.0292544	0.03854	0.327171
0.194981	0.0631671	-0.028198	0.0459427	0.266013
0.19683	0.0686951	-0.026882	0.0480105	0.255159
0.198755	0.0737356	-0.0255628	0.0498317	0.236663
0.200651	0.0778394	-0.024307	0.0507025	0.192429
0.202708	0.0802216	-0.0230254	0.0479039	0.182504
0.20474	0.0822378	-0.0218674	0.0450089	0.193435
0.206917	0.0852316	-0.0207095	0.0443569	0.2058
0.209097	0.0890973	-0.0195784	0.0462663	0.204917
0.211472	0.0934353	-0.0183364	0.0493496	0.188247
0.213855	0.0971164	-0.0170747	0.0516473	0.16304
0.216418	0.0999926	-0.0157239	0.0523916	0.141392
0.218944	0.102029	-0.0144219	0.0519409	0.127426
0.221621	0.103827	-0.0130829	0.0512185	0.120159
0.224344	0.10563	-0.011757	0.0509577	0.113669
0.227115	0.107457	-0.0104303	0.0512584	0.104023
0.229933	0.109269	-0.00909185	0.0518556	0.0903651
0.232682	0.110651	-0.0077941	0.0521286	0.0743899
0.235572	0.111683	-0.00644245	0.0519724	0.0600129
0.238484	0.112336	-0.00510083	0.051442	0.0469945
0.241409	0.112716	-0.00377502	0.0507638	0.0356496
0.244342	0.112909	-0.0024664	0.0501212	0.0247614
0.247277	0.112936	-0.00117341	0.0495567	0.0133239
0.250098	0.112766	5.59979e-05	0.0489935	0.000907256
0.253019	0.111963	0.00130844	0.0474557	-0.0137709
0.255744	0.105463	0.00233989	0.0337937	-0.0216701
0.258287	0.0983981	0.00298995	0.0191674	0.055228
0.260783	0.101281	0.00356208	0.0265499	0.146176
0.263414	0.108975	0.00445801	0.0447176	0.0832331
0.26632	0.114224	0.00580365	0.0579536	-0.0498408
0.269101	0.108038	0.00711517	0.0464885	-0.155272
0.272017	0.100577	0.00821684	0.0329198	-0.135368
0.274649	0.0947512	0.00896358	0.0231641	-0.037829
0.277229	0.089934	0.00950117	0.0159667	0.0262998
0.279522	0.0934246	0.0100387	0.0267964	0.0525849
0.282021	0.0986321	0.0109347	0.0417571	-0.0391361
0.284552	0.0954547	0.0120008	0.038668	-0.14459
0.286879	0.090933	0.0128894	0.0328006	-0.144928
0.289184	0.0865277	0.0136704	0.0276337	-0.126418
0.291305	0.0834266	0.0143285	0.0253882	-0.111987
0.293604	0.0810219	0.0150354	0.0254646	-0.133313
0.295825	0.0777879	0.0157252	0.0239781	-0.156098
0.29772	0.0739588	0.0162824	0.0207898	-0.138639
0.299603	0.0710257	0.0168096	0.0199582	-0.134246
0.301347	0.0686823	0.0173126	0.0203711	-0.143981
0.303096	0.0659272	0.01784	0.0202784	-0.160781
0.304763	0.062472	0.018347	0.018826	-0.175517
0.306274	0.0585655	0.0187843	0.0163029	-0.182078
0.307739	0.0543107	0.0191681	0.0133974	-0.18118
0.309046	0.0504007	0.0194725	0.011113	-0.177867
0.310305	0.04663	0.0197384	0.00948251	-0.177069
0.311554	0.042752	0.0199847	0.00822098	-0.21595
0.312628	0.0370068	0.0201299	0.00267757	-0.223798
0.313479	0.0313231	0.02012	-0.00323127	-0.165004
0.31425	0.0283126	0.0200316	-0.00303404	-0.13952
0.314939	0.026942	0.0200001	0.000477259	-0.148873
0.315615	0.0251064	0.0200504	0.0032324	-0.17818
0.316223	0.02174	0.0201274	0.00265334	-0.204935
0.316707	0.0171682	0.0201493	-0.00081371	-0.212172
0.317108	0.0116563	0.0200583	-0.00556585	-0.244327
0.31732	0.00483661	0.0198043	-0.0137665	-0.181742
0.317393	0.00128133	0.0194386	-0.0151709	-0.139816
0.317406	-0.000200748	0.0190866	-0.0118965	-0.135796
0.317385	-0.0014256	0.0188349	-0.00840768	-0.159371
0.317305	-0.00419803	0.0186118	-0.00765767	-0.224766
0.317094	-0.0107589	0.0182892	-0.0153105	-0.241759
0.316736	-0.017598	0.0177892	-0.024428	-0.156579
0.316257	-0.0204052	0.0171679	-0.0248883	-0.105528
0.315722	-0.0206579	0.0165886	-0.0197248	-0.102717
0.315163	-0.0208263	0.0161325	-0.0143395	-0.154047
0.314606	-0.0236451	0.0157626	-0.0152717	-0.167085
0.313967	-0.0273476	0.015341	-0.0183768	-0.164175
0.313205	-0.0311606	0.0148201	-0.0216269	-0.147218
0.312388	-0.0341003	0.0142576	-0.023335	-0.128398
0.31147	-0.0363528	0.0136477	-0.0235457	-0.117726
0.310539	-0.0380908	0.0130669	-0.0230038	-0.115232
0.309564	-0.0398563	0.0124967	-0.0227096	-0.117037
0.308416	-0.0421225	0.0118549	-0.0232342	-0.140078
0.307275	-0.0455758	0.0112048	-0.0268971	-0.112148
0.306108	-0.0477483	0.0105167	-0.0281199	-0.0876726
0.304851	-0.0488988	0.00979866	-0.0271986	-0.0766527
0.303619	-0.0496253	0.0091391	-0.0257047	-0.0775416
0.302214	-0.0507071	0.00843336	-0.0248683	-0.0969213
0.300919	-0.0528479	0.00778695	-0.0269173	-0.0824907
0.299523	-0.0545439	0.00707195	-0.0281156	-0.065754
0.29798	-0.0556508	0.00628627	-0.0281018	-0.0601232
0.296577	-0.0565594	0.00558425	-0.0281573	-0.0464892
0.295158	-0.056986	0.00489135	-0.0273829	-0.039864
0.29373	-0.0572725	0.00421913	-0.0265237	-0.0378188
0.292236	-0.0576743	0.00353681	-0.0260873	-0.0362501
0.290788	-0.0581815	0.00288512	-0.0261496	-0.0318694
0.289327	-0.0586648	0.00222968	-0.0263725	-0.0246018
0.287679	-0.059042	0.00149038	-0.0265164	-0.0176785
0.286142	-0.0592345	0.000801862	-0.0265459	-0.00688707
0.284666	-0.0588856	0.00015089	-0.0256217	0.00157859
0.283179	-0.0551071	-0.000417618	-0.01738	0.00493513
0.281803	-0.051031	-0.000748663	-0.0086392	-0.0407212
0.280503	-0.0528979	-0.00101994	-0.0130183	-0.0948984
0.279121	-0.0576077	-0.00148201	-0.0237483	-0.0620473
0.277575	-0.0610659	-0.00221229	-0.0319505	0.0165457
0.27609	-0.0575762	-0.00293049	-0.0251326	0.0807337
0.274646	-0.0537155	-0.00348299	-0.0177507	0.0462306
0.273343	-0.0507009	-0.00385245	-0.0123331	0.0104204
0.27211	-0.0481551	-0.00410335	-0.0080449	-0.0198985
0.270832	-0.0500984	-0.00438798	-0.0137406	-0.0419055
0.26954	-0.0531731	-0.00483708	-0.0219801	0.0039792
0.268226	-0.0514731	-0.00537526	-0.0199126	0.0606707
0.266919	-0.0491688	-0.0058483	-0.0167577	0.0572833
0.265668	-0.0472103	-0.00625184	-0.0145095	0.0470961
0.264418	-0.0454846	-0.00662057	-0.0129867	0.0419722
0.263299	-0.0441243	-0.00693395	-0.0122086	0.0410053
0.262169	-0.0429184	-0.00724688	-0.0119633	0.0435339
0.261109	-0.0419359	-0.0075483	-0.0122156	0.0493886
0.26003	-0.0410797	-0.00787477	-0.0129471	0.0580437
0.258975	-0.0401261	-0.00821917	-0.0135787	0.0702457
0.257991	-0.0386988	-0.00855289	-0.0131772	0.0823874
0.257012	-0.036687	-0.00887525	-0.0117149	0.0882038
0.256088	-0.0344775	-0.0091551	-0.00992123	0.0877612
0.255253	-0.0324672	-0.00938446	-0.00852997	0.0849483
0.254434	-0.0306139	-0.00959408	-0.00767836	0.0838761
0.25369	-0.0289659	-0.00977956	-0.00721759	0.0860491
0.252961	-0.0272134	-0.00996004	-0.00671574	0.0901593
0.252304	-0.0253861	-0.0101181	-0.00597667	0.0942325
0.251695	-0.0234104	-0.010254	-0.0049603	0.096492
0.251136	-0.0213762	-0.0103636	-0.00385566	0.0968716
0.250609	-0.0192841	-0.0104492	-0.00279185	0.0964398
0.250135	-0.0172562	-0.0105102	-0.0018939	0.0961832
0.249682	-0.0151242	-0.0105509	-0.00105858	0.115422
0.249329	-0.0121649	-0.0105396	0.00185866	0.0976098
0.249041	-0.010118	-0.0104779	0.00278805	0.085209
0.248805	-0.0087978	-0.0104143	0.00228146	0.0839168
0.248594	-0.00750039	-0.0103641	0.00160821	0.0908378
0.248421	-0.00585413	-0.0103215	0.00171548	0.0991684
0.248297	-0.00374714	-0.0102619	0.00284998	0.102959
0.248228	-0.00125056	-0.0101571	0.00460001	0.121045
0.248238	0.0019123	-0.00999544	0.00825288	0.0937948
0.248324	0.00405991	-0.00974557	0.0093608	0.0851705
0.248444	0.00550061	-0.0095114	0.00938339	0.0701375
0.248597	0.00627195	-0.00928736	0.00789085	0.0713222
0.248765	0.00710866	-0.00910558	0.00673025	0.0816205
0.248961	0.00851366	-0.00893614	0.00687275	0.0904294
0.249198	0.0103995	-0.00874909	0.00812728	0.0915696
0.249496	0.0125	-0.00851556	0.00980833	0.08571
0.249832	0.0142846	-0.00825526	0.0109894	0.0768014
0.250223	0.0157397	-0.00796384	0.011432	0.0702949
0.250631	0.0168791	-0.00767902	0.011382	0.0677758
0.251085	0.0180133	-0.00738437	0.0113168	0.0679689
0.25157	0.0192355	-0.00708769	0.0115445	0.0681431
0.252067	0.0205015	-0.00679297	0.0120587	0.0664163
0.252618	0.0218159	-0.00647149	0.0126929	0.0627414
0.253201	0.0230303	-0.00613496	0.013219	0.0579947
0.253814	0.0241012	-0.00578716	0.0135466	0.0535432
0.254454	0.0250369	-0.00543329	0.0136962	0.0499595
0.25509	0.0258198	-0.00509084	0.0136734	0.0471797
0.255772	0.0266428	-0.00473302	0.0138365	0.0453358
0.256448	0.0274138	-0.00438509	0.0140404	0.042061
0.257142	0.0281202	-0.00403239	0.0142167	0.0384576
0.257882	0.02878	-0.00366133	0.0143585	0.0347979
0.258668	0.0293827	-0.00327284	0.0144582	0.031013
0.259438	0.0298716	-0.00289728	0.0144832	0.0271378
0.26022	0.0302701	-0.00252204	0.0144371	0.0236254
0.261011	0.0305977	-0.00214839	0.0143622	0.0203564
0.26181	0.0308674	-0.00177671	0.0142866	0.0171031
0.262615	0.0310802	-0.00140698	0.0142119	0.0137098
0.263394	0.0312209	-0.00105353	0.0141176	0.0101759
0.264269	0.0313027	-0.000661094	0.0139818	0.0068046
0.26505	0.0312062	-0.000316806	0.0136089	0.00300111
0.265859	0.0310145	3.02141e-05	0.0131379	0.000964926
0.266632	0.030821	0.000353314	0.0127738	-0.00109074
0.267411	0.0289563	0.000639157	0.00885222	-0.00310786
0.268136	0.0269472	0.000811747	0.00469223	0.0188448
0.26885	0.027965	0.000967031	0.00722349	0.0448349
0.26967	0.030549	0.00125433	0.0132908	0.0286414
0.27052	0.0323674	0.00167707	0.0177896	-0.0196801
0.271337	0.0304357	0.00209256	0.0141902	-0.0552487
0.272094	0.0279239	0.0023975	0.00944188	-0.0380125
0.272796	0.0262783	0.00260204	0.00667893	-0.0138709
0.273437	0.0251007	0.00274526	0.00496649	-0.00211781
0.274076	0.0240646	0.00285578	0.0036426	0.0134649
0.274746	0.0255289	0.00301271	0.00788299	0.0148295
0.275403	0.0270055	0.00326466	0.0121404	-0.0177922
0.276093	0.0260053	0.00356819	0.0111025	-0.0483682
0.27677	0.0242742	0.00383243	0.00860669	-0.0475091
0.277426	0.0226276	0.00404118	0.00643098	-0.0461387
0.277995	0.0212453	0.00418582	0.00479233	-0.0292795
0.278539	0.0206956	0.00431031	0.00502438	-0.0236011
0.279073	0.0204392	0.0044525	0.00594465	-0.0284636
0.279621	0.0201484	0.004626	0.00690175	-0.0377289
0.280135	0.0194335	0.00480554	0.00692991	-0.0479921
0.280624	0.0182356	0.0049724	0.00595774	-0.0527982
0.281063	0.0168925	0.00510421	0.00465251	-0.0514339
0.281515	0.0155164	0.00521758	0.00351662	-0.0576642
0.281884	0.0140172	0.00528499	0.00193891	-0.0449722
0.282236	0.0131292	0.00533233	0.00178886	-0.038952
0.282557	0.0126263	0.00538493	0.00243051	-0.0411725
0.282877	0.0120229	0.00545494	0.00294212	-0.0480798
0.283166	0.011119	0.00552602	0.00274724	-0.0546597
0.283439	0.00986879	0.00558623	0.00188712	-0.0569639
0.283668	0.00855579	0.00561965	0.000832252	-0.0552444
0.283867	0.00734504	0.00562962	8.77812e-06	-0.0519453
0.284037	0.00631354	0.00562411	-0.00042089	-0.0497569
0.284188	0.00536331	0.00561057	-0.000602271	-0.0497148
0.28431	0.00445926	0.00559346	-0.000760537	-0.0511444
0.284409	0.00348455	0.00557035	-0.00108021	-0.0525603
0.284483	0.00243639	0.00553706	-0.00157003	-0.0529274
0.284531	0.00132169	0.00548852	-0.00214711	-0.0521321
0.284551	0.000198423	0.00542301	-0.00269114	-0.0609116
0.284534	-0.00141585	0.00532775	-0.00433955	-0.0493266
0.284486	-0.00234851	0.00521422	-0.00470094	-0.0410302
0.28442	-0.00290514	0.00510321	-0.00420798	-0.0397964
0.284337	-0.00342258	0.00500169	-0.00363124	-0.0436445
0.284243	-0.00413608	0.00491186	-0.0035813	-0.0481755
0.284111	-0.00522359	0.00480312	-0.00419368	-0.0605464
0.28396	-0.00684766	0.00467268	-0.00621105	-0.047047
0.283751	-0.00796903	0.00448698	-0.00699844	-0.0410324
0.283534	-0.00872097	0.00430304	-0.00715783	-0.0309705
0.283313	-0.00898766	0.00413419	-0.00636811	-0.0297415
0.283057	-0.0092555	0.00396912	-0.00547714	-0.039885
0.282806	-0.0100797	0.0038208	-0.00596443	-0.0392994
0.28251	-0.0109958	0.00364482	-0.00661069	-0.0437681
0.282197	-0.0121739	0.00344824	-0.0079451	-0.0381408
0.281829	-0.0131934	0.00320322	-0.00892263	-0.0264898
0.28148	-0.0135586	0.00297441	-0.00867604	-0.0166162
0.281143	-0.0134645	0.00277225	-0.0075332	-0.0165181
0.280807	-0.0134061	0.00259733	-0.00653003	-0.0217649
0.280455	-0.0136658	0.00243222	-0.00624678	-0.0266707
0.280092	-0.0142509	0.00226377	-0.00673361	-0.0274586
0.279683	-0.0149893	0.00206373	-0.00756212	-0.0286895
0.279329	-0.015702	0.00187848	-0.00853316	-0.0170952
0.278899	-0.0160547	0.00164405	-0.00868571	-0.00997423
0.278499	-0.0159693	0.00143546	-0.00799595	-0.00699733
0.278055	-0.0157487	0.00122592	-0.00702603	-0.00980476
0.277646	-0.0157462	0.00104904	-0.00663425	-0.0125455
0.27725	-0.0159383	0.000882248	-0.00673985	-0.0131616
0.276799	-0.0162513	0.000688306	-0.00713842	-0.013558
0.276372	-0.016623	0.000494885	-0.0077517	-0.00634084
0.275939	-0.0166803	0.000293535	-0.00774266	-0.000671658
0.275491	-0.0164875	9.15392e-05	-0.00725111	0.00214589
0.275074	-0.0154455	-7.04413e-05	-0.0049622	0.00138665
0.274703	-0.0143295	-0.000162456	-0.00255283	-0.0108423
0.27434	-0.0147483	-0.000237012	-0.00353537	-0.0257144
0.27394	-0.0160295	-0.000366759	-0.00644544	-0.0181567
0.273527	-0.0169629	-0.000556446	-0.00864092	0.00306651
0.273099	-0.0159566	-0.000756979	-0.00665595	0.0202331
0.272712	-0.0149888	-0.00089859	-0.0048026	0.00994812
0.272335	-0.014116	-0.00100119	-0.00321024	0.000311503
0.271978	-0.0133611	-0.00106651	-0.00190477	-0.00802841
0.271636	-0.013981	-0.00113607	-0.00362178	-0.0154273
0.271259	-0.0150242	-0.00126569	-0.0063145	-0.00278664
0.270877	-0.0154708	-0.00144263	-0.00773347	0.0169053
0.270486	-0.0146765	-0.00162642	-0.00651045	0.0289932
0.270134	-0.0135623	-0.00176434	-0.00461876	0.0242638
0.269793	-0.012681	-0.0018657	-0.00330037	0.0151441
0.269471	-0.0122217	-0.00194472	-0.00293776	0.00966346
0.269146	-0.0118882	-0.00202323	-0.00290371	0.00948201
0.26884	-0.0116154	-0.0020998	-0.00300304	0.0112108
0.26853	-0.0113771	-0.00218382	-0.003233	0.0136873
0.268226	-0.0111812	-0.00227579	-0.00358692	0.0197092
0.267952	-0.0107709	-0.00236343	-0.00344188	0.0215315
0.267678	-0.0102832	-0.00244943	-0.00318694	0.0228716
0.267428	-0.00977056	-0.00252488	-0.00287211	0.0236128
0.26719	-0.00924576	-0.00259241	-0.00255403	0.02385
0.266957	-0.00871302	-0.00265489	-0.00227393	0.0240002
0.266746	-0.00822442	-0.0027089	-0.00208488	0.0243923
0.266547	-0.00771765	-0.00275762	-0.00185381	0.0252119
0.266339	-0.00713718	-0.0028057	-0.00159513	0.0306543
0.266171	-0.00636016	-0.00283545	-0.0008096	0.0262214
0.266013	-0.00578878	-0.00285228	-0.000519625	0.0232333
0.265874	-0.00540614	-0.00286628	-0.00061143	0.023088
0.265733	-0.00501467	-0.00288486	-0.000764014	0.0251146
0.265614	-0.00455903	-0.00290324	-0.000707081	0.0276979
0.265495	-0.00391052	-0.00291784	-0.000346449	0.0349263
0.265401	-0.00285986	-0.00290979	0.000894343	0.0341959
0.265341	-0.00195345	-0.00287384	0.00193995	0.0225063
0.265296	-0.00157404	-0.00282378	0.00180704	0.0173242
0.265258	-0.00150925	-0.00278841	0.00103537	0.0187493
0.265222	-0.00137533	-0.00277056	0.000424015	0.0240465
0.265192	-0.00096377	-0.00276048	0.000389936	0.0287619
0.265176	-0.000287388	-0.00274308	0.000941044	0.0301873
0.265178	0.00044175	-0.0027104	0.00165174	0.0279569
0.265198	0.00109129	-0.00266051	0.00216626	0.0245352
0.265231	0.00155207	-0.00260435	0.00231915	0.0221254
0.265275	0.00190137	-0.00254735	0.00224605	0.0216998
0.265329	0.00225586	-0.00249005	0.00217014	0.0225715
0.26539	0.00265396	-0.00243501	0.00224093	0.0234871
0.265466	0.00313224	-0.00237374	0.00247506	0.0234894
0.26555	0.00360889	-0.00230831	0.00275756	0.0224514
0.265642	0.00403253	-0.00223949	0.00297528	0.0210003
0.265757	0.0044499	-0.0021573	0.00311687	0.0198214
0.265878	0.00481381	-0.00207523	0.00319768	0.0190095
0.266018	0.00518223	-0.00198492	0.00326463	0.0215334
0.266153	0.00566113	-0.00189829	0.00368189	0.0179587
0.266305	0.00600833	-0.00180063	0.00381637	0.0152724
0.266465	0.00623739	-0.00170261	0.00372493	0.0141035
0.266642	0.00644153	-0.00160078	0.00356963	0.0162105
0.266807	0.00675674	-0.0015094	0.00375387	0.0146473
0.267001	0.00705578	-0.0014027	0.00387788	0.0150246
0.267181	0.00736941	-0.00130275	0.00412446	0.0117324
0.267375	0.00756143	-0.00119549	0.00412188	0.00963096
0.267565	0.00763477	-0.00109529	0.00390914	0.00885633
0.267765	0.00769892	-0.000996698	0.00369502	0.00931985
0.267958	0.00781018	-0.000905386	0.00362875	0.00981024
0.268156	0.00797365	-0.000813854	0.00370672	0.00946579
0.268365	0.00815474	-0.000715823	0.00384414	0.00821228
0.268579	0.00830226	-0.000614666	0.00394169	0.00649881
0.268797	0.00839056	-0.000512225	0.00394384	0.00494937
0.269015	0.0084239	-0.000410988	0.00386001	0.00389614
0.269234	0.00843414	-0.000312114	0.00375943	0.00330084
0.269454	0.00844222	-0.000215509	0.0036872	0.0027846
0.269682	0.00845395	-0.000116612	0.00365389	0.00209328
0.26991	0.0084604	-1.82743e-05	0.00364367	0.00101757
0.270121	0.00843915	7.21662e-05	0.00360527	-0.000147569
0.270343	0.00792819	0.000156898	0.00252498	-0.00108468
0.270541	0.00737146	0.000206502	0.00136564	0.00460694
0.270736	0.00761546	0.000250031	0.00197755	0.0117256
0.270942	0.00823592	0.00032039	0.00343383	0.00670891
0.271162	0.00863931	0.000423397	0.00444343	-0.00364846
0.27138	0.00814669	0.000527412	0.0035238	-0.0116247
0.271585	0.00762496	0.000605983	0.0025736	-0.00732126
0.27177	0.00722603	0.000660978	0.00190257	-0.00291181
0.271953	0.00688269	0.000703135	0.0013805	-5.05691e-05
0.272122	0.00659391	0.000732266	0.000980828	0.00247345
0.272297	0.00689867	0.000770032	0.00190298	0.00492028
0.272483	0.00734502	0.000836179	0.00315297	-0.00243719
0.272663	0.00710239	0.000912808	0.00290526	-0.0110713
0.272843	0.00674009	0.00098179	0.00243125	-0.0109511
0.273001	0.0064328	0.00103553	0.00207238	-0.009421
0.273177	0.00617221	0.00109039	0.0018883	-0.00841962
0.273329	0.00601529	0.0011376	0.00190658	-0.0085822
0.273495	0.00585559	0.00119191	0.00198077	-0.0119679
0.273644	0.00554526	0.00123971	0.00171173	-0.0115571
0.273784	0.00527235	0.00128178	0.00153998	-0.0111481
0.273913	0.00504566	0.00131921	0.00146609	-0.0112712
0.274041	0.00481832	0.00135663	0.00142039	-0.0119129
0.274158	0.00458008	0.0013911	0.0013451	-0.0127659
0.274269	0.00431227	0.00142305	0.0012158	-0.0133966
0.274377	0.0040115	0.0014523	0.00104295	-0.0136859
0.274477	0.00370499	0.00147698	0.00086668	-0.01372
0.27457	0.00340641	0.00149741	0.00071546	-0.0136882
0.274657	0.00310724	0.0015149	0.000588979	-0.016792
0.274735	0.00264712	0.00152423	0.000114467	-0.0139832
0.2748	0.00235078	0.00152523	-1.90345e-05	-0.0120444
0.274858	0.00216324	0.00152605	8.63146e-05	-0.0119928
0.27491	0.00199081	0.00152974	0.000205644	-0.0133477
0.274959	0.00174337	0.0015348	0.000181883	-0.0148113
0.274998	0.00143343	0.00153704	2.35329e-06	-0.0154735
0.275032	0.00106446	0.0015335	-0.000266719	-0.0151358
0.275054	0.000739435	0.00152403	-0.000481605	-0.0142455
0.275069	0.000445798	0.00150969	-0.000611733	-0.0135468
0.275077	0.000189188	0.00149306	-0.000665909	-0.0133127
0.275079	-4.81634e-05	0.00147595	-0.000702906	-0.0134925
0.275074	-0.000328105	0.00145517	-0.000782155	-0.0167291
0.275059	-0.000779309	0.00142746	-0.0012644	-0.0167916
0.275032	-0.00122713	0.00138784	-0.00176935	-0.0112506
0.274998	-0.00140158	0.00134265	-0.00168932	-0.0084783
0.274961	-0.00142392	0.00130403	-0.00129006	-0.00899141
0.27492	-0.00148161	0.00127302	-0.000946584	-0.0138074
0.274878	-0.00179869	0.00124498	-0.00121529	-0.0137724
0.274829	-0.00211339	0.00121088	-0.00150528	-0.0123988
0.27477	-0.00238079	0.00116923	-0.00168834	-0.0107944
0.274708	-0.00256378	0.0011267	-0.00171555	-0.00974151
0.27464	-0.00270949	0.00108283	-0.00166072	-0.00955622
0.27457	-0.00284852	0.00104192	-0.00161941	-0.00984014
0.274494	-0.00301907	0.000999549	-0.00164746	-0.0100463
0.274416	-0.00320587	0.000957271	-0.00173822	-0.00982095
0.274333	-0.0033929	0.000912521	-0.00184364	-0.00918379
0.274246	-0.00356115	0.000865437	-0.00192279	-0.00840843
0.274148	-0.00371468	0.000812991	-0.00196401	-0.00773913
0.27405	-0.00384011	0.000761903	-0.00197207	-0.0072337
0.273948	-0.00395443	0.00071068	-0.00197309	-0.00690198
0.273844	-0.00406499	0.000659341	-0.00198323	-0.00658609
0.273737	-0.00417398	0.000607552	-0.00200738	-0.00619032
0.273627	-0.00427743	0.000555058	-0.00203703	-0.00568102
0.273515	-0.00436905	0.000501846	-0.00205699	-0.00510539
0.273395	-0.00445259	0.000446087	-0.0020748	-0.00455526
0.273279	-0.0045188	0.000392172	-0.0020777	-0.00396349
0.273152	-0.00457388	0.000334279	-0.00206567	-0.00345122
0.273027	-0.00461613	0.000278837	-0.00205014	-0.00296255
0.272912	-0.00464606	0.000227895	-0.00203296	-0.00249164
0.272791	-0.00466817	0.00017541	-0.00201282	-0.00205306
0.272669	-0.00468324	0.000123419	-0.00199494	-0.00159233
0.272547	-0.00469006	7.18986e-05	-0.0019765	-0.00110032
0.272425	-0.0046869	2.09174e-05	-0.00195351	-0.000593723
0.272294	-0.00467344	-3.32875e-05	-0.00192591	-0.000323562
0.272173	-0.00466199	-8.31811e-05	-0.00192021	0.000437057
0.272055	-0.00439092	-0.000126608	-0.00136121	0.00106317
0.271945	-0.00409525	-0.000153677	-0.000760288	-0.00180231
0.271841	-0.0041985	-0.000176205	-0.00104019	-0.00537456
0.271733	-0.00449051	-0.000211195	-0.00174323	-0.00315338
0.271608	-0.00470123	-0.000265911	-0.00228866	0.00204699
0.271494	-0.00445633	-0.000317873	-0.00184645	0.00653483
0.271386	-0.00418035	-0.000357504	-0.00135108	0.00437402
0.271276	-0.00395205	-0.000388365	-0.000981499	0.00198161
0.271176	-0.00377322	-0.000410279	-0.00072448	0.000100053
0.27108	-0.003617	-0.000426294	-0.000523498	-0.00108815
0.270988	-0.00377134	-0.000445532	-0.00100366	-0.0019902
0.270879	-0.00400127	-0.000483227	-0.00167671	0.0018037
0.270776	-0.00386719	-0.000525635	-0.00155329	0.00664144
0.270679	-0.00364626	-0.000561887	-0.00125281	0.00665823
0.270587	-0.00343712	-0.000590825	-0.00098924	0.00552554
0.270496	-0.00328982	-0.000615788	-0.00087825	0.00459923
0.270415	-0.00320858	-0.00063795	-0.000904069	0.00456568
0.270333	-0.00313935	-0.000662317	-0.000972219	0.00528393
0.270255	-0.00304431	-0.000686726	-0.00098328	0.00631851
0.270175	-0.00289377	-0.000712051	-0.000898967	0.00835614
0.270106	-0.00265873	-0.000730875	-0.000618425	0.00718826
0.270035	-0.0024648	-0.000745734	-0.000462355	0.00687827
0.269968	-0.00230009	-0.000757364	-0.000375201	0.00634999
0.269908	-0.00217442	-0.000767306	-0.000367624	0.00575301
0.269854	-0.0020935	-0.000777406	-0.000441582	0.00620731
0.269803	-0.00199477	-0.000788934	-0.000480015	0.00712941
0.269753	-0.00184989	-0.000800807	-0.000431412	0.00787468
0.269708	-0.00166948	-0.000810402	-0.00030857	0.00812081
0.269667	-0.00147869	-0.000816494	-0.000165655	0.00789258
0.269631	-0.001302	-0.000819273	-5.51569e-05	0.00750489
0.2696	-0.00115453	-0.000819896	1.35015e-06	0.00727342
0.269573	-0.00102062	-0.000819502	2.80829e-05	0.00732172
0.269548	-0.000880335	-0.000818363	5.83779e-05	0.00753457
0.269528	-0.00072963	-0.000816126	0.00011208	0.00773213
0.269511	-0.000569299	-0.000812207	0.000187918	0.00777463
0.269498	-0.000399975	-0.000805929	0.000274639	0.00766101
0.269489	-0.000242141	-0.000797789	0.000349142	0.00746448
0.269485	-8.73179e-05	-0.000787511	0.000409823	0.00729887
0.269485	5.98794e-05	-0.000775791	0.000457643	0.00719838
0.269488	0.000198581	-0.000763323	0.000501109	0.0071505
0.269495	0.000337422	-0.000749666	0.000549294	0.0070988
0.269506	0.000476659	-0.000734682	0.000603188	0.0069973
0.26952	0.000614114	-0.000718279	0.000658476	0.00683767
0.269538	0.000747093	-0.000700548	0.000709697	0.0066439
0.269559	0.000874713	-0.000681497	0.000755445	0.00644915
0.269584	0.00100125	-0.000660558	0.000796796	0.00626112
0.269612	0.0011185	-0.000639379	0.000833668	0.00607773
0.269641	0.0012272	-0.000618135	0.000867165	0.0058955
0.269675	0.0013368	-0.00059515	0.000901908	0.00571082
0.26971	0.00143871	-0.000572197	0.00093518	0.00549724
0.269748	0.00153989	-0.00054748	0.000967307	0.00527113
0.26979	0.00163553	-0.00052199	0.000995792	0.00502845
0.269835	0.00172959	-0.00049476	0.00102309	0.00478547
0.269883	0.0018178	-0.000466853	0.00104725	0.00452391
0.269931	0.00189674	-0.00043941	0.00106673	0.0042586
0.269982	0.00196952	-0.000411518	0.00108207	0.00400512
0.270034	0.00203748	-0.000383229	0.00109635	0.00375717
0.270085	0.00209749	-0.000355722	0.00110746	0.00349716
0.270141	0.00215438	-0.000326859	0.00111644	0.003246
0.270197	0.002207	-0.000297745	0.0011259	0.00298352
0.27026	0.00225783	-0.000266167	0.00113432	0.00288611
0.270322	0.00231105	-0.000235213	0.00116265	0.00251061
0.270382	0.00235257	-0.000204796	0.001179	0.00196049
0.270444	0.00237339	-0.000174442	0.00116026	0.00150736
0.270503	0.00237887	-0.000146004	0.00111992	0.00132015
0.270565	0.00238329	-0.000117417	0.00108485	0.00129258
0.270629	0.00239575	-8.83207e-05	0.00107579	0.00121021
0.270692	0.00241233	-6.02607e-05	0.00108682	0.000941443
0.270752	0.00242299	-3.3033e-05	0.00109482	0.000548218
0.270815	0.00242192	-4.73762e-06	0.0010859	0.000168452
0.270881	0.0024101	2.42262e-05	0.00106333	-0.000134808
0.270942	0.00226349	4.8231e-05	0.000753942	-0.000378114
0.270996	0.00211094	6.28637e-05	0.000437484	0.00108717
0.271052	0.0021697	7.62255e-05	0.000589755	0.00318565
0.271108	0.00233705	9.6014e-05	0.000984547	0.00161562
0.271175	0.0024493	0.000127859	0.00127122	-0.00149186
0.271237	0.00230598	0.00015746	0.00100515	-0.00320312
0.271295	0.00216519	0.000180144	0.000753477	-0.00199927
0.27135	0.00205092	0.000197041	0.000566695	-0.000873019
0.2714	0.00195951	0.000209396	0.000432367	-0.000111533
0.271448	0.00187963	0.00021878	0.00032687	0.00039881
0.271497	0.00194767	0.000230107	0.000551922	0.00079973
0.271549	0.00204652	0.000248426	0.000849535	-0.000728549
0.271602	0.00198226	0.000270107	0.000796301	-0.00282925
0.271652	0.00189996	0.000289606	0.000710495	-0.00291381
0.271701	0.00182	0.000307034	0.000636076	-0.00278473
0.271745	0.0017552	0.000322377	0.000596344	-0.00251454
0.271794	0.00170361	0.000339103	0.000603718	-0.0028146
0.271837	0.00164683	0.00035468	0.000596575	-0.00324563
0.271877	0.00157505	0.000369057	0.000556909	-0.00357161
0.271917	0.0014889	0.000382698	0.000495221	-0.00368719
0.271955	0.00140066	0.00039471	0.000433272	-0.00367461
0.27199	0.00131746	0.000405311	0.000386226	-0.00364608
0.272024	0.00123693	0.000415257	0.00035387	-0.00369403
0.272056	0.00116071	0.000424097	0.000328786	-0.00383364
0.272085	0.0010806	0.000432213	0.000298064	-0.0039994
0.272113	0.000991675	0.00043966	0.000256325	-0.00412624
0.272137	0.000902261	0.000445688	0.000210129	-0.00419032
0.272159	0.000812034	0.00045055	0.000164002	-0.0042046
0.272179	0.000723242	0.000454241	0.000122471	-0.0042069
0.272197	0.000636239	0.000456922	8.59523e-05	-0.00422358
0.272212	0.00055325	0.000458636	5.30211e-05	-0.00425865
0.272225	0.00046644	0.000459541	1.81227e-05	-0.00429524
0.272236	0.00038199	0.000459529	-1.74305e-05	-0.00431871
0.272244	0.000293662	0.00045856	-5.56589e-05	-0.00431818
0.272251	0.0002091	0.000456695	-9.20661e-05	-0.00429755
0.272255	0.000119003	0.000453686	-0.000129534	-0.0042671
0.272257	3.36899e-05	0.000449861	-0.000163596	-0.00423121
0.272256	-5.66771e-05	0.00044478	-0.000198584	-0.00531756
0.272253	-0.000192745	0.000437851	-0.000353188	-0.00415155
0.272247	-0.000279283	0.000427976	-0.000396289	-0.00334991
0.272239	-0.000321893	0.000418326	-0.000346386	-0.0031745
0.272231	-0.000355033	0.000410485	-0.000284086	-0.00354354
0.272221	-0.000407746	0.000403648	-0.000267091	-0.00400297
0.272209	-0.000495062	0.000395568	-0.000312763	-0.00542824
0.272193	-0.000657293	0.000384216	-0.000531254	-0.00403361
0.272175	-0.000748848	0.000369363	-0.000604317	-0.00278647
0.272155	-0.000777361	0.000354417	-0.00054422	-0.00285788
0.272133	-0.000812077	0.000340415	-0.000498097	-0.00267532
0.272113	-0.000839286	0.000328621	-0.000448775	-0.00293714
0.272088	-0.000888173	0.000316248	-0.000438316	-0.00418757
0.272063	-0.00100724	0.000302356	-0.000590514	-0.00431508
0.272034	-0.00113842	0.000283879	-0.000774903	-0.00237172
0.272004	-0.0011712	0.000263915	-0.000753916	-0.00121232
0.271975	-0.0011463	0.000246822	-0.0006161	-0.00120399
0.271945	-0.00112252	0.000232646	-0.000482695	-0.00189661
0.271915	-0.00114025	0.00022024	-0.000441883	-0.00352156
0.271884	-0.00124403	0.000206818	-0.00059701	-0.00282124
0.271852	-0.0013169	0.00019066	-0.000691977	-0.00182026
0.271818	-0.00134377	0.000173345	-0.000691541	-0.00114674
0.271785	-0.00134013	0.00015686	-0.000629704	-0.00100947
0.27175	-0.00133335	0.000141395	-0.000564246	-0.00123337
0.271717	-0.00134225	0.000127642	-0.000539873	-0.00149277
0.271683	-0.00136859	0.000113943	-0.000558205	-0.00152315
0.271647	-0.00140217	9.89567e-05	-0.000595698	-0.00129213
0.271611	-0.00142717	8.37618e-05	-0.000620673	-0.000926504
0.271571	-0.00143953	6.64191e-05	-0.000620276	-0.000987271
0.271535	-0.00145814	5.06649e-05	-0.000641916	-0.000443183
0.271499	-0.00145454	3.49069e-05	-0.000619994	-0.000141624
0.271458	-0.00143802	1.8247e-05	-0.000573985	-0.000328171
0.271422	-0.0014372	4.0054e-06	-0.000568471	-0.000156139
0.271386	-0.00143234	-1.00559e-05	-0.000558712	-1.06835e-05
0.271349	-0.00142435	-2.44038e-05	-0.000546938	0.000113838
0.271313	-0.00134436	-3.67653e-05	-0.000381862	0.000236912
0.271279	-0.00125361	-4.41298e-05	-0.000196541	-0.000590927
0.271246	-0.00128762	-5.04258e-05	-0.000287071	-0.00165174
0.271212	-0.00137982	-6.0823e-05	-0.000507964	-0.000966894
0.271175	-0.00144208	-7.62286e-05	-0.000667564	0.00055707
0.271134	-0.00135961	-9.37002e-05	-0.000518784	0.00180566
0.2711	-0.00128099	-0.000105283	-0.000380023	0.00111493
0.271068	-0.00121481	-0.00011363	-0.000271952	0.000486309
0.271037	-0.00115839	-0.000119523	-0.000187675	-3.10593e-05
0.271006	-0.00118715	-0.000125794	-0.00029202	-0.000439007
0.270975	-0.00124021	-0.000135534	-0.000452701	0.000374353
0.270943	-0.00119834	-0.000146918	-0.000408661	0.0015336
0.270912	-0.0011518	-0.00015682	-0.000357973	0.00148743
0.270882	-0.00111015	-0.000165966	-0.000323364	0.00138625
0.270853	-0.00107664	-0.000174118	-0.000307396	0.00137305
0.270826	-0.00104859	-0.000182066	-0.000306154	0.00145596
0.270799	-0.00101953	-0.000189998	-0.000305359	0.00163788
0.270774	-0.000984926	-0.000197451	-0.00029252	0.00213262
0.270749	-0.000926352	-0.00020426	-0.000232063	0.00203325
0.270727	-0.000876194	-0.00020949	-0.00018941	0.00178134
0.270704	-0.000837287	-0.000214408	-0.000178594	0.00165529
0.270683	-0.000810343	-0.000219005	-0.000190038	0.00185647
0.270662	-0.000774225	-0.000223894	-0.000185795	0.00207653
0.270643	-0.000728262	-0.000228405	-0.000161564	0.00225462
0.270624	-0.000671998	-0.000232168	-0.000119156	0.00242775
0.270607	-0.000608136	-0.00023458	-6.11861e-05	0.00217408
0.270592	-0.000560495	-0.000235819	-3.63582e-05	0.00195055
0.270577	-0.00052569	-0.0002368	-4.00501e-05	0.00193205
0.270565	-0.000494119	-0.000237902	-4.80941e-05	0.00208828
0.270552	-0.000453808	-0.00023905	-4.04464e-05	0.00225255
0.270542	-0.000407278	-0.000239751	-1.63635e-05	0.00233103
0.270531	-0.000353182	-0.000239712	1.79465e-05	0.00230505
0.270523	-0.000302766	-0.000238846	4.74612e-05	0.00222127
0.270516	-0.000258666	-0.000237408	6.66195e-05	0.00215504
0.27051	-0.000216158	-0.000235495	7.97472e-05	0.00213501
0.270505	-0.000176281	-0.000233359	9.08453e-05	0.00214386
0.270501	-0.000135667	-0.000230917	0.000104302	0.0021568
0.270498	-8.89864e-05	-0.000227749	0.000122994	0.00229922
0.270496	-3.95311e-05	-0.000224231	0.000157842	0.00212636
0.270496	7.50013e-06	-0.000219483	0.00018003	0.00199437
0.270497	4.48083e-05	-0.000214694	0.000188296	0.00188623
0.270498	7.62069e-05	-0.000209996	0.000187977	0.00188284
0.270501	0.00010977	-0.000205074	0.000191266	0.00191486
0.270504	0.000147703	-0.000199754	0.000203229	0.00197834
0.270508	0.000188809	-0.00019417	0.00022663	0.00190939
0.270514	0.000229502	-0.000187754	0.000248661	0.00171753
0.27052	0.00026024	-0.000181229	0.000253547	0.00158371
0.270528	0.000287815	-0.000174197	0.000249164	0.00154096
0.270537	0.000314747	-0.00016728	0.000245913	0.00158824
0.270545	0.00034398	-0.000160787	0.000254426	0.00160807
0.270555	0.000377408	-0.000153682	0.000272384	0.00155159
0.270565	0.000407388	-0.000146665	0.000289182	0.00143952
0.270576	0.000434892	-0.000138992	0.000301075	0.00132135
0.270587	0.000457125	-0.000131415	0.000305756	0.0012218
0.270599	0.00047735	-0.000123458	0.0003069	0.00116008
0.270613	0.000498048	-0.000114852	0.000308778	0.00100478
0.270627	0.000512525	-0.000106347	0.000300139	0.000939397
0.27064	0.000524317	-9.89556e-05	0.000292528	0.00105255
0.270654	0.000544468	-9.12154e-05	0.000304463	0.00104939
0.270668	0.000567144	-8.30443e-05	0.000324624	0.000925102
0.270683	0.000584993	-7.47666e-05	0.000338015	0.000741838
0.270699	0.00059683	-6.56379e-05	0.000339227	0.000591229
0.270714	0.000602598	-5.72656e-05	0.000331813	0.000501343
0.27073	0.000606541	-4.84646e-05	0.000321815	0.000229394
0.270746	0.000599461	-4.05003e-05	0.000291208	0.000439099
0.270761	0.000604364	-3.29885e-05	0.000289444	0.000538997
0.270776	0.000616991	-2.55353e-05	0.000307552	0.000470337
0.270793	0.000629151	-1.72893e-05	0.000326908	0.000280821
0.270808	0.000633554	-9.05659e-06	0.00033222	6.90258e-05
0.270825	0.000629534	-5.68553e-07	0.000321721	-6.32624e-05
0.27084	0.000590543	6.5085e-06	0.000237164	-0.000107521
0.270855	0.000546953	1.1392e-05	0.0001446	0.000299666
0.270869	0.000561638	1.56277e-05	0.000181339	0.000760332
0.270884	0.000600464	2.13225e-05	0.000272436	0.000493766
0.270901	0.000632022	3.00983e-05	0.000350931	-0.000430089
0.270918	0.000591405	3.88691e-05	0.000274417	-0.0012789
0.270933	0.000530359	4.43763e-05	0.000154641	-0.000385667
0.270946	0.00049809	4.75153e-05	9.94276e-05	0.0002244
0.270959	0.000519787	5.08123e-05	0.00016298	0.000476628
0.270973	0.00055675	5.63691e-05	0.00026212	5.1557e-05
0.270987	0.000573436	6.36687e-05	0.000318196	-0.00062875
0.271003	0.000545299	7.2007e-05	0.000281194	-0.00174115
0.271015	0.000473437	7.73003e-05	0.000147912	-0.0010095
0.271028	0.000433649	8.04819e-05	8.94289e-05	-0.00060031
0.271039	0.000420511	8.26148e-05	8.71554e-05	-6.11318e-05
0.271049	0.000413713	8.5041e-05	0.000100616	-0.000111404
0.27106	0.000408749	8.7898e-05	0.000118987	-0.000258849
0.271071	0.000404837	9.12775e-05	0.000140718	-0.000442705
0.271081	0.000402111	9.51045e-05	0.000165054	-0.000656036
0.271091	0.000394177	9.96037e-05	0.000180592	-0.000892448
0.271101	0.000374967	0.000104189	0.000172943	-0.00109033
0.271111	0.000346187	0.000108481	0.000146189	-0.00172768
0.271119	0.000284285	0.000111135	5.00966e-05	-0.0010997
0.271126	0.000256005	0.000112048	2.58666e-05	-0.000621358
0.271133	0.000253867	0.000113112	5.92835e-05	-0.000544128
0.271139	0.000258208	0.000115192	0.000105947	-0.000806255
0.271146	0.000249985	0.000118387	0.000128959	-0.00116239
0.271152	0.000224419	0.000121552	0.000113507	-0.00140043
0.271157	0.000188032	0.000123873	7.36626e-05	-0.00140633
0.271162	0.000152007	0.00012521	3.52171e-05	-0.00125407
0.271165	0.000123207	0.000125839	1.45683e-05	-0.00109954
0.271168	0.00010277	0.000126172	1.24213e-05	-0.001045
0.271171	8.66723e-05	0.000126555	1.82617e-05	-0.00109658
0.271173	6.77e-05	0.000127051	1.95942e-05	-0.0011943
0.271174	4.39787e-05	0.000127446	1.06671e-05	-0.00126942
0.271175	1.7388e-05	0.000127496	-6.13395e-06	-0.00128227
0.271175	-9.72226e-06	0.000127109	-2.41264e-05	-0.00124138
0.271174	-3.66945e-05	0.000126252	-3.87148e-05	-0.00118776
0.271173	-5.89693e-05	0.000125181	-4.66179e-05	-0.00115279
0.271171	-8.0457e-05	0.000123901	-5.15546e-05	-0.00114973
0.271169	-0.000102714	0.000122435	-5.70371e-05	-0.00116337
0.271166	-0.000124256	0.000120912	-6.46466e-05	-0.00117299
0.271162	-0.000147488	0.000119096	-7.49395e-05	-0.001164
0.271158	-0.000171545	0.000116919	-8.61783e-05	-0.00166066
0.271153	-0.000222165	0.000113657	-0.000156592	-0.00110028
0.271147	-0.000244473	0.000109406	-0.000167715	-0.000699617
0.27114	-0.000246058	0.000105473	-0.000134792	-0.000632508
0.271134	-0.000244382	0.000102595	-9.72313e-05	-0.000825918
0.271128	-0.000253154	0.000100294	-8.2103e-05	-0.0010596
0.271121	-0.000274551	9.80712e-05	-9.66802e-05	-0.00116929
0.271114	-0.000302286	9.52807e-05	-0.000126029	-0.00109909
0.271106	-0.000327441	9.1809e-05	-0.000150705	-0.000932245
0.271097	-0.000344855	8.79272e-05	-0.000159602	-0.000783833
0.271088	-0.000356393	8.38242e-05	-0.0001558	-0.00072227
0.271079	-0.000365041	8.00353e-05	-0.000148063	-0.000732789
0.271069	-0.000376048	7.60944e-05	-0.000144724	-0.000767465
0.27106	-0.000389082	7.24277e-05	-0.0001491	-0.000775278
0.271049	-0.000404173	6.84352e-05	-0.000158314	-0.000736064
0.271039	-0.000417809	6.43766e-05	-0.000166564	-0.000663393
0.271029	-0.000428878	6.01666e-05	-0.000170534	-0.000592523
0.271017	-0.000438003	5.5731e-05	-0.000170892	-0.000543257
0.271006	-0.000445328	5.1484e-05	-0.000169472	-0.000511597
0.270994	-0.000452901	4.69262e-05	-0.000168747	-0.000878653
