0.0	0.5	5.50.4	0.01
0.0	0.0	0.0	0.0	0.0
0.001016063603497333	0.0780167852838829	-0.30346436965384066	-0.2663515542913565	-0.0
0.002158692656559366	-0.014457856821837305	-0.30928073448869703	-0.1584515072858424	5.2
-0.0004288657350831754	-0.17796332873690165	-0.310041553363269	0.08961400954346425	5.2
-0.006578330564244422	-0.32834634205523194	-0.30504134055001714	0.3180470934065086	5.2
-0.017335492163436023	-0.49340743523853764	-0.29335759902532776	0.5728459629421326	5.200000000000001
-0.03178312794316948	-0.6569397062354052	-0.2756946803634686	0.8329299617716331	5.2
-0.05041098769803892	-0.8280498945631988	-0.25124664282314957	1.1161548513058468	5.2
-0.07235967006426405	-0.9174872336745956	-0.22168120045703432	1.2311307646780392	3.102141343305904
-0.09524177085070475	-0.9027429142191234	-0.1919424615560217	1.129698356765853	0.6984878308869042
-0.11739111316218641	-0.8711771808510217	-0.16540540076885302	1.0012812496444148	0.5015763501506356
-0.13809214460935793	-0.8560114990257984	-0.14245429194318923	0.9190608805974282	0.712754788909713
-0.15928726879797678	-0.8408661856916166	-0.12050699540869532	0.8423715800471168	0.5877443831159432
-0.18090766655742085	-0.8235045120257325	-0.09966109775569504	0.7665192475054429	0.43726008339687894
-0.20126007993150807	-0.8060383658730035	-0.08141380236317255	0.6983808405316911	0.3143623264654529
-0.2211793982825103	-0.7887421689998646	-0.06478620559814852	0.6363833096133606	0.214500172440804
-0.24066008338234843	-0.7709906818349599	-0.04965317425231207	0.5786262360834257	0.1124772766136477
-0.2596986371424725	-0.753254487436482	-0.035897779314731176	0.5256554815905371	0.023584228201873003
-0.2771972977415634	-0.6999937502314101	-0.02467892086857473	0.39932303069913794	-0.06210212211617083
-0.29568747003980733	-0.7248161154737635	-0.013757299743355706	0.4471307640306322	0.7276588336758927
-0.3131366421094314	-0.6702232927707178	-0.004095801222617957	0.32447042743375937	-0.2911356553051787
-0.3294243266445351	-0.6890776023309656	0.004129251834154479	0.365756384215794	0.5164252676633065
-0.34681209293757315	-0.6437343928676394	0.012512306860890894	0.26913174934680556	-0.32174334538901217
-0.3624914140490449	-0.6601213073536032	0.019532850821439504	0.31003165954339473	0.2595343607479914
-0.37912967952136695	-0.6175476567034136	0.026541385527922522	0.2244804011935163	-0.5310210857070343
-0.3941757528084738	-0.5844818603965533	0.0314117978575989	0.161408270165156	-0.012977359026491442
-0.40847007054523865	-0.6075496003410881	0.035998820696787365	0.22248477043901035	0.3718005055305347
-0.42330742845909397	-0.5765014307391321	0.04095009327094133	0.16694229776670624	-0.5259378816008495
-0.43786577670242055	-0.5453262702736902	0.044539118308616316	0.11307024321747466	-0.23361918307305274
-0.45109611178306885	-0.5587546856978567	0.04774311776037902	0.1569031295915851	0.10264010695316839
-0.46467899586352696	-0.5291395321416404	0.051026415972904665	0.10806581648765354	-0.5593828620674026
-0.47760039523319536	-0.5060182269766176	0.05327408309692141	0.0743610777761972	-0.2655945479065538
-0.4899803708845486	-0.48559320905343273	0.05476785384878557	0.047178815609828735	-0.08090006075536738
-0.5027760559740013	-0.5011333124172461	0.05662048064289965	0.10006768553324767	0.07131203906486949
-0.5149362332199884	-0.4756888361867825	0.05855768206199976	0.06305023254264364	-0.6322266490558495
-0.5261485153725194	-0.4596612531403705	0.0598536868222406	0.046424383361939575	-0.40335867453803764
-0.5378868273437712	-0.4441690851957176	0.0608693137336595	0.032908422521223314	-0.3542342766353048
-0.5483832900242235	-0.4312798067913055	0.061539256290286316	0.023788235043884554	-0.3298273143661978
-0.5594228405856454	-0.4186106409448269	0.06205911764638202	0.016947470328507977	-0.32981731542319404
-0.5693343259474328	-0.4079431751510696	0.062412539761243564	0.013020228112591186	-0.35189410340181715
-0.5793984834182246	-0.39774247987524836	0.06270802683737059	0.011032272693312712	-0.3912976449036092
-0.5892185065094707	-0.3883635221330778	0.06297887842328194	0.010937139198332743	-0.4509783713155414
-0.5991820571325407	-0.3784135979939968	0.06325809970509522	0.01050256379209771	-0.5294455166352697
-0.6081067703887063	-0.36566717954687983	0.06341299561743534	0.0023659309963213145	-0.6077351740047613
-0.6174344683672479	-0.3524286997775181	0.06337064841620815	-0.005178707965571188	-0.5945637047082291
-0.6260879940885883	-0.340378506747204	0.06316465395204546	-0.010985027699708935	-0.5831554657898255
-0.6341154565066809	-0.329061268484803	0.06283703495684088	-0.016092120145034944	-0.5789333626159315
-0.642191906493997	-0.31753715053055864	0.06237117151536252	-0.020960301459487744	-0.5730289439898093
-0.6499850068072482	-0.30636914853967284	0.06179189130776842	-0.0252177509484264	-0.5649836364156418
-0.6577978317765969	-0.29506261163957226	0.06108285925363196	-0.029187615904012355	-0.5571209515872954
-0.6650375496592135	-0.28454036020303974	0.06031076058559521	-0.032480100256528394	-0.5477196494414528
-0.6720183303451976	-0.27432096569320236	0.05946200140645577	-0.03537252663951835	-0.5388819906795268
-0.6787495985418283	-0.264594153365395	0.05854932168446686	-0.037811771825130736	-0.5295544100050702
-0.6852343821728756	-0.2547503424951721	0.05757415481396563	-0.040135839109900984	-0.5197524372905031
-0.6914818327740424	-0.2454121018375226	0.05654719261901979	-0.04201703543401926	-0.5092469213828029
-0.6972633460301427	-0.2367359483291537	0.055520905300406195	-0.04351155105854557	-0.4986364525287621
-0.7032948960268471	-0.2275813611495638	0.054370857039038885	-0.044962954248430734	-0.4886525243095218
-0.7088747195143232	-0.21913333790139594	0.05323491673418105	-0.04595401528704797	-0.47649598871415777
-0.7142465867368338	-0.21092737695820474	0.05207646844207313	-0.04678819073926142	-0.4663231542744595
-0.719416673863266	-0.20298132550008718	0.05089961758598977	-0.04743305372227201	-0.45546141178391386
-0.7243915345942138	-0.19529814757921993	0.04970914849152605	-0.047887333180186197	-0.4444306982987768
-0.729177635489772	-0.18786927710508589	0.0485095437199706	-0.048173515705314716	-0.43346489670676513
-0.7337812421490256	-0.18068791321792857	0.04730477082740132	-0.04830884136378542	-0.4225403626616391
-0.7380347146753374	-0.17403040074367365	0.04614671786366806	-0.04828964901239026	-0.4116669715951766
-0.7424648768879816	-0.16701266853626634	0.04489287002011999	-0.048250970942427994	-0.4015164383041959
-0.7463960839566894	-0.1608335995060663	0.04373980438119679	-0.047936616835088985	-0.3894233985513256
-0.7503355674999155	-0.15455930909800628	0.04254656590842346	-0.04763575368608471	-0.38016363395233943
-0.754120797431738	-0.14850005324444915	0.0413615138645283	-0.0472509661467311	-0.3693988967934254
-0.757899999269127	-0.1424355654028814	0.04014095480378826	-0.04673855492232967	-0.3586648368355
-0.7612519383235858	-0.13709008548968066	0.039028861133806665	-0.046076767431439215	-0.3479460449479237
-0.7647396831160507	-0.13140093997004065	0.03783961338306378	-0.04552664970768734	-0.3395651753172818
-0.7679572973871721	-0.12619976911899744	0.036757087330676695	-0.04479782971543868	-0.3282610216652947
-0.7710459046386733	-0.12106500330273874	0.035601022315371135	-0.04426241558686657	-0.32124191699497984
-0.7740108345606269	-0.11631192036960254	0.03450841144852463	-0.04326220304780477	-0.3074643926408125
-0.776858238792712	-0.11163943397985883	0.0334390651641717	-0.04243746860060416	-0.3004782564296278
-0.7794835965315907	-0.10730345813975037	0.03243159326352248	-0.0416424925775684	-0.29168342467600683
-0.7821093439249358	-0.10292463157218834	0.03140179273657219	-0.040844194669789766	-0.28317473786237046
-0.7846279998492991	-0.09873314043654262	0.03039283369016882	-0.039967333753486545	-0.27390592766912414
-0.7870439901967359	-0.09470208220832162	0.029406206361213563	-0.039063842972162054	-0.26541874457244097
-0.7894519769357122	-0.0906663984940062	0.02840452097799064	-0.03811776593937924	-0.2572689777924305
-0.7915835389402285	-0.08709742411053181	0.027502130377131062	-0.037199537987373806	-0.24898532427414377
-0.7937983420378412	-0.08332783704875761	0.02654989608451187	-0.036306785755913215	-0.24195083978065246
-0.7958365375707365	-0.07986488192835611	0.025654720892590764	-0.03539513738318496	-0.23351304725728422
-0.7977902125053631	-0.07655020567176833	0.02478308439739072	-0.034446068180089155	-0.22599732877662548
-0.7995893035338529	-0.07348595870838347	0.023968623573799506	-0.03354023223491156	-0.21911208481955174
-0.8014564133600897	-0.07025085437108505	0.023109451469164467	-0.03265730354075651	-0.21270460890475706
-0.8031746037674483	-0.06730786141534557	0.022306247829658666	-0.03171145675974401	-0.2049732427122134
-0.8048208127282876	-0.06447256995715174	0.021526816499064943	-0.030787279716603267	-0.19881298733824876
-0.8063971462697793	-0.061721042131508974	0.020769427495802056	-0.029929807552808746	-0.19277567583743577
-0.8079060136589807	-0.059078815882416216	0.02003319625635185	-0.029076014720070802	-0.18633037152589488
-0.8092937248858926	-0.05665253444529589	0.019346610461883993	-0.028237104828223777	-0.18011231226962876
-0.8106782391147146	-0.05419976327361608	0.0186519034662461	-0.027424731627806388	-0.17462877365007184
-0.8120031210700117	-0.05187034028795149	0.01797829267868863	-0.026564818607537365	-0.16856740679249216
-0.8133200898804105	-0.049516755508806465	0.017299374006847935	-0.025748381762813327	-0.16332958384370205
-0.8145303265111545	-0.04737565227363093	0.016667330794568117	-0.024909464225895194	-0.1574060592159292
-0.815642779644752	-0.04539436215989659	0.016080032309798917	-0.024132126325994898	-0.15261371299485393
-0.816794935707514	-0.04330051497794386	0.015463589041148132	-0.023378815895116714	-0.14807252857464887
-0.8178529934690689	-0.04140404573277488	0.014890169813944783	-0.022592082687579323	-0.14255267954924183
-0.8188643337182249	-0.03956321791143592	0.014335539367050058	-0.021867114834716685	-0.13822887618278829
-0.8197928351935191	-0.03787255979029535	0.013820012563815752	-0.02117065877456211	-0.13360180142001965
-0.8207538362083427	-0.03610402831569072	0.013280021516973361	-0.020456902895923827	-0.12946512071580302
-0.821635497879344	-0.034483348551831036	0.012778213964438446	-0.01976524162361908	-0.1249006203322841
-0.8224774740319111	-0.03292573298320628	0.012293420165005536	-0.019096027285415876	-0.12088476329524678
-0.8232813031129823	-0.03142960554377204	0.011825066478245935	-0.01844726713734346	-0.1169613736246316
-0.8240185198554414	-0.030053758812998738	0.011390507801489556	-0.017833120237586365	-0.11314030210548248
-0.8247804678653239	-0.02860672921256224	0.01093559898350966	-0.017223245007466186	-0.10967421077248615
-0.8254514205014196	-0.027351557713921143	0.010530233931958803	-0.016618149503309487	-0.10564296702071749
-0.8261447068866737	-0.02602196169500716	0.010106526228421652	-0.016036999580722286	-0.10264933283766275
-0.8267548592157361	-0.024865754387565858	0.009729132760202347	-0.015469859041038139	-0.09894475260426147
-0.8273616251781839	-0.023719899004785754	0.009350283651214271	-0.014905950607198752	-0.09612215837334509
-0.8279619994102391	-0.022518829201555523	0.008969931050476844	-0.014403549679248128	-0.09311001499804727
-0.8285113053654202	-0.021461328402385058	0.008617366113375276	-0.013857040287356036	-0.08957463788747302
-0.829034610939222	-0.0204351456033373	0.008277948275109987	-0.013354580739561823	-0.0870051920656068
-0.8295133852436043	-0.019492781357700866	0.007963800007040757	-0.012880624408167032	-0.08426605993807498
-0.8300069401082678	-0.01850162894416149	0.0076357556186058785	-0.012410814069984857	-0.08179986133005318
-0.8304402283771425	-0.01763655962246054	0.007343790002251991	-0.011964781057029427	-0.07893226065959558
-0.8308865492601759	-0.0167259388236529	0.007039011013784615	-0.0115245443234279	-0.07663979418325872
-0.8312940660920483	-0.015902421016082097	0.006756995069522962	-0.011082621130275161	-0.0739542770550479
-0.8316813736253769	-0.015106904828942823	0.006485678395331446	-0.010669441660663767	-0.07180585661599798
-0.8320349651611941	-0.01437981498682616	0.006234959711216241	-0.010274146214241421	-0.06959847551701384
-0.8323848427679671	-0.013636522492243758	0.0059830645273749716	-0.009913384966885465	-0.06768581688002445
-0.8327166507976607	-0.012935013285094117	0.005740258719456603	-0.009541603225284356	-0.06535824437703436
-0.8330313555056976	-0.012265906013827073	0.0055066848528641495	-0.009176382587268413	-0.06333676443756983
-0.8333297760639243	-0.01162757378204134	0.00528223790153539	-0.00881829824523847	-0.06145496033797265
-0.8336124409530946	-0.011007697046822008	0.005066248831542137	-0.008491500285515726	-0.059711276085043494
-0.8338903842604957	-0.01039367460779258	0.004858363356982816	-0.008167167682407207	-0.05783018111276267
-0.834142878304398	-0.009823147635052874	0.0046504100607371425	-0.0078607632111711	-0.056276338781236904
-0.8343817293376837	-0.009300427215733695	0.004458561409496108	-0.007522869234512211	-0.05416701306485712
-0.8345987935998196	-0.00880386200185971	0.0042817342454161645	-0.007244629935753326	-0.05294865819198129
-0.8348206883411824	-0.008282128605224799	0.004097313510846392	-0.006968895218154922	-0.05147730671816926
-0.8350217485180843	-0.007816078889172115	0.003927060721530885	-0.0066834362320912	-0.049772796265882865
-0.8352113681579838	-0.007364485300483895	0.0037636952559792626	-0.006420628569655204	-0.04851051627807376
-0.8353829270882895	-0.0069460036804713425	0.003612738396486949	-0.00618448645752646	-0.04717893038795293
-0.8355577285029759	-0.006512351638548885	0.0034555186823142423	-0.005937705759323528	-0.045865451373248295
-0.8357093282306073	-0.006133857272452601	0.0033160410981571955	-0.005708487948272618	-0.044493463529779426
-0.8358634891166454	-0.005736346461445765	0.003170900987457897	-0.005480954527402028	-0.043372631829560984
-0.8359968774510474	-0.00539110533233498	0.0030421919104543192	-0.005266168382173261	-0.0420821908709174
-0.8361271316355982	-0.0050411918481337095	0.0029133199967638283	-0.005063111791373901	-0.04106393145505735
-0.836253713670367	-0.004697775924935588	0.002784927342395019	-0.0048508520090735936	-0.03991062448838373
-0.8363670783108119	-0.004381016170428307	0.002666341304614912	-0.004657003595155968	-0.0388607047159045
-0.8364727049744954	-0.0040781297588324905	0.0025524978910319634	-0.004470850128672023	-0.03785796835868273
-0.8365709312806827	-0.0037885749992068573	0.0024432093839081327	-0.004291816521017447	-0.036887599391436855
-0.83666213163012	-0.0035138071909443266	0.0023384071543917245	-0.004115237907279467	-0.03595195423377244
-0.8367465455696194	-0.0032470477793866857	0.0022377629529105954	-0.0039545712198879234	-0.035100968795243256
-0.8368244920952621	-0.0029953514385306053	0.002141156924767515	-0.0037930118309719074	-0.03418271406037702
-0.8368962596522028	-0.002753076707211645	0.002048435002259811	-0.0036416392691163654	-0.03337058762490624
-0.8369595978553593	-0.0025322478298815485	0.001962933183654053	-0.0034984143992104174	-0.03254569684860368
-0.837022327099551	-0.0023002974387357185	0.0018739986829294994	-0.0033568614350522785	-0.031816438878235716
-0.8370771592016546	-0.002092536149730531	0.0017920311227537162	-0.0032151114114479682	-0.030972610278756398
-0.8371268970574955	-0.0018920782000609476	0.0017134838584199523	-0.0030834978730289895	-0.030306279798842727
-0.8371717508080333	-0.0017010094944948143	0.001638178129090151	-0.002956362157238314	-0.029619825679770506
-0.8372119149204744	-0.0015173065904896881	0.0015659271382755633	-0.0028371159847803674	-0.028966813974672795
-0.8372476045045353	-0.0013428465487068679	0.0014966143240868345	-0.0027206671157010954	-0.028305740437789606
-0.8372790530516079	-0.0011771006942469075	0.0014301874489611127	-0.002607225247420029	-0.027687008996631166
-0.8373064453404103	-0.0010181233745847396	0.001366510827505268	-0.0025001386534510553	-0.027108904293350347
-0.8373290771608967	-0.0008723646023653844	0.0013078190613300825	-0.0024014292359107767	-0.02653277476188897
-0.8373497169380388	-0.000719960488760881	0.001246793354954392	-0.002302727764270763	-0.02599636128914954
-0.8373653849234177	-0.0005898668581221821	0.001192798756875776	-0.002206384588437592	-0.02539096764162533
-0.8373784222073982	-0.00045728145862749365	0.0011388660961854239	-0.0021171938584756307	-0.024944683836382008
-0.8373882308112222	-0.00033177193793309287	0.001087126372940327	-0.002029704934163423	-0.02442152786146728
-0.8373952113773355	-0.00020909004939572839	0.0010356394515918744	-0.0019390048148346173	-0.023905345089784733
-0.8373989948651444	-9.606099143869235e-05	0.0009883175575551419	-0.0018570655463183477	-0.023482801913097578
-0.8374000014365113	1.2705118625738147e-05	0.000942953531653378	-0.0017808799583109312	-0.023050616356440186
-0.8373985903115357	0.00010688030995800355	0.0009028830928056635	-0.0017106738775387964	-0.022606993874575633
-0.8373944144394434	0.00021117699445447833	0.0008594055299706966	-0.0016407378086649568	-0.02224141592600419
-0.837387649824536	0.00030685340785457726	0.0008178199842093594	-0.0015663140728164602	-0.021774588089320198
-0.8373788755636925	0.0003915245146438217	0.0007796273076576496	-0.0014683149712003617	-0.021401945381356237
-0.8373676858809068	0.000498798983013802	0.0007425226700061494	-0.0014788776101586098	-0.02144150315867674
-0.8373544178894355	0.0005583506365579438	0.000706894915812762	-0.0013732923539969404	-0.020214015325094727
-0.8373395350867644	0.0006319143272732417	0.0006734829193039424	-0.0013096728699804477	-0.02030676214507331
-0.8373234946777597	0.0007030086956461104	0.0006427259858634434	-0.0012596701973881248	-0.02003612963169601
-0.8373042381561354	0.0007760984264703029	0.0006107202141938171	-0.0012075261905601857	-0.019694092419223264
-0.8372848555496475	0.0008373524108795609	0.0005824318993609283	-0.001155194314976454	-0.01933337961623601
-0.8372622133773393	0.0009027588871267385	0.0005531060969376536	-0.0011061816146516255	-0.01907608012919988
-0.837238901916308	0.0009607691082582177	0.0005261277616813271	-0.0010575233640222538	-0.018751363456173124
-0.8372141724216745	0.0010164218451704527	0.0005003239574060488	-0.0010122952263564341	-0.018486045272527524
-0.8371880866268319	0.0010693104785260896	0.000475619923788963	-0.0009692353504469696	-0.018215573134136166
-0.8371607152048189	0.0011193490987461748	0.00045196949019110205	-0.000927804532374416	-0.01795057343674631
-0.8371332939965023	0.0011646574821081966	0.000430219736927371	-0.000889146798301835	-0.017695501972243653
-0.8371035971010652	0.0012100303862313685	0.00040850962087245294	-0.0008519632158198601	-0.01746350867506409
-0.8370715473726213	0.0012543893312239908	0.000386902686869486	-0.0008144314871787549	-0.01721383041438971
-0.8370396839328959	0.001293913341685703	0.000367047935144192	-0.0007782360235491654	-0.016966853595583607
-0.8370068553453985	0.001331731948048305	0.0003480655554378305	-0.0007446286334297967	-0.01675444249135128
-0.8369731127572954	0.0013672722110966676	0.0003299131453310758	-0.0007120757243140639	-0.016537974800554432
-0.8369399008277533	0.0013997314603014046	0.0003132199546136668	-0.0006826351866574972	-0.016332213986778813
-0.8369044919334813	0.0014321399037648273	0.00029654575145422486	-0.0006543292450298743	-0.0161346498951214
-0.8368668512276798	0.0014629368277535091	0.0002799761040573453	-0.000624149746043583	-0.015922192137368216
-0.8368299238530474	0.0014908696492389652	0.000264760513608324	-0.0005966252343365407	-0.015729086720757922
-0.8367923223322216	0.0015171058942264528	0.00025022257200737997	-0.0005702282188007962	-0.015546730513743688
-0.8367540825261081	0.0015419668033139324	0.00023632253063807137	-0.0005454488729134575	-0.015370637392545163
-0.8367152367381421	0.0015654415144645713	0.00022301802337046402	-0.0005220625918335598	-0.015194419226754933
-0.8366774132839617	0.0015862108854201027	0.0002107900478803169	-0.0004997312033981635	-0.015018959899927818
-0.8366374921652271	0.0016070669830199338	0.00019858938650959431	-0.00047874338608244955	-0.0148634223490978
-0.8365954446428877	0.0016269965513390106	0.00018645353392888193	-0.00045718034596755377	-0.01469152635622632
-0.8365545542884357	0.001644142051097874	0.00017532562798914134	-0.00043581197265432804	-0.014524142649049348
-0.8365132590380944	0.0016600591108241582	0.0001647323703816263	-0.0004157197751682455	-0.014384453640129531
-0.8364732302593801	0.0016753846857804114	0.0001549838866946912	-0.0003988667385977838	-0.014245210975630394
-0.836429468414652	0.0016907383174194497	0.0001448642266131388	-0.00038170616968918614	-0.014099536832370875
-0.8363887535092007	0.0017024232258371543	0.0001359572255821573	-0.000363384780453816	-0.013939830184385344
-0.8363460345977152	0.001715138671205816	0.00012708874597230628	-0.0003483892216397237	-0.013830215279026118
-0.8363012876485985	0.0017269494317192213	0.00011826226126882934	-0.00033269438433092464	-0.0136844320825433
-0.8362579920891736	0.001736813098147243	0.00011016725259765523	-0.0003170861125667079	-0.01354387534908098
-0.8362144637929753	0.0017458705115134076	0.0001024591069546744	-0.00030228457806407485	-0.013424681671444137
-0.8361724640334864	0.0017542358313067125	9.537887289945317e-05	-0.0002896645614549606	-0.013307986893304698
-0.8361285071305206	0.0017623042154187886	8.83098025307242e-05	-0.00027740955420498973	-0.013187811027678537
-0.8360825969802693	0.0017694123481937626	8.129257228088797e-05	-0.0002642388794589436	-0.013061110614012238
-0.8360400692356139	0.0017748703597090484	7.512506295018029e-05	-0.0002517229368807768	-0.012942684241829374
-0.8359956250588554	0.0017807973239382113	6.898276815955148e-05	-0.0002412214856333218	-0.012845840405964126
-0.835951044836869	0.0017856696569288465	6.310396321221021e-05	-0.0002303663801593549	-0.012726084641728214
-0.8359045634664124	0.0017899970085869857	5.727595032448643e-05	-0.00021943910827644313	-0.012616775857887483
-0.8358597774013685	0.0017932097453579677	5.1945862843715014e-05	-0.00020867048325379846	-0.012507119313330964
-0.8358149143604813	0.0017961946707382196	4.687011075894271e-05	-0.00019909774564151874	-0.012412135163421992
-0.8357699856587189	0.0017985512066130058	4.2032172715288076e-05	-0.000189762406941636	-0.012311852790169543
-0.8357250034870319	0.001800484456715917	3.741938572646648e-05	-0.00018103879435549207	-0.012215694242714707
-0.835679979349089	0.0018019151985180814	3.3019412725179e-05	-0.00017268186535776008	-0.012119375019778214
-0.8356349232154197	0.0018029626243834698	2.8818282037478656e-05	-0.00016488596000920207	-0.012025065115706578
-0.8355916516113066	0.0018033488954587807	2.4967663048244026e-05	-0.00015730315775129604	-0.011930262778228378
-0.8355447637252532	0.0018037410435946181	2.0984231881702798e-05	-0.00015035911546754864	-0.011845278536069424
-0.8354996882627668	0.001802894459793841	1.734871318761904e-05	-0.00014224006077439804	-0.011745029481234768
-0.8354546281371891	0.0018023771493274555	1.3888242895064208e-05	-0.00013599921385518772	-0.011669320651911416
-0.8354131922865619	0.0018011612897140177	1.0847943576856743e-05	-0.0001296090870978776	-0.011579009303967493
-0.8353645788416373	0.0018002255277410264	7.435727223955897e-06	-0.00012432229845003469	-0.011506652914923355
-0.8353196088526591	0.0017978881575276499	4.433205944987453e-06	-0.00011724662653208145	-0.011402763805224578
-0.8352747007469832	0.0017911346231684426	1.5903606314478853e-06	-9.041335671559913e-05	-0.011333704019905943
-0.8352314889016013	0.0018055309363284452	-1.3274818642789195e-06	-0.0001329498290846194	-0.011510856760578812
-0.8351865122139602	0.0017908891768246209	-4.306706376408494e-06	-0.00010174496452142783	-0.01088756761423685
-0.8351400475903575	0.0017849101476387205	-6.759452272758367e-06	-9.04931703526083e-05	-0.01106180485710328
-0.8350972386128073	0.0017830969588737804	-8.89713128509816e-06	-8.895033672216193e-05	-0.011051252977358436
-0.8350527058048013	0.0017799384217570193	-1.1063723890487376e-05	-8.526077113079219e-05	-0.010953358902958316
-0.8350064807489582	0.0017762232800517474	-1.3217343367428526e-05	-8.121259538367987e-05	-0.01087379996664199
-0.8349621337360937	0.0017720386597816211	-1.5177894999648697e-05	-7.664753736484858e-05	-0.01079584104548112
-0.8349178924969785	0.0017678559866281462	-1.7029923989782963e-05	-7.270788282218585e-05	-0.010731197460148525
-0.8348737567901278	0.0017635854378391478	-1.878905416974606e-05	-6.916397319079968e-05	-0.010663423810452087
-0.8348314895141687	0.0017592300564789947	-2.0395572603086244e-05	-6.5727588789922e-05	-0.010594242122080634
-0.8347875688295056	0.001754841216407533	-2.1995595753854725e-05	-6.299532241812914e-05	-0.01053056977927101
-0.8347437652439819	0.0017498151076474414	-2.351780158784234e-05	-5.937469925498651e-05	-0.010453098288056599
-0.8347000875019683	0.0017449088346938393	-2.4955393851332394e-05	-5.649893607061521e-05	-0.010395661970386008
-0.8346565312639974	0.0017399444915686165	-2.63296197930023e-05	-5.3954115055303005e-05	-0.010328832647895267
-0.8346131050782827	0.0017345594129758355	-2.7632910491522403e-05	-5.092311427161644e-05	-0.010260223964141144
-0.8345680873018926	0.0017288816791035987	-2.8908032779722067e-05	-4.803855981035725e-05	-0.010198793564069521
-0.8345249441182817	0.0017231751539351966	-3.006003017104338e-05	-4.5118312297992836e-05	-0.010134694444168518
-0.8344819411922766	0.0017176093837330292	-3.1149085166474157e-05	-4.28718999756281e-05	-0.010076990792404043
-0.8344407928888355	0.001711977267064144	-3.213800276054617e-05	-4.04066677124601e-05	-0.0100142152459296
-0.8343903023524907	0.002195671774181621	-4.646323204784213e-05	-0.0011139534267293073	-0.00995892649655868
-0.8343397055170013	0.002026823311675724	-6.880539602776766e-05	-0.0007616522636144108	0.00197619373565836
-0.8342888309373856	0.0020508727144387135	-8.86117888816967e-05	-0.0008398588546038052	-0.0005264889525730468
-0.8342387218424646	0.0019458103058687388	-0.00010746024611151058	-0.0006413325577002592	0.0013534990297127333
-0.8341915576983827	0.0018343454367602079	-0.00012071904506544233	-0.00043400837256248043	0.0003239852873615171
-0.8341450910262523	0.0018953933336110095	-0.00013343003450929272	-0.0006091142224022073	-0.0010577497717473685
-0.8340987130197223	0.0018068668181267407	-0.00014703414159089476	-0.00046061112246725464	0.0015301896970211183
-0.8340529954152982	0.0017155072246947238	-0.00015693215579285657	-0.0003117112096858568	0.0008057746904220099
-0.8340097552262716	0.001748202299548077	-0.0001661743189396631	-0.0004359148688895609	-8.799818287179989e-05
-0.8339669802309122	0.0016720569461047441	-0.000175748266357465	-0.0003251592548840916	0.0018338710761603705
-0.8339260812643162	0.0016037894596744838	-0.00018264015352066767	-0.0002331933766917083	0.0013367553654374809
-0.8338867912186206	0.0015430272541263014	-0.0001874853174558358	-0.00016019049882684	0.000907102211684014
-0.8338504222005386	0.0014908060774075711	-0.00019061123088442785	-0.00010475698917931758	0.0005814490901345868
-0.8338123607695228	0.00143984190909714	-0.00019267555029540067	-5.789382603506262e-05	0.0003497180555042333
-0.8337783460344694	0.0013971305975965368	-0.000193631754611197	-2.4608335125536268e-05	0.00017330686373996998
-0.8337426003002639	0.0013547951276944982	-0.0001938861378361895	2.610061000271108e-06	6.874279991421901e-05
-0.833709223244019	0.0013173573227838653	-0.0001935605254534684	2.1623032844114672e-05	9.442421711766367e-06
-0.8336757651387864	0.0013613236091669812	-0.0001949901889783288	-0.0001379978897911082	-1.3518327252462557e-06
-0.8336437442105306	0.0013093819370943456	-0.00019764032105585867	-8.545566908773861e-05	0.0019361158558203369
-0.8336115731746016	0.0012677782895733122	-0.00019938001196948812	-5.8852544333759014e-05	0.001718229688817293
-0.8335803927425346	0.0012282778408898073	-0.00020056978813401738	-3.7342852191708425e-05	0.00173588108081324
-0.8335490326815086	0.0011856036542026152	-0.0002011973902577548	-1.1791861176773943e-05	0.0017808411310599038
-0.8335199130032247	0.0011456703223502276	-0.00020120271627021926	1.0260492698891053e-05	0.0017652082029811242
-0.83349288250677	0.0011085125026936155	-0.0002007210845478613	2.891995323018991e-05	0.0017470282977205913
-0.8334656613411338	0.0010707673896655256	-0.0001997683614138894	4.64795832943279e-05	0.0017313313762997902
-0.8334393704062593	0.0010340466571857323	-0.00019840142282209758	6.216822743007291e-05	0.0017114040886308487
-0.8334139841117514	0.0009983435901053112	-0.0001966653101230076	7.612840311350285e-05	0.0016891929268444531
-0.8333894778380959	0.0009636156668153112	-0.0001945999239462094	8.856730393719711e-05	0.001665037239393712
-0.8333648979369171	0.00092855279179927	-0.00019214357186425054	9.995540724417145e-05	0.0016383921237478267
-0.8333421074604549	0.0008959715749105572	-0.00018952614458236507	0.00010924601222952695	0.0016090410496208136
-0.8333201210740087	0.0008641983530640827	-0.00018668796337116582	0.00011765173978972773	0.0015827578296373492
-0.8332989155808599	0.0008334334350473883	-0.0001836568253725906	0.00012480090676442385	0.001551873147150848
-0.8332784673125578	0.0008035730424010907	-0.0001804599901433377	0.00013097961267907233	0.0015214206311918279
-0.8332587543937597	0.000774594242819746	-0.0001771194291335024	0.00013628869093479154	0.0014895846486957423
-0.8332397536887958	0.0007465552107316153	-0.00017365871046378406	0.0001406436654230481	0.001456242596282588
-0.8332214415708303	0.0007194317803175756	-0.00017010150255628294	0.00014413288384123012	0.0014233054235638283
-0.8332044907393394	0.0006941581943962484	-0.0001666106598603514	0.0001469065406857071	0.0013909138076578175
-0.833186799298319	0.0006716952805300986	-0.00016276635673201384	0.00011524757111743244	0.0013584972744829062
-0.8331706874675713	0.0006217493552840715	-0.00015845007615025055	0.0001975550118272483	0.0017583543865332149
-0.8331553347420186	0.0006141219581907973	-0.00015375639086703303	0.00016344261828227471	0.0007745029388986453
-0.8331407428313283	0.0006017778962402223	-0.00015010761198783778	0.00014299903263738955	0.0010607591761898419
-0.8331254100198453	0.0005777309988692965	-0.00014638318844934232	0.00014550444445688698	0.0012457826477216747
-0.8331112566469745	0.0005553879499586714	-0.00014272455611528587	0.00014740826183442908	0.0011967558214701747
-0.8330981740899114	0.000535569169679437	-0.00013919894352752552	0.00014678349414735725	0.0011471533082002385
-0.8330850469137147	0.0005153399640767182	-0.00013553898144441179	0.0001463917808452263	0.0011207972500158073
-0.8330719225520145	0.0004950008792181219	-0.00013174497344543555	0.000145713294547607	0.0010874948714157382
-0.8330597875538611	0.00047642887084570456	-0.0001281285733749606	0.0001441079976226422	0.0010522270131011575
-0.8330485700911318	0.00045899967066276683	-0.00012469085325996607	0.00014279253325333928	0.0010259234488994087
-0.8330373236443096	0.00044138320100693077	-0.00012114287122236316	0.00014137808026789062	0.0009964554412052462
-0.8330260853671579	0.00042376750864780326	-0.00011749428601659868	0.00013957909463057744	0.0009641883081824788
-0.8330161075127692	0.0004082943001815869	-0.00011417705969322599	0.00013728058603894154	0.0009321669371044363
-0.8330061055191665	0.0003924636025865602	-0.00011077339464485604	0.00013535105172937916	0.0009082592125335921
-0.8329961138764703	0.00037669270283070816	-0.00010728976874065609	0.00013299132915673927	0.0008775551584317295
-0.8329872469356628	0.00036275574582064464	-0.00010413237645014285	0.00013048987535805778	0.0008483270405812589
-0.8329780131820393	0.0003480392375447872	-0.00010077679714069964	0.00012804598829629108	0.0008242592282181969
-0.8329698218275321	0.00033507416729126936	-9.773931917516397e-05	0.00012543120120076608	0.0007950800106006402
-0.8329612936237719	0.0003214101640120959	-9.45173080953445e-05	0.00012282247960738885	0.0007716386838422626
-0.8329534208568319	0.0003088632306473006	-9.148639785636126e-05	0.00012003528509469759	0.0007438962288633128
-0.8329458555329387	0.0002967647031837606	-8.85260961079626e-05	0.00011724059186372866	0.0007201760680288247
-0.8329388730451424	0.00028552942278659287	-8.574803565896254e-05	0.00011462305952400374	0.0006968926347227457
-0.8329318813868763	0.00027421821769246465	-8.29201530586312e-05	0.00011194964142269818	0.0006741352970952002
-0.8329251671046523	0.00026334963269647	-8.015907540584981e-05	0.00010921599083189158	0.0006502038934781918
-0.8329187187585839	0.0002529235752383002	-7.746741662877093e-05	0.00010640011800357859	0.0006272806537646913
-0.8329122834944058	0.00024247386793650722	-7.474250343175731e-05	0.00010352668508994116	0.0006057959546511163
-0.8329063457223372	0.00023288438397784305	-7.219516867069667e-05	0.00010061739671556031	0.0005836128451389372
-0.8329008673199861	0.00022397503495394773	-6.981643735867006e-05	9.794432280768111e-05	0.0005646514890429949
-0.8328951681265653	0.00021420652461193762	-6.731425729320191e-05	9.544863512573245e-05	0.0005448443771135362
-0.8328899138864979	0.00020609971299199965	-6.497527135136542e-05	9.235751553585567e-05	0.0005249326727484621
-0.8328848683048943	0.0001977951507799995	-6.270389926373009e-05	8.97673020065207e-05	0.0005083104457277664
-0.8328800268862938	0.00018979533742176968	-6.049530511512524e-05	8.723891359264474e-05	0.0004896101662791059
-0.8328753808506019	0.00018215258751048795	-5.835076941494298e-05	8.463666326771214e-05	0.00047102805424561263
-0.8328710960308087	0.00017514055200961261	-5.6354587699830244e-05	8.207319910836463e-05	0.0004541086598975014
-0.8328668104040644	0.00016797360913241394	-5.433490204074408e-05	7.97562402710413e-05	0.0004395649476677092
-0.8328626991153237	0.00016118226258567006	-5.237527303703599e-05	7.726392143477014e-05	0.00042158724055492186
-0.8328586000925152	0.0001543685163505789	-5.040185245106252e-05	7.479178531719319e-05	0.0004063270796942388
-0.8328549687669342	0.00014843094138226865	-4.8640388576005094e-05	7.232167382319575e-05	0.0003902653549592689
-0.8328511950895294	0.00014206498494110875	-4.679214386847555e-05	7.011186114982734e-05	0.00037850249963326376
-0.8328478534544388	0.00013658023909639988	-4.514129565016743e-05	6.776049490354421e-05	0.0003619100556482436
-0.8328443807353946	0.00013072833323168488	-4.341151637364855e-05	6.558900632622052e-05	0.00035081659571339473
-0.8328411812120775	0.00012540425730689781	-4.1802762947283926e-05	6.338091408053974e-05	0.000335947347396912
-0.8328381123006724	0.00012026821710464154	-4.024793423964354e-05	6.127584405350966e-05	0.00032385305196880256
-0.8328351692326533	0.00011533132302579467	-3.874482810242511e-05	5.9232236784444616e-05	0.00031170075028186315
-0.8328324573464884	0.00011080034580815225	-3.7349965418753266e-05	5.726640909781521e-05	0.0002998694724490557
-0.8328297471624735	0.00010618388951765169	-3.5943317282637376e-05	5.5448623827739935e-05	0.00028948036049473264
-0.8328271488056985	0.00010183397928874057	-3.458408219276353e-05	5.349695629445456e-05	0.00027709118067875444
-0.8328245601826004	9.74426509677323e-05	-3.3219755680871484e-05	5.163803438449634e-05	0.0002669971982619179
-0.8328221754415688	9.346149888589087e-05	-3.195516189485666e-05	4.9749710454379335e-05	0.00025567819696194086
-0.8328199785164787	8.974551805607772e-05	-3.07833657454338e-05	4.808558312340542e-05	0.0002468108152080032
-0.8328176975950233	8.584512351479497e-05	-2.9557029280666957e-05	4.641462270429295e-05	0.00023761678914310878
-0.8328156793915877	8.246311040878305e-05	-2.846493080024834e-05	4.475582840449456e-05	0.00022711248493240458
-0.8328135830958253	7.889611003194814e-05	-2.7325038602067947e-05	4.3124758099703024e-05	0.000219440553879101
-0.8328116529981192	7.562169986760635e-05	-2.6268383648173695e-05	4.1573430806968485e-05	0.0002103259226215959
-0.8328098030437346	7.247810525062867e-05	-2.5249855451399237e-05	4.007332101000086e-05	0.00020218665648670878
-0.8328080298668911	6.94676374372363e-05	-2.4268543066978677e-05	3.8607085092299585e-05	0.00019431641642593588
-0.8328063358197085	7.304839302329906e-05	-2.3323055923131015e-05	1.6998103329586453e-05	0.00018689022210576975
-0.8328048427392881	5.25155813443722e-05	-2.2108218935055997e-05	6.060588240242153e-05	0.0004094021587195878
-0.832803396638264	6.343440552967918e-05	-2.0977014450167658e-05	2.965952506201179e-05	-0.00010056846934749879
-0.8328019166882338	5.9794453517467664e-05	-2.0253169679751265e-05	3.119202193378576e-05	0.00018820700957559473
-0.8328003998497004	5.707686392277018e-05	-1.9450707571975477e-05	3.0424071852481663e-05	0.00015710750888433883
-0.8327990016027573	5.486810193483578e-05	-1.8708596792145746e-05	2.9050673466701424e-05	0.00014696353783060021
-0.8327977115737152	5.270157841050988e-05	-1.8024886856375998e-05	2.805620353409879e-05	0.00014447647737658405
-0.83279642251288	5.049938245076232e-05	-1.7336434947028933e-05	2.712416378725999e-05	0.00013942092684742185
-0.8327951872710402	4.840132990362146e-05	-1.6671108173411773e-05	2.6184311520096135e-05	0.00013353060893480886
-0.8327939568957905	4.631674786950417e-05	-1.6004053357109978e-05	2.5219097208069553e-05	0.0001281584341201669
-0.8327928677574301	4.450027016993767e-05	-1.541135758431984e-05	2.4288765453523783e-05	0.00012295118791749618
-0.8327917794888489	4.262708270389641e-05	-1.4815442603684803e-05	2.34717396047772e-05	0.0001190636568710501
-0.8327906961154904	4.077662047329191e-05	-1.4217385934100141e-05	2.261025080537483e-05	0.00011387171356331177
-0.832789698289245	3.910112889865053e-05	-1.3664242247890459e-05	2.174178230941792e-05	0.00010901927884115711
-0.8327887418625922	3.746521769787613e-05	-1.3131564333669044e-05	2.0963409505823673e-05	0.0001052543946421299
-0.8327878252337323	3.590856899253098e-05	-1.2618528116989439e-05	2.0181588793158623e-05	0.00010099660361681946
-0.8327869470108208	3.439833765298748e-05	-1.212400813603547e-05	1.9462130124524716e-05	9.720042797500508e-05
-0.8327861056367392	3.2959441697452045e-05	-1.1647392906701536e-05	1.874446279383808e-05	9.314453579595863e-05
-0.8327853310353135	3.163739775045884e-05	-1.1206482519620557e-05	1.806894155538332e-05	8.944861824955263e-05
-0.8327845270746418	3.0249897650143193e-05	-1.0746448245546924e-05	1.7391799646779307e-05	8.612397800900258e-05
-0.8327838160332289	2.9043619661035794e-05	-1.033774082838448e-05	1.6739205664378672e-05	8.233494231149133e-05
-0.8327830781211276	2.7761214787055333e-05	-9.911402653788664e-06	1.612028414020243e-05	7.947758264456335e-05
-0.8327824256583414	2.6651205444385123e-05	-9.53250521835691e-06	1.551313692446742e-05	7.582397025136979e-05
-0.8327817484955422	2.5477081296446975e-05	-9.137594998745438e-06	1.4924320553711304e-05	7.31457771953918e-05
-0.8327811252420115	2.4415601919658785e-05	-8.772696479768495e-06	1.4333924428730765e-05	6.987598715651181e-05
-0.8327805280985546	2.3386103566771193e-05	-8.421967959192147e-06	1.3789984369979935e-05	6.7321068340501e-05
-0.8327799785571894	2.2439694489796895e-05	-8.097807241423253e-06	1.328143128048112e-05	6.460973049165713e-05
-0.8327794299714804	2.148206603031212e-05	-7.772408989794163e-06	1.2795674301014102e-05	6.214702869092599e-05
-0.8327788840241133	2.0542684634107728e-05	-7.447182962166374e-06	1.2276749780336002e-05	5.939126510137808e-05
-0.8327783819645571	1.9210550087309546e-05	-7.1470500030161095e-06	1.211190120144906e-05	5.6967462416271505e-05
-0.8327779212013644	1.8924050158775832e-05	-6.871197933482228e-06	1.1255941301574123e-05	5.373657294865586e-05
-0.8327774409671294	1.8036680393642457e-05	-6.583756595873432e-06	1.0921512316068826e-05	5.374471385413595e-05
-0.8327769999905126	1.7270255695767327e-05	-6.316482387055858e-06	1.0500372072049151e-05	5.0312141850906945e-05
-0.8327765775743527	1.654452652294627e-05	-6.059932130138334e-06	1.0075333724543931e-05	4.8208321619475054e-05
-0.8327761729635409	1.5843000885582705e-05	-5.813673225651481e-06	9.67913545010966e-06	4.64022728526854e-05
-0.8327757855900947	1.5166800847537825e-05	-5.576945948432292e-06	9.306091665090556e-06	4.454255579603949e-05
-0.8327754292910773	1.4546573910501121e-05	-5.358263198304224e-06	8.955753956307798e-06	4.266107888979321e-05
-0.832775059810235	1.3897035722860709e-05	-5.130470982966704e-06	8.60284786639002e-06	4.096984568264234e-05
-0.8327747332210946	1.3337030679607592e-05	-4.928613564161958e-06	8.257486303520205e-06	3.906869752394305e-05
-0.8327744071865016	1.276445658420461e-05	-4.726590451189308e-06	7.939947073409446e-06	3.771899473275104e-05
-0.8327740951296175	1.2219281020988389e-05	-4.532397081418803e-06	7.626882611605073e-06	3.607041944145242e-05
-0.8327737963809327	1.1698642736229898e-05	-4.34592091426613e-06	7.3220322661007235e-06	3.4555751132849845e-05
-0.8327735104026599	1.1198025049119686e-05	-4.1668230610930815e-06	7.032840876980637e-06	3.313862683653738e-05
-0.8327732366495274	1.0720006938193585e-05	-3.994841215379876e-06	6.751292429770156e-06	3.173260632753259e-05
-0.8327729745804262	1.0262378788120181e-05	-3.8297619204322164e-06	6.479947686306264e-06	3.0415778304088007e-05
-0.8327727138669423	9.806931094828538e-06	-3.6651770586655338e-06	6.208700927521279e-06	2.915823940330669e-05
-0.8327724740790707	9.389507328717142e-06	-3.5134786382333187e-06	5.9544350523609095e-06	2.7908490387068197e-05
-0.8327722535126747	9.004179655948393e-06	-3.373657869801863e-06	5.72215522463324e-06	2.6797944441392057e-05
-0.832772024794222	8.601161073333893e-06	-3.2282891349094324e-06	5.487247103599546e-06	2.5750164055844826e-05
-0.8327718226909235	8.250955853836598e-06	-3.099580618364306e-06	5.265423998424264e-06	2.4587917659777675e-05
-0.8327716131400654	7.878833207602634e-06	-2.9657611725842022e-06	5.053688064425953e-06	2.3700778477043523e-05
-0.8327714280134486	7.557761201535903e-06	-2.847230528040215e-06	4.848513331499659e-06	2.257730334389911e-05
-0.8327712432882662	7.230276352180493e-06	-2.728670466736452e-06	4.658154735653736e-06	2.176231106919044e-05
-0.8327710665675782	6.918332376177585e-06	-2.614773345004885e-06	4.47159274045471e-06	2.0789097589717293e-05
-0.8327708908624645	6.608159428953323e-06	-2.5011624966560293e-06	4.284883814775615e-06	1.98856818248136e-05
-0.8327707292883038	6.326864895647132e-06	-2.3965361858956595e-06	4.103737659448691e-06	1.8985958451685953e-05
-0.832770574756508	6.048647557147134e-06	-2.295978480857735e-06	3.949271406241569e-06	1.8252162604581622e-05
-0.8327704387708863	2.0091158453328964e-06	-2.1999764616328308e-06	3.710493999528801e-05	1.7334641539464924e-05
-0.8327700424851177	2.619449612118134e-05	-2.6618739293699294e-06	-4.1737124077864686e-05	-0.0004111429167806153
-0.8327696346486239	2.629666848064668e-06	-3.1606179591603475e-06	8.963321606440584e-06	0.0005162527149834391
-0.8327696857443805	-2.809338144687634e-06	-2.706837076878942e-06	1.9971779961838976e-05	1.60363825786281e-05
-0.8327696731568224	3.8241917379629195e-06	-2.4002088991905956e-06	4.5955708192213126e-06	-0.00011819673152766699
-0.8327695852705534	3.0505225684990557e-06	-2.278453445202097e-06	5.528906625362102e-06	2.9421971438604066e-05
-0.8327695102053836	2.7955750738818003e-06	-2.1356396688540636e-06	5.339842035402449e-06	1.6116845210100998e-05
-0.8327694412866332	2.719670964352226e-06	-2.0089268066009648e-06	4.830851130589515e-06	1.3409060907751316e-05
-0.8327693753817305	2.5520674211178943e-06	-1.8919654916071118e-06	4.562618795031916e-06	1.459863686183101e-05
-0.8327693135373042	2.397384359107317e-06	-1.7815049808704296e-06	4.303122625651915e-06	1.3636530475728804e-05
-0.8327692576617693	2.2608777476243248e-06	-1.6814564119637228e-06	4.06064018447276e-06	1.2786605554201051e-05
-0.8327692007728709	2.1175908232887655e-06	-1.579297923670469e-06	3.8221742975327285e-06	1.2092939435914292e-05
-0.8327691513951351	1.998922505889334e-06	-1.4904878670123018e-06	3.602092819537034e-06	1.12876870509746e-05
-0.8327691010977722	1.8720723078352883e-06	-1.3998718359139813e-06	3.390362890559436e-06	1.0720216331556651e-05
-0.8327690574489253	1.7668385973160188e-06	-1.3210913904476373e-06	3.1953989520740798e-06	1.000702480635913e-05
-0.8327690129937289	1.6545396331618863e-06	-1.2407070923875995e-06	3.007449374236865e-06	9.499819249740033e-06
-0.8327689744183435	1.561403366642054e-06	-1.1708253959048603e-06	2.834371921984702e-06	8.867271425815622e-06
-0.8327689365961646	1.4661697451899947e-06	-1.1021908640313713e-06	2.6727563176876615e-06	8.417722662204631e-06
-0.8327689010681624	1.378030716715074e-06	-1.0375000736732834e-06	2.5173132782074495e-06	7.888565399571545e-06
-0.832768866403317	1.2908454782911888e-06	-9.741668610162204e-07	2.3675381132656595e-06	7.42081718083087e-06
-0.832768836307458	1.2185788823626994e-06	-9.191608899576883e-07	2.2297769841720262e-06	6.9364021795460234e-06
-0.832768806793247	1.144200703450778e-06	-8.65166350948844e-07	2.102074713420048e-06	6.595994163270096e-06
-0.8327687790654975	1.0755229656207653e-06	-8.1429898653603e-07	1.9789630546983084e-06	6.183514166794815e-06
-0.8327687520039789	1.007606876127223e-06	-7.645318448582118e-07	1.8602964869043463e-06	5.823344724609381e-06
-0.8327687275621574	9.483307180880494e-07	-7.195716240121807e-07	1.748408259260064e-06	5.451771493429948e-06
-0.8327687045934398	8.902767617387551e-07	-6.772402512513843e-07	1.6480663056775116e-06	5.1652666892291776e-06
-0.8327686830244067	8.364211989652518e-07	-6.373540002471981e-07	1.551918074621691e-06	4.843118443951337e-06
-0.8327686627581741	7.859256976455696e-07	-5.99800584270761e-07	1.4610227972426706e-06	4.555457329628634e-06
-0.8327686444550766	7.404364730615071e-07	-5.658205179960667e-07	1.3784022923200345e-06	4.2881881673722615e-06
-0.8327686259942559	2.878084201755556e-07	-5.307085268427073e-07	1.6177749854793016e-06	4.050031525936599e-06
-0.832768610947461	7.223958147703916e-07	-5.014614993575363e-07	1.0640667148358054e-06	2.2422891403100053e-06
-0.8327685943753362	6.01630158092204e-07	-4.737615900029036e-07	1.1695041472488378e-06	5.2705318449618225e-06
-0.8327685799973682	5.583365839874776e-07	-4.4509511637725243e-07	1.1147104245990734e-06	3.3111259437508906e-06
-0.8327685668757758	5.360505572046045e-07	-4.194905785543644e-07	1.0283262604819312e-06	2.941636614168251e-06
-0.8327685538773747	5.035603528074036e-07	-3.9469163942092075e-07	9.668965782944518e-07	3.0065264966021137e-06
-0.8327685412285737	4.699700023581176e-07	-3.703967796169892e-07	9.108959603459936e-07	2.8431588845433306e-06
-0.8327685298432195	4.41353546952711e-07	-3.4840817082073984e-07	8.565152256374018e-07	2.638536255900048e-06
-0.8327685191551817	4.14070676574968e-07	-3.2772444747555025e-07	8.061638415326234e-07	2.491132989959806e-06
-0.832768509133334	3.8820016885320143e-07	-3.0824560795162873e-07	7.592603893181415e-07	2.344112700294809e-06
-0.8327684997284527	3.644067693172388e-07	-2.8992119971638436e-07	7.139625814066561e-07	2.199885182523626e-06
-0.8327684912496184	3.4254920093107684e-07	-2.7334449290502074e-07	6.737766390318657e-07	2.0763760096045154e-06
-0.832768482967058	3.206994207810419e-07	-2.5704913988002286e-07	6.352613136176164e-07	1.956206998904252e-06
-0.8327684749012516	3.001158134136764e-07	-2.411164253869025e-07	5.959767051275827e-07	1.8271610365862584e-06
-0.8327684679122116	2.8251114280419555e-07	-2.2729466060100612e-07	5.613046705870356e-07	1.717657751155048e-06
-0.8327684608150828	2.6369216014871045e-07	-2.1320065649808761e-07	5.279239429898555e-07	1.628961950218278e-06
-0.8327684546753127	2.481629541580085e-07	-2.0095624811313215e-07	4.97188766902333e-07	1.5177234445957257e-06
-0.8327684484414135	2.3160347155732163e-07	-1.8847318581433362e-07	4.6750790972660177e-07	1.4389524232604872e-06
-0.832768442832292	2.1727158456648784e-07	-1.7719107284810205e-07	4.3935190984983087e-07	1.341237364254428e-06
-0.8327684375734923	2.0354603220006333e-07	-1.6658213124967866e-07	4.134336675255903e-07	1.2665878052188966e-06
-0.8327684326476604	1.9064240018276675e-07	-1.5659810648243153e-07	3.8906903005979677e-07	1.1905431879949757e-06
-0.8327684280360601	1.7847334418451868e-07	-1.4719886365489543e-07	3.6625243286962884e-07	1.1185161493504849e-06
-0.8327684237198189	1.6707209167361067e-07	-1.3834932549572948e-07	3.447261625300598e-07	1.0492078372728823e-06
-0.8327684198349953	1.569224789540996e-07	-1.3034597025289126e-07	3.249519258054121e-07	9.841574546567672e-07
-0.832768415896163	1.4633295265223223e-07	-1.2218507669575746e-07	3.0538154517574255e-07	9.283634032850865e-07
-0.8327684123554173	1.3714909298949443e-07	-1.1481196354806266e-07	2.869051808648179e-07	8.650786989025289e-07
-0.8327684090417125	1.2824936101990126e-07	-1.0787490859103146e-07	2.701377830922021e-07	8.16037971755052e-07
-0.8327684059360928	1.202867168565423e-07	-1.0135906426479051e-07	2.535078911099431e-07	7.633229873884612e-07
-0.8327684112259782	-7.654139269297094e-06	-9.491887048385529e-08	2.2340561525031347e-05	7.230158140640133e-07
-0.8327682400651969	1.2742105364735311e-05	-4.471624616080435e-07	-2.7564400604901305e-05	-0.00024591213003442
-0.8327681274475124	-2.6605527925407444e-06	-6.867439454036493e-07	6.0583321609598915e-06	0.0003081030303933221
-0.8327681729410296	-6.469396556914355e-07	-5.841686947342224e-07	1.4294962041921547e-06	-2.973726668233846e-05
-0.8327681968800456	-1.2293081693506284e-06	-5.338662145794817e-07	2.5239851613982242e-06	1.4074131537037363e-05
-0.8327682267940475	-1.1942026081110099e-06	-4.744501610408744e-07	2.2891615883600687e-06	7.650874473052262e-07
-0.8327682551957362	-1.085520308774817e-06	-4.223939445192669e-07	1.9045889385098728e-06	8.534642530866237e-07
-0.8327682821885098	-1.081555568797504e-06	-3.768693367796148e-07	1.7655186037070952e-06	2.663816090573894e-06
-0.8327683102434841	-1.077826112213878e-06	-3.328112885069983e-07	1.6369513491015133e-06	2.2729037477265044e-06
-0.8327683369780602	-1.0629772438541126e-06	-2.937452240113582e-07	1.502179049543487e-06	1.8131857963924596e-06
-0.8327683633506895	-1.0490297966206131e-06	-2.5786441946609586e-07	1.38160145480134e-06	1.6072966170334592e-06
-0.8327683893619666	-1.0339284379458763e-06	-2.2487536653909273e-07	1.2697220652509746e-06	1.3722744954427703e-06
-0.832768414981423	-1.0176152555507147e-06	-1.9457630270642753e-07	1.1655040150648731e-06	1.1539933080567522e-06
-0.832768440191774	-1.0007470080987768e-06	-1.6675841794579209e-07	1.0695446688252137e-06	9.561715195987515e-07
-0.8327684649591375	-9.823204038116832e-07	-1.4126957082386815e-07	9.788597490792167e-07	7.649387342958968e-07
-0.8327684883012048	-9.642610052993312e-07	-1.1883775465578296e-07	8.98487928914585e-07	6.063564564855602e-07
-0.8327685121481854	-9.449640274626798e-07	-9.744251629192339e-08	8.208541406184112e-07	4.614470984160794e-07
-0.8327685355125469	-9.25345256011388e-07	-7.78988516269603e-08	7.491902703018953e-07	3.218950988947972e-07
-0.8327685592779995	-9.040979642072988e-07	-5.9413926132552604e-08	6.792626360413656e-07	1.9054798578354192e-07
-0.8327685816000961	-8.831322379735773e-07	-4.329593049984603e-08	6.164887484162514e-07	7.655946622351205e-08
-0.8327686029134801	-8.164660592599539e-07	-2.9743399340094672e-08	4.583738837120428e-07	-1.552304236281602e-08
-0.8327686236982564	-8.490402910162431e-07	-1.7592281513041143e-08	5.220137518077955e-07	9.97142057517387e-07
-0.8327686441971902	-7.873609568941319e-07	-6.210409379592791e-09	3.828612674677057e-07	-2.4383887150674273e-07
-0.8327686641030797	-8.088141381780563e-07	3.82019511401545e-09	4.294472938442906e-07	6.531790393900526e-07
-0.8327686837317105	-7.572423116106164e-07	1.3274751541973176e-08	3.191235975359746e-07	-3.285420624913907e-07
-0.8327687028487655	-7.724519287184823e-07	2.1715650957034997e-08	3.581208032221537e-07	3.4236975161527156e-07
-0.8327687215511267	-7.239162759254071e-07	2.9424332594435248e-08	2.6000054440523106e-07	-5.010649771530331e-07
-0.832768739694958	-7.302115277767431e-07	3.614767801611304e-08	2.8443930902621933e-07	1.1151775331825064e-07
-0.8327687574947784	-6.916983878682605e-07	4.241153252989499e-08	2.1276624611144643e-07	-5.110969291511969e-07
-0.8327687740367259	-8.39496627400176e-07	4.726208688107456e-08	4.585806305263902e-07	-1.1668575616491443e-07
-0.8327687917434163	-5.27469569944626e-07	4.7174263964824774e-08	-1.1715718363458424e-07	-2.6655333166851085e-06
-0.832768806759939	-6.797667251200385e-07	4.837577663662753e-08	2.3179526929092928e-07	2.9860867403289777e-06
-0.8327688231168836	-6.300792086904504e-07	5.292590053543135e-08	1.3935395477280045e-07	-7.567067401494071e-07
-0.832768838424587	-5.979512935732152e-07	5.5608617001487634e-08	8.658867922255061e-08	-7.293814677138154e-08
-0.8327688536709711	-6.227524909765344e-07	5.861427664358704e-08	1.595566726557863e-07	2.864775707396953e-07
-0.8327688682627425	-5.91413251699426e-07	6.18544290833967e-08	1.0967614167817712e-07	-6.827129542319121e-07
-0.8327688826789889	-5.645331845115725e-07	6.40075312644418e-08	7.123721815922269e-08	-3.84743416543006e-07
-0.8327688970442672	-5.420149055656075e-07	6.542622814240634e-08	4.379239295317341e-08	-1.573541040680351e-07
-0.8327689103423135	-5.229197480785885e-07	6.620750288060326e-08	2.336899914978971e-08	-1.263516239330552e-08
-0.8327689236467417	-5.420383960611469e-07	6.754547494395801e-08	8.706452143150787e-08	9.21526424044561e-08
-0.8327689363709001	-5.173261150032382e-07	6.924485142177217e-08	5.4268821343153575e-08	-7.079466963121797e-07
-0.8327689495117518	-4.952052941434792e-07	7.026281528901989e-08	2.9399426049280695e-08	-5.196840394955124e-07
-0.8327689616774053	-4.792485688560498e-07	7.079687146566513e-08	1.7389368192323164e-08	-3.873928329095929e-07
-0.832768973477605	-4.655805964804045e-07	7.110799416711559e-08	1.0535972944898845e-08	-3.6290663995627065e-07
-0.8327689844944833	-4.531696365563135e-07	7.127052478997074e-08	5.588180053570014e-09	-3.8151156090720117e-07
-0.8327689960990697	-4.401048295592666e-07	7.132761525751433e-08	1.1000848960161227e-09	-4.0984592767993937e-07
-0.8327690069379037	-4.275985944428195e-07	7.127620239394282e-08	-3.091584785560061e-09	-4.43840156986119e-07
-0.8327690170501912	-4.1566600999074844e-07	7.113187091028304e-08	-6.9852731004867515e-09	-4.725418973318619e-07
-0.8327690276840682	-4.028850338793984e-07	7.087523745096338e-08	-1.0950576571430228e-08	-4.966394056047979e-07
-0.8327690375962463	-3.9064675290633986e-07	7.053283986987652e-08	-1.474880660775441e-08	-5.201841543567669e-07
-0.8327690472045661	-3.785522966032362e-07	7.009971973716519e-08	-1.835771647141554e-08	-5.379130114588869e-07
-0.8327690561450158	-3.670312331822266e-07	6.96003383615705e-08	-2.177150653790199e-08	-5.52703737883701e-07
-0.8327690655216473	-3.5477175397891524e-07	6.897248887666106e-08	-2.5173964264371615e-08	-5.628122483356761e-07
-0.8327690742390705	-3.4311367750182097e-07	6.828804281066542e-08	-2.837438744218019e-08	-5.719193179564898e-07
-0.8327690826621764	-3.3118611026264513e-07	6.751519422477784e-08	-3.240253008566218e-08	-5.767202091251045e-07
-0.8327690904710775	-3.2002122134180904e-07	6.668333641876722e-08	-3.5894077019530044e-08	-5.677473103046097e-07
-0.8327690986327994	-3.0826652567615796e-07	6.569420739984232e-08	-3.923743189499188e-08	-5.577718144332082e-07
-0.832769107309304	4.110289178868048e-06	6.533473373208493e-08	-3.031033279399737e-05	-5.461811095911529e-07
-0.8327693296442557	-1.8379137855820158e-05	5.335881127515874e-07	3.962707496899843e-05	0.0003811549964221445
-0.832769572216161	1.1685503669195399e-06	1.0529940580085872e-06	-2.905108364747265e-06	-0.00043708016627155963
-0.8327694273084184	6.751300406570665e-06	7.305749177602914e-07	-1.4855513233688895e-05	-2.0907114100978186e-05
-0.8327693300850685	5.534816602615595e-07	5.189664941713712e-07	-1.0558788912508796e-06	0.00011863757863226517
-0.8327693097534828	1.189599395065563e-06	4.80431804660126e-07	-2.287049517564372e-06	-1.527302072394351e-05
-0.832769278769613	1.2018658001155276e-06	4.2243091978148557e-07	-2.1666812642405774e-06	-1.0637464484611607e-06
-0.832769251282572	9.93428471437855e-07	3.771348341319595e-07	-1.6033435494045485e-06	8.685625362457879e-08
-0.832769226711472	1.0612646368695267e-06	3.374262261214782e-07	-1.6165351390875222e-06	-3.875156662441252e-06
-0.8327691988162932	1.076329178083641e-06	2.9617339356912055e-07	-1.542033932799589e-06	-2.2036701846992223e-06
-0.8327691732972372	1.0495344952029831e-06	2.609277449627486e-07	-1.3959845978540828e-06	-1.2785887813501793e-06
-0.8327691473260089	1.0309414825049734e-06	2.276383062411179e-07	-1.2754603775388121e-06	-1.3317127506458992e-06
-0.8327691207415694	1.0157855995162238e-06	1.9591911508250576e-07	-1.1703127766995234e-06	-1.1917540071045788e-06
-0.8327690965888378	9.984931089396169e-07	1.6903038379913293e-07	-1.0751769536776645e-06	-9.442975863274434e-07
-0.8327690708817771	9.803736078630932e-07	1.4233644923580555e-07	-9.825572599496957e-07	-7.849563209018725e-07
-0.8327690466421681	9.60602755792103e-07	1.1890854119699031e-07	-8.965193966332827e-07	-5.95114850176248e-07
-0.8327690228837844	9.41572473733297e-07	9.750836333740743e-08	-8.194158105482741e-07	-4.659460517324636e-07
-0.8327690005318482	9.224047847781461e-07	7.871713079859935e-08	-7.49714755946105e-07	-3.208021948903033e-07
-0.8327689768344245	9.01738744782858e-07	6.016031904211417e-08	-6.807647180296937e-07	-2.0322222841555666e-07
-0.8327689545693855	8.807847312365924e-07	4.396478126593881e-08	-6.177565646328831e-07	-7.643983565861089e-08
-0.8327689341313779	8.170551896557369e-07	3.0812915239022774e-08	-4.662496213702818e-07	1.621358489623549e-08
-0.8327689126670202	8.423623838181856e-07	1.8311348036452952e-08	-5.133050957799551e-07	-9.469680034502891e-07
-0.8327688930418258	7.869378027486221e-07	7.331379233352404e-09	-3.877037724510108e-07	1.3656835568126286e-07
-0.8327688731905164	8.061091582226845e-07	-2.748297247366565e-09	-4.2890208481073645e-07	-6.397775791188136e-07
-0.8327688527844123	7.56196736757674e-07	-1.2729696906088962e-08	-3.220341122117954e-07	2.870208296169661e-07
-0.8327688337527996	7.684816052110474e-07	-2.1136181918459487e-08	-3.5440856342967645e-07	-3.2233176324172837e-07
-0.8327688158277274	7.23820944898635e-07	-2.8608545359704335e-08	-2.642067497861353e-07	4.4973483729389096e-07
-0.8327687977518407	7.268705672083188e-07	-3.5311675919785055e-08	-2.8123460761583765e-07	-9.396422556802368e-08
-0.8327687792975923	6.891035687356114e-07	-4.183130242973784e-08	-2.11448638983715e-07	4.4950502697912934e-07
-0.8327687621706396	8.885192918021739e-07	-4.564732852413251e-08	3.1824952952113185e-07	8.825667406999989e-08
-0.8327687439866747	1.0655652863074008e-06	-6.091164919129749e-08	-1.0679991337885872e-06	-8.357989486414047e-06
-0.8327687241168534	5.486972593206761e-07	-7.313000827515336e-08	4.2921262271406206e-08	1.0057640239995968e-05
-0.8327687101009199	6.172998555909306e-07	-7.430094750892801e-08	-1.304784261615086e-07	-8.350439686802563e-07
-0.8327686945185279	5.789075308903592e-07	-7.706962546708233e-08	-7.18994660472719e-08	1.1033309051363624e-06
-0.8327686809369902	5.565381616110252e-07	-7.846244084466455e-08	-4.712365665397917e-08	7.131742296132777e-07
-0.8327686672480328	5.398480847540504e-07	-7.952948631724224e-08	-3.621765730983228e-08	6.02525504921249e-07
-0.8327686539451068	5.251775185789081e-07	-8.039330004343592e-08	-3.005613392733642e-08	6.247439758777804e-07
-0.8327686410131219	5.099348919801523e-07	-8.109430503529867e-08	-2.289734501252617e-08	6.873127963521084e-07
-0.8327686279933522	4.9212283112073e-07	-8.157798055132104e-08	-1.1359501806512675e-08	7.322408710401984e-07
-0.8327686159080065	4.754266331681906e-07	-8.176583725606444e-08	-1.3208650386825664e-09	7.248143533036936e-07
-0.8327686046903721	4.6005146719786644e-07	-8.172661357999068e-08	6.859229302417225e-09	7.152630945189793e-07
-0.8327685933932539	4.443814815407621e-07	-8.148410560820941e-08	1.466539827468737e-08	7.104503360199229e-07
-0.8327685824821356	4.291509712708149e-07	-8.105562906946956e-08	2.1615404820780698e-08	7.027315362256235e-07
-0.8327685719464498	4.1433096011238176e-07	-8.046105615627637e-08	2.783026489055802e-08	6.943522155667948e-07
-0.8327685613759266	3.9937513098352366e-07	-7.968706453714242e-08	3.3521539849897576e-08	6.848529870221907e-07
-0.8327685519586534	3.8596785004187995e-07	-7.884743240480289e-08	3.815358490251394e-08	6.745496454357559e-07
-0.8327685421146587	3.7181577430357986e-07	-7.781773993222392e-08	4.2669632086425425e-08	6.644868168047883e-07
-0.8327685333483408	3.5921919660528604e-07	-7.677096563860675e-08	4.6138488933725356e-08	6.51837832458098e-07
-0.8327685241892316	3.458482793315823e-07	-7.554407119188398e-08	4.9676157126144165e-08	6.41626537004247e-07
-0.8327685157036975	3.3348964657242803e-07	-7.428537771265503e-08	5.2389741751777496e-08	6.270104719040234e-07
-0.8327685078439012	3.219663300509905e-07	-7.301666651260366e-08	5.464151477901077e-08	6.148992098984463e-07
-0.8327684999468633	3.102714533301952e-07	-7.163944238870821e-08	5.674046198817157e-08	6.02683630730584e-07
-0.8327684920381572	2.9853909691691483e-07	-7.015694981286398e-08	5.8463259807987003e-08	5.883790605791156e-07
-0.832768484716036	2.876522412855329e-07	-6.869349496043278e-08	5.97344568092022e-08	5.742448202791143e-07
-0.8327684776618629	2.77084843448884e-07	-6.720037679961721e-08	6.078602249777467e-08	5.612373324047268e-07
-0.8327684708667739	2.66885471340823e-07	-6.568495807750725e-08	6.151998317107931e-08	5.474943761678962e-07
-0.832768464323055	2.5697389460925724e-07	-6.415188809073083e-08	6.211883637526551e-08	5.343744826368833e-07
-0.8327684594347206	4.653790208148356e-06	-6.197704574395721e-08	-3.019851742836653e-05	5.201863220542657e-07
-0.8327686776120234	-1.826287552547179e-05	4.288187860805958e-07	4.06043264037029e-05	0.00038210660378210234
-0.8327689088133683	2.6648349077998316e-06	9.552073332706181e-07	-4.943782774790153e-06	-0.0004460319687370626
-0.832768880507969	4.480352184454077e-07	9.183477747973653e-07	2.0912314576604078e-07	1.1763900264258326e-06
-0.8327688442043738	2.5918901643447725e-06	8.723136443916361e-07	-4.198983279158725e-06	-5.160934528006873e-05
-0.8327687684239213	3.0604706513225617e-06	7.467157455577938e-07	-4.9623157378634405e-06	-4.352595690713975e-06
-0.8327687004613286	2.3768366678909562e-06	6.443718285225953e-07	-3.2364498781785778e-06	8.98156859749879e-06
-0.832768642091961	2.3507415053641025e-06	5.683457184833085e-07	-2.9812408553588294e-06	-4.646345232995074e-06
-0.8327685806292947	2.3786143823761723e-06	4.925221556508319e-07	-2.862257530476181e-06	-4.1690366695276915e-06
-0.8327685241120233	2.332166417160953e-06	4.268800493258432e-07	-2.616304111485859e-06	-2.2251433502846793e-06
-0.8327684663973995	2.2889420915954452e-06	3.6444948970680125e-07	-2.3923079549286854e-06	-1.993145929212466e-06
-0.8327684074923379	2.245772272750873e-06	3.0512367009534615e-07	-2.183922442382123e-06	-1.64385220709478e-06
-0.8327683519695855	2.2001525883041366e-06	2.530767374376274e-07	-1.9926895591616113e-06	-1.2361249926366663e-06
-0.8327682975639641	2.155696216574798e-06	2.0554748363707686e-07	-1.8202458180827824e-06	-9.384344930118685e-07
-0.8327682464147373	2.110383419397301e-06	1.638736653487281e-07	-1.6628796056360582e-06	-6.169342328697305e-07
-0.8327681921973413	2.0631358943502246e-06	1.2273090041324201e-07	-1.5105009653043446e-06	-3.7438143919951805e-07
