0.0	0.5	5.50.4	0.01
0.0	0.0	0.0	0.0	0.0
0.0003928571963798394	0.030197510473672164	-0.10128473753856143	-0.09883841230392225	-0.0
0.0003928571963798394	0.030197510473672164	-0.10128473753856143	-0.09883841230392225	5.2
-0.0009750580695433442	-0.16445471010713322	-0.09953678963505612	0.2944310378952111	5.2
-0.00620832351475039	-0.25379130508469033	-0.09003200363868938	0.46024023230858935	2.0877488061706586
-0.01259774091737284	-0.2220060268056424	-0.07891972411834697	0.3618913600360776	-0.014181589273468909
-0.018215436261329317	-0.22707520499918654	-0.0700471817041669	0.3486297951539654	0.5510013012057193
-0.023838366384230498	-0.22249117313965816	-0.061735332632538546	0.31703906090842515	0.32729577832488577
-0.029128857047276652	-0.21885804255846136	-0.05446689479285501	0.29084032416379096	0.31319341956059876
-0.03455931846408273	-0.21592175405414837	-0.04750708865792376	0.2677375479798751	0.28405986158149776
-0.040122694688298016	-0.21237181576631725	-0.04086441054290907	0.24493704459971746	0.23294289527390255
-0.045381626771990285	-0.20866472279161635	-0.03501654894346987	0.22440943985789205	0.18910634126939208
-0.05054639064816255	-0.2048410381927901	-0.029661026142184434	0.20545615717247254	0.15261025986831678
-0.055614035902303446	-0.2008840102672353	-0.024760604548162257	0.18788520621601779	0.11825514365331902
-0.06038448001118596	-0.19694123385051193	-0.020454070659641655	0.17214337461565102	0.08669292710871002
-0.06544493309274003	-0.1926444406696569	-0.016197194383754297	0.1564892617468218	0.05976228316153431
-0.07001563321353642	-0.18850851330610968	-0.012615980760519566	0.14284897106858852	0.031596896578855116
-0.07467201147094348	-0.18426802291101735	-0.009215937995394516	0.13002007749301203	0.010639747061914173
-0.07913284105572484	-0.1710246034078427	-0.006320273482006729	0.09843877660936844	-0.013131339337353776
-0.08364214356886873	-0.17676212383481665	-0.003648496663019134	0.10931013475929995	0.180276703665315
-0.08774448458327082	-0.164411283743647	-0.001343232177777641	0.0814371055402793	-0.06008114728386804
-0.09187782429847723	-0.1676926362246001	0.0007403433453813967	0.08851734470221478	0.11836258052375648
-0.09612636798547769	-0.15751459018654038	0.0028039159755974255	0.0667934241882902	-0.058448958161309905
-0.09992231099371662	-0.15972708789738033	0.0044541411764255495	0.07276668085490401	0.06347697429042698
-0.10381829689672697	-0.1509591806445641	0.0060813323105732685	0.05525015849846175	-0.08427981504389992
-0.10774098088879126	-0.1517563894668552	0.007542803000393491	0.05929326600934344	0.011887140896347792
-0.11143680652972252	-0.14363696095131498	0.008843810009717758	0.044152298353158065	-0.11017798652072708
-0.1149224885063547	-0.13571426782307996	0.009755549814613768	0.029804315750887215	-0.025638044274271188
-0.1183758540889668	-0.14097993851080112	0.010675838682613932	0.044667475935966164	0.06879993842340171
-0.12168214463389103	-0.1343397325121575	0.01162145556574032	0.033588494911626715	-0.14239911007358885
-0.12495645026881431	-0.1280019679741611	0.012326737730231239	0.02358735615436269	-0.08516666674184425
-0.12808264399891303	-0.12243031699110564	0.012807322993943458	0.0154603005484801	-0.02856776363228708
-0.1313054505694298	-0.12612084679885788	0.01335545961410737	0.027974712825716157	0.019038462032962916
-0.13427144923677714	-0.12105090321271314	0.013946261842814101	0.021122508304900516	-0.15278492463921156
-0.13735324130128904	-0.11629832977462023	0.014416217061178968	0.015501742396299045	-0.12449269294857501
-0.14020719364633263	-0.11225683057034057	0.01474791811045901	0.011386307891103401	-0.10475525159672355
-0.14296580247786356	-0.10864132617895686	0.014990498989002666	0.00829885018322755	-0.09366073080937512
-0.14563881174363458	-0.10538453276841006	0.015167327622512187	0.0060664983784977184	-0.08915247413248586
-0.1482344651095357	-0.10243269651733813	0.015297942478964204	0.004553053258453326	-0.09050815306652558
-0.15075981038040748	-0.09974309296802789	0.015398880105265137	0.0036523875343859773	-0.09721990296570665
-0.15312366645177003	-0.09737644507903458	0.015481073248896322	0.003288602420480893	-0.10896305888591684
-0.15562323818996	-0.0950233119129077	0.015566832382023542	0.0033849653203188402	-0.12481563464915586
-0.15795853952025454	-0.09188581329821655	0.015629111337323344	0.0015839331700971604	-0.14702653703453059
-0.16021433471062238	-0.08870830213998993	0.015644218702317046	-0.0002919974093122217	-0.1477358203866168
-0.16239245701501853	-0.08566605366103412	0.015616303912314264	-0.0018716053944282465	-0.14536465580087765
-0.16441379051365684	-0.08284097162359993	0.015556075829059338	-0.0031956344081645427	-0.14394346304298278
-0.16644712906333928	-0.079946529964175	0.015459267530155496	-0.004492146199361286	-0.14286892158162223
-0.1684862722729096	-0.07702999063914481	0.015326408057309983	-0.0056739019087918285	-0.14084427360975874
-0.17030240573129798	-0.0744258102528065	0.015178477685900233	-0.006615625570328956	-0.13875161236699862
-0.17220030428457397	-0.07167207907840115	0.014994077374551055	-0.0075439183588645355	-0.13697636147844677
-0.1738897510321992	-0.06921443430783168	0.014804087798895896	-0.008274534395855435	-0.13463136402401876
-0.17558761095899858	-0.06671312866786838	0.014588325551587582	-0.008972708045384354	-0.13261176083161064
-0.17715969016129443	-0.06439032828020301	0.014366030336899534	-0.009539346243551291	-0.1300640255854852
-0.17886258633896107	-0.061844852959041435	0.01410061452242625	-0.010113993528500207	-0.1277240298069425
-0.18031988571066893	-0.059681296069273464	0.013853505557691386	-0.010487641435665813	-0.12470873929551049
-0.1817832180098447	-0.05746946112601804	0.01358665517900626	-0.010868646283381864	-0.12264349355935811
-0.18324746539786835	-0.05524697564569664	0.013300063769004089	-0.01118789467658415	-0.11983926622962784
-0.1846020310924048	-0.05319224130692221	0.01301792895948678	-0.011407039496682064	-0.1169727836396402
-0.18585476908595777	-0.05127437340598124	0.012742320318819179	-0.01158468076522913	-0.11450686617194522
-0.1871606592226702	-0.04925101647472674	0.012439180330526444	-0.011755940090089024	-0.1119632777613919
-0.1883678673653915	-0.04739111272692005	0.012144755689291992	-0.01183013011136064	-0.1088859543856178
-0.18948367301335514	-0.04565615205656675	0.01186060174367342	-0.011880938535830665	-0.10640960956245138
-0.19060228119994946	-0.04389768706428297	0.01156338735014239	-0.011921536276453005	-0.10387858933762573
-0.1917199403647716	-0.04213849232426515	0.011253901860162568	-0.011913855475520294	-0.1010047067730456
-0.19271192680615598	-0.040583151357359404	0.010969176462766862	-0.011849368495838931	-0.09818538896630094
-0.1937059695926416	-0.038997505200361354	0.010673935172912364	-0.01180097713813771	-0.09592863929919682
-0.1946985713288251	-0.0374118578838252	0.010368670990393616	-0.011713275490025715	-0.09314458985119997
-0.19561502656360913	-0.035953127944121754	0.010078012531710739	-0.0115814085796401	-0.09039922289735225
-0.196495550293782	-0.03453526474936028	0.009790601807621998	-0.011454061084969182	-0.0880839290307392
-0.1973412796417615	-0.03316789899039197	0.009506592889277042	-0.011309038497064921	-0.08557923842490897
-0.19815339612824664	-0.03184674865210693	0.009226264969169902	-0.011154580130238009	-0.08312745494113938
-0.19893319646766874	-0.03057834772989903	0.008950180309790626	-0.010975068126743016	-0.08066032439433865
-0.1996817200986319	-0.029347361620823846	0.008678370698177553	-0.010802744128012283	-0.07837259908999802
-0.20040056032585038	-0.02821111023693655	0.008412002743597595	-0.010467475227854225	-0.07593448160912869
-0.20106223251769273	-0.027005847490290717	0.008158539012202105	-0.010561941864333397	-0.07531935040933255
-0.20172381561056313	-0.025972265110422336	0.007898923335470834	-0.010212675549272491	-0.06997078310843671
-0.20238455576269024	-0.024886101743630346	0.007637231940219942	-0.009962357871326816	-0.06915580733248008
-0.20296963832287	-0.023906841318037973	0.007400957613619972	-0.009757925553227053	-0.06725983664066384
-0.20355458462040865	-0.022923172712593556	0.007160100631196547	-0.009542893439088061	-0.0652437809389646
-0.20413738088166453	-0.02193960173207832	0.006915393128220811	-0.009315029757130227	-0.06317599515215175
-0.20467425325361668	-0.02103798173383507	0.006685996590721098	-0.009076389116255598	-0.06109140662543383
-0.2051889311134925	-0.02016282973793071	0.006462361712106377	-0.00885349674944321	-0.05933441221785203
-0.20568215974721216	-0.019321096978267484	0.006244302152684303	-0.00862926703023278	-0.05746145919974943
-0.20615475983903156	-0.01851143388356404	0.00603184254555899	-0.00840483948060828	-0.055647209245666615
-0.20658978338319525	-0.017764728022564902	0.005833155240967824	-0.008186633706242962	-0.0538868839117362
-0.20702413806448342	-0.017009248836609647	0.005631491542486986	-0.007975574322987136	-0.05228019718590686
-0.20745630227070982	-0.01625846585347373	0.005427470183305007	-0.007748249094288448	-0.050490309370507205
-0.2078539254220657	-0.015571836270175565	0.005237092861010794	-0.007516541959834991	-0.048772057391755996
-0.208234645260647	-0.014905300883005262	0.005052285538855716	-0.007301884360012387	-0.04733726302905414
-0.20859903773085345	-0.014264964777415567	0.004872806544490375	-0.007089116687640422	-0.04580431488731264
-0.20893409585733133	-0.013675202333776358	0.004705483402861556	-0.0068843488864451996	-0.04432483821086641
-0.20928132498515079	-0.013053977067901859	0.004529480149737731	-0.0066819252621264005	-0.04298206646656569
-0.20960043204792372	-0.012491116271758607	0.004365496234511004	-0.006467071770857259	-0.04139889557547123
-0.20989374269907057	-0.01196766270258614	0.004212947597936853	-0.006273258050178125	-0.0401692449541973
-0.2101860999199034	-0.011438423763705408	0.004058748707056817	-0.006086208357024589	-0.038941610214730235
-0.21047646106659423	-0.010913620617935287	0.0039033962179016103	-0.005887984227034208	-0.03758069437615949
-0.21073270825074067	-0.010454544527801861	0.0037647041685518715	-0.0056953672809171955	-0.036283576033304496
-0.21099799147752268	-0.009966400744890367	0.0036192870571715454	-0.005514702107729194	-0.03527226721723421
-0.21123194512530524	-0.009542890050165915	0.003489419192772941	-0.005331578745547022	-0.033969618711943206
-0.21146494580298678	-0.009110994064751294	0.0033585008572173418	-0.005163009358921421	-0.03301537296991952
-0.21168740446212236	-0.008699507265390458	0.00323180840086676	-0.004991653868004533	-0.03186974229525402
-0.2118998012695433	-0.00830522815351259	0.0031093635138057245	-0.004823150817218339	-0.030827583128085437
-0.21211057219567578	-0.007911360594880637	0.0029866197736940314	-0.004654466886934112	-0.02983569498033535
-0.21229616569869905	-0.00756547601651361	0.0028770677128379754	-0.004495344714504324	-0.02882852842306098
-0.21248796575952095	-0.007199129442802755	0.002762419173582236	-0.00434315845948435	-0.028006500520933272
-0.21266369099219246	-0.0068681176581691684	0.0026560592704545465	-0.0041862363688607495	-0.02698154875483754
-0.2128247277805671	-0.006560706333965434	0.0025575127484098966	-0.00404491094530065	-0.02618280813344597
-0.21298473793734182	-0.006250057446010513	0.002458289918476081	-0.003908935312533562	-0.025392305132281336
-0.21313717886872738	-0.005954965670334044	0.00236248317574466	-0.0037706190149475734	-0.024518145532307557
-0.21328806524795535	-0.005660453498527154	0.00226645718315755	-0.003632124562232306	-0.023735490864622476
-0.21342073698537117	-0.005403117964962293	0.0021810609922704722	-0.0035007990302585615	-0.02294028398830896
-0.2135575603155556	-0.005129575919391146	0.002091856137228563	-0.0033766389589389946	-0.02231209206513992
-0.21368261165090086	-0.004882013818375346	0.002009188883701048	-0.0032513499324694343	-0.021511683939729735
-0.2138015764951872	-0.0046427326214243045	0.0019295330133558982	-0.003134346483264092	-0.02086750948564898
-0.21391027932397516	-0.004423464795329821	0.0018557827086822748	-0.003023112208108272	-0.02020124791401167
-0.21401800101674318	-0.0042022322911663655	0.0017816747911124804	-0.002915611433840998	-0.019607937337231006
-0.2141243119750364	-0.003983181009263006	0.0017074397462708863	-0.002804763377576146	-0.018959837924824738
-0.21422133914509053	-0.0037847874969219675	0.001638855729519488	-0.0026946156880977394	-0.018335664279022952
-0.2143134652845038	-0.003591229878549292	0.001572867663331659	-0.0025957867340748574	-0.017836392758704973
-0.21439748229873917	-0.003415213111795965	0.0015118721672986797	-0.0024992794852417705	-0.017277395883919404
-0.21448376245534326	-0.003227797984930323	0.0014481908523031643	-0.0024086946628314354	-0.016810537272338166
-0.21456229087163892	-0.0030600239343063513	0.0013892706224788495	-0.0023143013115082944	-0.016210160162528055
-0.21463670486740788	-0.002898053248608522	0.0013326392956929222	-0.0022260067346982918	-0.015759201476116917
-0.2147071519785068	-0.0027425524429484337	0.001278159256589088	-0.0021416267890528497	-0.015297639285249104
-0.2147712045510719	-0.0026000029307151457	0.0012278112082397855	-0.002062252773341141	-0.014843722959430615
-0.2148368033855981	-0.0024505940124921184	0.0011753382411649855	-0.0019826869566781052	-0.01443506165567518
-0.21489400576711085	-0.0023207828015593237	0.001128751672747674	-0.0019069550668552675	-0.013972034826904348
-0.21495252491031078	-0.002184417646001631	0.001080264363491585	-0.0018316793329290753	-0.013610345347276565
-0.21500552830805458	-0.002059778956429707	0.001035458608741662	-0.001760281405049224	-0.013194420278997133
-0.21505548469221825	-0.0019403835390050387	0.000992401781975032	-0.001691700312370886	-0.012825439226476418
-0.21510073646673072	-0.0018371439783865882	0.0009526888456266888	-0.0015519740298631532	-0.012467778535703817
-0.21514617599453062	-0.0016665235451720482	0.0009099447045828146	-0.0016723439429478842	-0.013132365792096506
-0.2151854018299133	-0.0016141811641417548	0.0008716238793914904	-0.0015084779104639979	-0.010574967155186164
-0.21522469121350232	-0.001527611604883529	0.0008352149129796257	-0.00142021853010041	-0.011278053890017705
-0.21526300550304373	-0.0014216446703656889	0.0007989749166979794	-0.0013756789798555328	-0.011286723391729574
-0.2152960276585075	-0.001333575498447112	0.0007666324884689371	-0.00132391782037736	-0.010844559976128747
-0.215329477492077	-0.0012422061497243584	0.0007329823849937598	-0.001270173758015728	-0.010567833103200062
-0.21535946043152787	-0.0011589730497496475	0.000701936102134326	-0.001218899122412256	-0.01027657512567233
-0.215387404530518	-0.001078913615266883	0.0006721340830402521	-0.0011705784411392452	-0.010023358640484023
-0.21541009484303658	-0.0008029957873598847	0.0006396006898212327	-0.0015703250091463256	-0.009769173869623685
-0.2154287219745229	-0.0007168970820515878	0.0005998190774025027	-0.001557131014257369	-0.004652252306963336
-0.21544713721204045	-0.0007048934314556805	0.0005615261576293722	-0.0013866290461905574	-0.0034662024887355362
-0.2154649471030775	-0.0006632678823626279	0.0005268540981672596	-0.0012934291764624952	-0.0039759572338037286
-0.21548035008780003	-0.0006211154462981048	0.0004967012290185938	-0.0012257098528203302	-0.0038204412049877325
-0.21549537809615193	-0.0005820690040631782	0.0004681776438941401	-0.0011566450677068338	-0.0035454129672584413
-0.21550945562284027	-0.000544846978903572	0.00043906473128054645	-0.0010882075303813626	-0.003347656349267529
-0.2155221581525931	-0.0005140769415367338	0.00041381106670738575	-0.0010222346061924954	-0.0030991874918932256
-0.2155350685989169	-0.0004796843806450436	0.0003880869088759236	-0.0009617318528524469	-0.0029630572329743133
-0.21554668174329517	-0.00045004383545253513	0.0003648228113903387	-0.0009040178701583469	-0.002754567399231623
-0.2155575750749917	-0.00042194847103831345	0.0003429515291525619	-0.0008502715432327182	-0.0025965564909831134
-0.21556778597861817	-0.0003954385010049707	0.00032237689725488647	-0.0007999665445370619	-0.0024426389391921047
-0.21557699161025684	-0.00037196810207738206	0.00030378862723948305	-0.0007534586972725944	-0.0022949361935384466
-0.21558632789393023	-0.00034678772559846655	0.00028482447330743744	-0.0007089061714233069	-0.0021725505525521226
-0.2155947229913429	-0.0003253097481211869	0.00026768133211275865	-0.0006659549737581138	-0.002016924162257981
-0.21560229019363597	-0.000305717494062618	0.0002521975563818766	-0.0006275733113858009	-0.0019036728833301715
-0.21560996521506887	-0.0002851581863402395	0.0002364096838119875	-0.0005898383118688142	-0.0017971288216392274
-0.21561686740270855	-0.00026740106625071174	0.00022214721027406505	-0.0005540397267331936	-0.0016735057771308445
-0.21562333438243977	-0.00025034487283575647	0.0002087396481032633	-0.0005212136760181736	-0.001579377543678464
-0.2156291563994884	-0.0002351772486572593	0.00019662205011257653	-0.0004910475703938765	-0.00148218424861009
-0.21563484965777976	-0.00022077256813426833	0.00018474476235041774	-0.00046177695901308683	-0.0013993889028729532
-0.2156403736422699	-0.00020516074861780953	0.00017311876914855292	-0.00043405531696696817	-0.001310912795511235
-0.21564533928683854	-0.00019235553262952386	0.00016262710660065974	-0.0004074145040759169	-0.0012223177616110551
-0.21564999296081308	-0.00018008277154832008	0.00015277587367378906	-0.00038292089647747935	-0.0011554439159927599
-0.21565434945054168	-0.00016852090378176795	0.00014351724726243165	-0.00035998290920428804	-0.0010873072761597219
-0.21565842186752684	-0.00015748200886020567	0.0001348045545099372	-0.0003388271747848301	-0.001022341853180844
-0.2156620817914226	-0.00014774495980661749	0.00012692680349832912	-0.0003192260152869793	-0.0009564680232493003
-0.21566578807151518	-0.00013759341258024775	0.00011889871932408619	-0.0002998192513691538	-0.0009016310086286073
-0.2156689870890695	-0.0001292000864801504	0.00011193220271826611	-0.0002821064462838364	-0.0008396103556483183
-0.21567222803801153	-0.00012029545349193058	0.0001048390220145086	-0.00026489001659342796	-0.0007947482830905264
-0.21567513673669764	-0.00011255930805008795	9.843510616917069e-05	-0.00024872342251983467	-0.0007404427937719232
-0.2156777518848191	-0.0001055184901819872	9.265364398085387e-05	-0.00023426306475674499	-0.0006977705506100934
-0.21568039931925645	-9.822961358460478e-05	8.676679443543904e-05	-0.00021983439582003386	-0.0006578067135076839
-0.21568277396995167	-9.182849373122458e-05	8.145290038960012e-05	-0.00020645350921999681	-0.0006139330115210902
-0.2156849919253374	-8.571518733449658e-05	7.645879442220711e-05	-0.00019412150466213669	-0.0005779318025247778
-0.21568706234182933	-8.002486780293272e-05	7.176387906631975e-05	-0.0001824411241688956	-0.0005414625896291098
-0.21568892052294636	-7.493634218459331e-05	6.752330690159089e-05	-0.0001718049655335907	-0.0005079660391108585
-0.21569079822897472	-6.962527369104357e-05	6.320358470474341e-05	-0.00016129276555026503	-0.0004785244610936005
-0.21569248053580614	-6.505168293233235e-05	5.930540581784653e-05	-0.0001513545213146053	-0.0004450364166397871
-0.2156939919273893	-6.093204625762188e-05	5.579073707922612e-05	-0.00014237883882312733	-0.0004194305517026785
-0.21569551785622	-5.6522013777664345e-05	5.221063373789018e-05	-0.00013374271904760635	-0.00039652267479029033
-0.21569688264451126	-5.274027011181805e-05	4.8977678881861746e-05	-0.00012554299391930962	-0.00036778793583347523
-0.21569815574152867	-4.916679529687307e-05	4.594256675726954e-05	-0.00011790813725633557	-0.00034589081870794493
-0.21569929636419194	-4.595350313104229e-05	4.320236148323808e-05	-0.00011100556605587161	-0.00032463696970059315
-0.2157004049679545	-4.278684019516471e-05	4.051808361042078e-05	-0.00010430401967139058	-0.00030548692143694605
-0.21570147634687528	-3.968734401922811e-05	3.7897339129289687e-05	-9.780895653213305e-05	-0.00028604132803392913
-0.21570243409344944	-3.698325975927348e-05	3.553368390883968e-05	-9.17700959366314e-05	-0.0002664580854607381
-0.21570332609854456	-3.4418029940424585e-05	3.331528039187997e-05	-8.617353736963312e-05	-0.00025061823459226833
-0.21570417050341384	-4.223157210381473e-05	3.123434278770329e-05	-3.1926724046933655e-05	-0.00023497368800505037
-0.21570457598528817	-5.977621130897259e-07	2.8489508594229012e-05	-0.00014006813147387172	-0.0008164011068513823
-0.21570499130571838	-3.333847994455432e-05	2.5982510486202036e-05	-5.940187286485253e-05	0.0005006166207542218
-0.21570578359076512	-2.9010874695690595e-05	2.4515024683632564e-05	-6.06581821027338e-05	-0.000243785534912419
-0.21570647256284906	-2.638613259336718e-05	2.302051795534129e-05	-5.866615337389101e-05	-0.0001844001219870403
-0.21570711396252112	-2.4987535262991194e-05	2.16091830457128e-05	-5.4459180550503105e-05	-0.00015594277098864202
-0.2157077186222319	-2.339168039442493e-05	2.029330122638892e-05	-5.1129095963885375e-05	-0.00015315807793770796
-0.21570828363717645	-2.183679762765037e-05	1.9055770131803954e-05	-4.8125329468660176e-05	-0.00014454507794842662
-0.21570881179820187	-2.0426107411209708e-05	1.7892631669462204e-05	-4.5196642840960245e-05	-0.00013508055086646463
-0.21570930513843262	-1.9065302145236878e-05	1.6798869387502887e-05	-4.252640265717716e-05	-0.00012726526450040725
-0.21570976597540906	-1.7818172083930043e-05	1.577065746535712e-05	-3.995274168009288e-05	-0.00011901574882232607
-0.21571019653467308	-1.6640875638881502e-05	1.480450212941399e-05	-3.755099115607201e-05	-0.00011189904411214118
-0.2157105985796611	-1.5536698505716336e-05	1.389640078941754e-05	-3.52943748358816e-05	-0.00010502412771736902
-0.2157109740712206	-1.4509627904272049e-05	1.3043257628516358e-05	-3.3155727657349716e-05	-9.853432383418137e-05
-0.21571132460098572	-1.3539436761702812e-05	1.2241613916942661e-05	-3.116205391141185e-05	-9.261831396041142e-05
-0.2157116513615817	-1.2619375253816445e-05	1.148755424699618e-05	-2.9312015064525822e-05	-8.687906201502321e-05
-0.21571194426785242	-1.1809612838544167e-05	1.0806180637288635e-05	-2.7599321914813665e-05	-8.118818672044471e-05
-0.21571222924198546	-1.1006837943880979e-05	1.0138441201442897e-05	-2.594593235750103e-05	-7.645213084943444e-05
-0.2157124949680293	-1.0266446130792319e-05	9.511070948679524e-06	-2.4366832650965717e-05	-7.153453452717165e-05
-0.21571274254625358	-9.561091441316486e-06	8.921372244147051e-06	-2.290926475461772e-05	-6.716644397439253e-05
-0.2157129821606567	-8.886177734937375e-06	8.345923765808136e-06	-2.1462352578373e-05	-6.276288197907794e-05
-0.2157131883711554	-8.31271633626965e-06	7.847279790146895e-06	-2.0186034794924408e-05	-5.870612495964729e-05
-0.21571338881123808	-7.736197387309719e-06	7.35894787984576e-06	-1.897177324752938e-05	-5.54176466642491e-05
-0.21571357521895795	-7.1957109202958764e-06	6.899783209838978e-06	-1.7832928803884452e-05	-5.181619246423004e-05
-0.21571375528429082	-6.674195427353902e-06	6.4515585177305875e-06	-1.671339197650148e-05	-4.8379107309158445e-05
-0.21571391593379347	-6.191915776416679e-06	6.046829795024144e-06	-1.5733799381607674e-05	-4.508758472208455e-05
-0.21571405894162446	-5.732371151786084e-06	5.680070319742543e-06	-1.4906477791239986e-05	-4.176887376569974e-05
-0.21571419618543294	-5.2578472213874625e-06	5.317618920657955e-06	-1.4154414469380632e-05	-3.80971461467859e-05
-0.21571432194610266	-4.814804704289324e-06	4.973295139395301e-06	-1.344848907556592e-05	-3.371860358505744e-05
-0.21571443960788153	-5.6116936723038255e-06	4.649362178793334e-06	-1.1771969819788289e-05	-2.938797860383655e-05
-0.215714559928419	-4.326792046745508e-06	4.339241893275776e-06	-1.1426461291099144e-05	-3.0541801107630026e-05
-0.21571466521209912	-4.0983419627269895e-06	4.065063817582701e-06	-1.0558290683670608e-05	-2.8945511425489823e-05
-0.2157147602108016	-3.818352814236844e-06	3.81973020435595e-06	-9.938426371479705e-06	-2.879284428570979e-05
-0.21571485551756459	-3.520399224545615e-06	3.5695771694981225e-06	-9.339192410443132e-06	-2.70493701487694e-05
-0.2157149400256022	-3.2453659416711392e-06	3.3430936610478192e-06	-8.815514759480724e-06	-2.491226000215458e-05
-0.2157150176890828	-2.973500218963383e-06	3.1288372090834736e-06	-8.356712424050084e-06	-2.2757419592410322e-05
-0.21571508601156314	-2.727034533464158e-06	2.933481820867243e-06	-7.948468184042014e-06	-2.0302194085852475e-05
-0.21571515354973364	-2.4760547663674182e-06	2.7324513415383298e-06	-7.538288914853084e-06	-1.7915987989830986e-05
-0.21571521277173347	-2.2653183499645377e-06	2.549340532913131e-06	-7.139384654125137e-06	-1.530637411780788e-05
-0.2157152669146989	-2.0713853902190964e-06	2.3758619980897342e-06	-6.761747177123904e-06	-1.3147962859924998e-05
-0.21571531652144968	-1.8999692034997255e-06	2.211793328469873e-06	-6.38974425825195e-06	-1.1058798840843831e-05
-0.21571536027527358	-1.7508277330141429e-06	2.062773924748896e-06	-6.047780469136414e-06	-9.200680797442231e-06
-0.21571540382749088	-1.6043197064939322e-06	1.9103437150480763e-06	-5.695426493729018e-06	-7.5223692840615684e-06
-0.2157154423858626	-1.4839126000245896e-06	1.7723914197716583e-06	-5.359055605291181e-06	-5.797849567285783e-06
-0.21571547812193417	-1.3778764328981946e-06	1.6426922419150074e-06	-5.034796064829561e-06	-4.38945612868902e-06
-0.21571551137146736	-1.284642005215057e-06	1.520926029985526e-06	-4.723451938339495e-06	-3.1239354169677923e-06
-0.21571554244080243	-1.203153242639794e-06	1.4067727107208364e-06	-4.424806150800912e-06	-1.9855221489430223e-06
-0.21571557047772277	-1.135397410701341e-06	1.3040574551337163e-06	-4.149061527876349e-06	-9.687559378182979e-07
-0.2157155980710471	-1.0737232238636418e-06	1.203931448914263e-06	-3.8753804954421184e-06	-1.1029732469916689e-07
-0.2157156317197393	-1.6890526576136844e-06	1.126912760180739e-06	-2.1465128790813545e-06	6.907788979922485e-07
-0.21571567034953834	-1.2327546868400547e-06	1.0645363884501008e-06	-2.775342284774501e-06	-1.4718262743023417e-05
-0.21571569630075796	-9.592031104401947e-07	9.939923812007188e-07	-3.0529769434043317e-06	-6.270443309261119e-06
-0.21571571903954037	-8.104027991630735e-07	9.141793398498635e-07	-3.0556729417672338e-06	-9.155926032689877e-07
-0.2157157445424298	-1.357196078137409e-06	8.575832001453912e-07	-1.57962456820117e-06	2.031084839219073e-06
-0.2157157730149017	-9.809266011092525e-07	8.139510421781542e-07	-2.1430115059834148e-06	-1.1427695807216671e-05
-0.21571579524041398	-6.981693267949326e-07	7.506262226770545e-07	-2.48745387801065e-06	-4.2371886424513745e-06
-0.2157158187347836	-1.2112481428716923e-06	7.047694710189499e-07	-1.1254260484505507e-06	1.6055153912907845e-06
-0.21571585659260928	1.4193708247483286e-05	6.68394856160957e-07	-4.851854992397059e-05	-1.1069435809454146e-05
-0.21571618038874865	-2.65227066227485e-05	1.311127129144948e-06	5.485705125010812e-05	0.000528295175008642
-0.21571650183647015	3.777703769111225e-06	1.9379875928816938e-06	-1.0977593935652657e-05	-0.0006258467440807083
-0.215716438026552	9.810907090204038e-07	1.738438640214439e-06	-4.249368670453951e-06	2.6827111581622433e-05
-0.21571640201663037	2.1039265388808493e-06	1.6156384118495981e-06	-6.18603007843729e-06	-3.5271389185285e-05
-0.21571634121557376	2.385109406310866e-06	1.4484302333110754e-06	-6.282894738737549e-06	-1.0697040469235557e-05
-0.21571628387245237	2.177983498044636e-06	1.3021783216457773e-06	-5.3801204837406425e-06	-3.0634279011718736e-06
-0.21571623058415973	2.1030887977723832e-06	1.175450430788493e-06	-4.811757327612528e-06	-6.653310674152154e-06
-0.2157161778939605	2.1203085728902363e-06	1.0596237189899563e-06	-4.48490917655972e-06	-7.5857273337896075e-06
-0.21571612705077664	2.1184142221432824e-06	9.560009362358943e-07	-4.165071783445626e-06	-6.4161479338744205e-06
-0.21571607211910593	2.108606725981883e-06	8.521557087106448e-07	-3.836792227907573e-06	-5.621605051314483e-06
-0.21571601968536422	2.089272379853302e-06	7.602517347123866e-07	-3.531319322502485e-06	-4.875224501262175e-06
-0.21571596764749276	2.0775096050793526e-06	6.754191880923557e-07	-3.271258796940228e-06	-4.343161647769147e-06
-0.21571591584470542	2.070472994314059e-06	5.966133175077132e-07	-3.0482349716197674e-06	-3.5962085266427754e-06
-0.2157158642037202	2.0631930843075593e-06	5.230305752728452e-07	-2.849518093449557e-06	-2.67663396185543e-06
-0.21571581485903693	2.0507747153668303e-06	4.5691992109329265e-07	-2.6686947632803807e-06	-1.683055069861693e-06
-0.2157157638494528	2.0322107415676337e-06	3.92560352687933e-07	-2.4892741649954927e-06	-7.79985702039394e-07
-0.21571571665113864	1.7096261315374315e-06	3.397711259114898e-07	-1.6625047408443112e-06	9.874689550884485e-08
-0.21571566990370916	1.904506893455562e-06	2.9294321399586075e-07	-1.9822551228431545e-06	-6.277613615710175e-06
-0.21571562137395936	1.9576079651672146e-06	2.4250014801343353e-07	-2.0111834492961747e-06	-9.69290990792223e-07
-0.215715576005975	1.6462135931232226e-06	2.0097800307993077e-07	-1.2560336972119608e-06	1.55393265275849e-06
-0.21571553500783336	1.784418790987594e-06	1.6827481742140738e-07	-1.5010715487835847e-06	-4.483913075482072e-06
-0.21571548765256932	1.8465335375153476e-06	1.2781161016732339e-07	-1.5868462137069327e-06	-4.951649860163221e-07
-0.21571544514025687	1.5458869718787202e-06	9.660827354672283e-08	-8.909667735443258e-07	2.244341721225238e-06
-0.2157154065785812	1.6803873288304423e-06	7.233977525474466e-08	-1.1592398095806518e-06	-3.573243878504608e-06
-0.21571536631299007	1.4983822070202518e-06	4.7423312816518335e-08	-7.405770615877186e-07	3.3993725440702787e-07
-0.215715325800854	1.630563999235468e-06	2.4916346851242202e-08	-1.0179028620494865e-06	-2.847157182385553e-06
-0.21571528887925281	1.4290379290384265e-06	5.383648081956723e-09	-5.711904847072954e-07	1.1184612310645194e-06
-0.2157152518112564	1.5532285770046079e-06	-1.1862541077427415e-08	-8.443452893800254e-07	-2.5804842959587934e-06
-0.2157152137288939	4.252892864679438e-07	-2.869398263573082e-08	2.974882017083673e-07	1.1235881446189082e-06
-0.21571518397489742	1.623792443496608e-06	-4.667014703090117e-08	-1.017059348294972e-06	-5.640851851504066e-06
-0.21571514520745003	1.3512388523571057e-06	-6.598962043982901e-08	-4.396359556508815e-07	4.708533283438784e-06
-0.2157151109464647	1.4038131160905404e-06	-7.846576793161071e-08	-5.782446587370843e-07	-2.8178238350835163e-07
-0.21571507751695296	1.2572301745992874e-06	-8.974532222744153e-08	-2.8414373515870083e-07	1.8565600492097884e-06
-0.2157150467238957	1.3196146628459151e-06	-9.83984303428557e-08	-4.5019278251545546e-07	-5.588256645610708e-07
-0.2157150139054389	1.1883108171069712e-06	-1.074124922897352e-07	-1.970873925009635e-07	1.694677745203991e-06
-0.2157149846514019	1.2544238395457395e-06	-1.1428026858264523e-07	-3.76578700427288e-07	-3.8199201998628417e-07
-0.21571495472463686	1.1283924679840286e-06	-1.2114084036504387e-07	-1.3851105020090635e-07	1.9398847742264838e-06
-0.2157149261301359	1.177361500626586e-06	-1.2605526216101082e-07	-2.8599900805576293e-07	-7.584113359322249e-08
-0.21571489680527198	1.0640564488167709e-06	-1.313418489134063e-07	-8.111212183783735e-08	1.8337366817142109e-06
-0.21571487138045223	9.792929193691068e-07	-1.3142307718296516e-07	6.200728774290154e-08	1.0250430445826348e-07
-0.21571484681524472	1.0714813203042759e-06	-1.328479988225916e-07	-1.813509057043682e-07	-1.2463829124401479e-06
-0.21571482084479904	9.878536460848391e-07	-1.3622625045994567e-07	-4.1764740573901635e-08	1.4921255122852941e-06
-0.21571479722335915	9.098040175433778e-07	-1.3555168507562097e-07	8.515702843307445e-08	3.470742964196884e-07
-0.21571477265375205	9.9008330428176e-07	-1.360231217123631e-07	-1.367424105090441e-07	-8.65854870975163e-07
-0.21571474887595965	9.030129302137692e-07	-1.3793843091006946e-07	9.592004214621988e-09	1.616812488640668e-06
-0.2157147272146669	8.367148218154442e-07	-1.3632639032916993e-07	1.1033458815062296e-07	3.314287570734092e-07
-0.21571470541346496	9.113587872923125e-07	-1.361279701016091e-07	-9.761649616211609e-08	-6.540247481969512e-07
-0.21571468354575882	8.304182657842217e-07	-1.3718110466597526e-07	3.5377992770366716e-08	1.6449681703710124e-06
-0.21571466439024706	7.719806594957958e-07	-1.3520617960554707e-07	1.209631998967497e-07	4.5540935542329864e-07
-0.2157146435345082	8.378948672282025e-07	-1.3443629783454198e-07	-6.913984787497841e-08	-3.9687921195126124e-07
-0.21571462346833528	7.612092756271867e-07	-1.348378446833177e-07	5.5177761943709515e-08	1.6920093142009524e-06
-0.21571460520961186	7.051985539511282e-07	-1.3236675587847332e-07	1.3450359719236525e-07	5.583785747562711e-07
-0.21571458682954572	7.664248107888853e-07	-1.3123772009356375e-07	-4.260703570883611e-08	-2.5031728362055526e-07
-0.21571456863847185	6.893157805709414e-07	-1.3076044913402298e-07	8.382434212878082e-08	1.676661740154744e-06
-0.21571455207536613	6.412684634204739e-07	-1.277718845767611e-07	1.4709754875458236e-07	4.735650402362007e-07
-0.2157145353120923	6.997135692446814e-07	-1.2626151110379867e-07	-2.2364020468284273e-08	-1.9815562204101315e-07
-0.21571452035169503	2.887498284550578e-06	-1.232752689446786e-07	-8.848192048827016e-05	1.6252180635773875e-06
-0.2157152355932145	-5.8224274080949576e-05	1.4726130163415346e-06	0.00012926075441218815	0.0011926815539705716
-0.21571585153503586	1.0961127890721051e-05	2.8726380597351563e-06	-2.1649627725896107e-05	-0.001424638308872188
-0.21571564752847933	4.5313699273705754e-06	2.496288936282695e-06	-6.682969354878383e-06	7.521166065754649e-05
-0.2157155075482595	6.85192920137641e-06	2.28082896981057e-06	-1.0991065310997337e-05	-6.480016899689977e-05
-0.21571533002993087	7.062216437123852e-06	2.0015468263880585e-06	-1.0753560640853338e-05	-1.1746511675668855e-05
-0.21571516588452486	6.6056439056049715e-06	1.7625879238014162e-06	-9.162756438565336e-06	-2.609139745500397e-06
-0.21571499666047586	6.460600837336959e-06	1.5374947591171043e-06	-8.284616440145639e-06	-9.218407636720838e-06
-0.21571483592201157	6.410279240212499e-06	1.3382121340193188e-06	-7.704877247057485e-06	-8.997410136876618e-06
-0.21571468339989866	6.307952897382848e-06	1.161110712679703e-06	-7.088778236274717e-06	-6.6570034513218165e-06
-0.21571452718108547	6.198512811634826e-06	9.91727899704589e-07	-6.497287963856766e-06	-5.545970203226693e-06
-0.2157143676808285	6.079787090948696e-06	8.306471421427677e-07	-5.927448811743283e-06	-4.432115131483124e-06
-0.2157142232780561	5.962341085083467e-06	6.947023563702002e-07	-5.430665545695882e-06	-3.369388907516408e-06
-0.21571407002413062	5.83626614498858e-06	5.602795738877629e-07	-4.9409294856887035e-06	-2.5669579068475544e-06
-0.2157139314665916	5.716766528522702e-06	4.469952568884503e-07	-4.520750658998831e-06	-1.6829356468994104e-06
-0.21571378465024843	5.584585709906498e-06	3.35257227298257e-07	-4.097797820239846e-06	-9.459350696034785e-07
-0.21571365223331002	5.458096250104816e-06	2.4158236534962267e-07	-3.7296824587158976e-06	-2.3386586952009534e-07
-0.21571351500984243	5.053081349770093e-06	1.558053832400243e-07	-2.7739662581696715e-06	2.8930432168185796e-07
-0.21571338650262115	5.240171412019734e-06	8.218528084107264e-08	-3.1448626453476876e-06	-5.625567764567831e-06
-0.21571326029736151	4.850140671150023e-06	1.42925971074269e-08	-2.2736129774634745e-06	1.7655425267051818e-06
-0.21571314206261455	5.003231264571196e-06	-4.4349373412005937e-08	-2.6135406985323184e-06	-3.990889975862504e-06
-0.21571302045312132	4.6939850578892006e-06	-1.0238656642838074e-07	-1.9590831254799586e-06	2.47464575362471e-06
-0.21571289819333975	4.7363345554281014e-06	-1.5437961811749011e-07	-2.0949730459104632e-06	-1.385010440774914e-06
-0.21571278772223318	4.465448723634931e-06	-1.983335011786891e-07	-1.555869846347047e-06	2.750243068036079e-06
-0.21571267616034925	4.487388882046098e-06	-2.3799254541812055e-07	-1.6746609639274115e-06	-5.062394555054508e-07
-0.21571256634709143	4.272318729041554e-06	-2.7575008017060894e-07	-1.2865254945994616e-06	2.9278008217641547e-06
-0.21571246261374427	4.040825778028043e-06	-3.0240366142380717e-07	-8.728949214873692e-07	1.0283897220304728e-06
-0.21571235632534827	4.160437093093306e-06	-3.2923654877488816e-07	-1.241782585445898e-06	-1.6538951083145948e-06
-0.2157122547021899	3.963674357259496e-06	-3.5650173803843153e-07	-9.218401996297219e-07	3.864350407336836e-06
-0.21571215706825878	4.3388757465355925e-06	-3.745464218264426e-07	4.3265888627952796e-07	2.244845484013941e-06
-0.21571205718561565	4.7779033149406305e-06	-4.2104023679653795e-07	-2.954457933815375e-06	-1.7989142380254722e-05
-0.21571195536154741	3.4324553109390796e-06	-4.582961900946004e-07	-1.4880131776144677e-07	2.741808370905469e-05
-0.21571187894738353	3.105352747977873e-06	-4.5069877661978887e-07	4.264669077946822e-07	5.094072566005771e-07
-0.2157117933087666	3.488488858339132e-06	-4.5254703716049073e-07	-5.662569672835129e-07	-5.401998279059489e-06
-0.2157117121879026	3.292972164850436e-06	-4.6232539313797955e-07	-2.804271221339562e-07	5.522292694973333e-06
-0.2157116283288097	3.1741831443252893e-06	-4.679987580477263e-07	-1.7737340205526703e-07	3.491223952368882e-06
-0.21571155013039986	3.087285034627745e-06	-4.7198774767602246e-07	-1.397733517955718e-07	3.207073149936485e-06
-0.21571147708168045	3.004126446817778e-06	-4.7498897922914464e-07	-1.0535455675969458e-07	3.5066556476439987e-06
-0.2157114002085965	2.913050339725672e-06	-4.772900893036207e-07	-6.6812547711299e-08	3.774156873788415e-06
-0.2157113285398418	2.8244318149695584e-06	-4.7852774097279e-07	-2.8042989523851518e-08	4.006643332552982e-06
-0.21571126185663972	2.7357103497990084e-06	-4.787264995230559e-07	1.6942454816925945e-08	4.1658558726007465e-06
-0.21571119467856703	2.642263377925186e-06	-4.77736985563681e-07	6.617529582323636e-08	4.189432841287002e-06
-0.2157111272512126	2.5483546304175745e-06	-4.754790677608226e-07	1.1073297130155815e-07	4.129497342426897e-06
-0.2157110646790047	2.4610689824083003e-06	-4.7228921021443623e-07	1.478558903534602e-07	4.073634808583449e-06
-0.21571100663523213	2.379400402006149e-06	-4.683963781229044e-07	1.799352792282746e-07	4.026093865003123e-06
-0.2157109459376396	2.2931014081977705e-06	-4.6334976896515194e-07	2.1142184731826625e-07	3.972735864063286e-06
-0.21571088965294535	2.2129437692750306e-06	-4.5778162884071746e-07	2.3723351681435572e-07	3.902930689764091e-06
-0.21571083534323454	2.1349549727119558e-06	-4.5160377829952153e-07	2.6019690882067775e-07	3.84122088863584e-06
-0.2157107829502082	2.0593733501004626e-06	-4.4489413568815056e-07	2.799757657203898e-07	3.7727610960665688e-06
-0.21571073242240352	1.985759401990022e-06	-4.377112500594175e-07	2.976980176032078e-07	3.7043209568445516e-06
-0.21571068370378757	1.9145462973806267e-06	-4.301198339517115e-07	3.125578497135112e-07	3.626528627515504e-06
-0.2157106367365028	1.8455374489786964e-06	-4.221852618689085e-07	3.251090463149135e-07	3.5505256986474626e-06
-0.21571059146653507	1.778660554165458e-06	-4.139616579749683e-07	3.356134448802783e-07	3.4733934160163853e-06
-0.21571054784099317	1.7138879002935128e-06	-4.0549831194877445e-07	3.442182430323077e-07	3.3947581494569165e-06
-0.21571050745516426	1.6538793812439792e-06	-3.9719911627369377e-07	3.503318109358115e-07	3.3152547758864566e-06
-0.21571046690346146	1.5926928092860486e-06	-3.883925387274188e-07	3.565835918287783e-07	3.244195440867564e-06
-0.2157104263202332	1.5314885883314427e-06	-3.7909561923115766e-07	3.608211467680501e-07	3.1543933903769498e-06
-0.21571040383719953	-1.1550158080239982e-05	-3.714943964686996e-07	8.826360205472354e-05	3.067850590036174e-06
-0.21570965686515708	5.699972494681531e-05	-1.9027321550673674e-06	-0.00012187857200759248	-0.001103887870370914
-0.21570901605987078	-5.68208632122724e-06	-3.240047175792032e-06	1.4901262764584836e-05	0.0013539489885294061
-0.21570911745981114	-1.5807887336212462e-06	-2.9700146027210615e-06	4.903242069310923e-06	-2.2469263107583414e-06
-0.21570920087458376	-5.1181470109356015e-06	-2.763181089798412e-06	1.1685797343726259e-05	9.173031029778771e-05
-0.21570933975720916	-5.527106850342644e-06	-2.4584545880093494e-06	1.17311201265785e-05	1.3954919161796584e-05
-0.21570946533643146	-4.908124894964794e-06	-2.201796004791396e-06	9.644217514489608e-06	1.1012239380760516e-06
-0.21570959054713465	-4.791836125580754e-06	-1.966132308982837e-06	8.682228479569839e-06	1.2450702098683829e-05
-0.2157097058695167	-4.828752240540629e-06	-1.7645793195183463e-06	8.178930703756177e-06	1.305206852530694e-05
-0.21570983090526402	-4.792363322770621e-06	-1.560904817219592e-06	7.535001805580893e-06	1.0173084781387435e-05
-0.21570994986891232	-4.731681994486168e-06	-1.380825306727061e-06	6.922032865130438e-06	8.58878560587272e-06
-0.21571006731370562	-4.671875382899672e-06	-1.2153262829172146e-06	6.367320167220613e-06	7.581691587392505e-06
-0.21571018321347663	-4.607375125774362e-06	-1.0631169027251203e-06	5.85411397287923e-06	6.509915258527145e-06
-0.21571029742876716	-4.53690991620223e-06	-9.232633342429574e-07	5.375446313416869e-06	5.498485091114108e-06
-0.21571040532009808	-4.462296733020898e-06	-7.999443408319125e-07	4.941817707792488e-06	4.587104193318309e-06
-0.21571052026368168	-4.3856741486770496e-06	-6.773514329997946e-07	4.523028235265831e-06	3.852825378574098e-06
-0.21571062446634223	-4.3037538878528905e-06	-5.736759976865434e-07	4.147290319920419e-06	2.9379620516101858e-06
-0.21571073091378165	-4.218855803020283e-06	-4.7485031640745866e-07	3.789889526172193e-06	2.33747435180673e-06
-0.21571083938073476	-4.13033033161913e-06	-3.810754718646744e-07	3.450365574352651e-06	1.7065455074107886e-06
-0.21571094142179115	-4.039003957223294e-06	-2.990291996882855e-07	3.1389447563548194e-06	1.0568432269425466e-06
-0.21571104118512688	-3.948263991503139e-06	-2.2441651039917782e-07	2.8543548185468317e-06	5.862111544844182e-07
-0.21571113866325967	-3.856337748080261e-06	-1.566460271571467e-07	2.590382093647609e-06	1.2274413959697085e-07
-0.2157112316596162	-3.5657204414562746e-06	-9.99874603953464e-08	1.911149336931827e-06	-2.906892517773015e-07
-0.2157113222231384	-3.697745544648908e-06	-4.948232102161624e-08	2.175940165778688e-06	4.107088562208216e-06
-0.21571141179383896	-3.445023530289883e-06	-1.5560875403507562e-09	1.613328311526815e-06	-1.0785337274896968e-06
-0.21571149555794378	-3.536231262302277e-06	3.955757558517167e-08	1.8189952779361114e-06	2.4298719455182533e-06
-0.2157115848566522	-3.311298279385754e-06	8.127228508949476e-08	1.3461347718994744e-06	-1.7716540406106147e-06
-0.2157116679458519	-3.348960882280733e-06	1.1596413291881152e-07	1.4605897301161486e-06	1.0173063404795105e-06
-0.21571174947098315	-3.160859957214597e-06	1.4817021540031332e-07	1.0910331854675232e-06	-1.9998284939493137e-06
-0.21571183011345466	-1.8030622072739927e-06	1.7769798495430417e-07	1.3053222563785513e-05	1.124343659902891e-07
-0.2157117995539547	5.731929791762199e-06	-4.528560357364586e-08	-1.8329157899624267e-05	-0.00017413038307705187
-0.2157117764751614	-4.126986567816493e-06	-2.3481641033355094e-07	3.2417800546058953e-06	0.00021174477868910008
-0.21571188661199983	-3.744754889117037e-06	-1.4536072393485722e-07	2.3406757430266016e-06	-3.382082398755485e-06
-0.2157119799637537	-3.744433932950011e-06	-8.809466052471886e-08	2.301628563329328e-06	1.7663137936804689e-06
-0.2157120672262204	-3.501598643247378e-06	-3.89604673189231e-08	1.7491208511367544e-06	-5.46115681175757e-07
-0.2157121552892287	-3.5744006931364794e-06	5.698279239725592e-09	1.9030351095803108e-06	2.834403819329006e-06
-0.21571224548086895	-3.340733016198213e-06	4.914817036579495e-08	1.3998679830248284e-06	-9.672976333184897e-07
-0.21571233016387262	-3.4344960634511807e-06	8.686175522776959e-08	1.6273702326861175e-06	2.0871730963582025e-06
-0.2157124134129651	-3.2204918814034147e-06	1.2214342158729604e-07	1.1920472145041567e-06	-2.2253519607567665e-06
-0.2157124908210367	-3.241921194271972e-06	1.514410684900974e-07	1.2816179741394982e-06	4.481878849215658e-07
-0.2157125731556007	-3.0730518658126223e-06	1.8113241052766446e-07	9.67588325145645e-07	-2.076510038142751e-06
-0.21571264479331598	-2.907282339702691e-06	2.0037827459597205e-07	6.636630211157671e-07	-4.608634924339725e-07
-0.21571271866978825	-3.0120336516567566e-06	2.203958732848953e-07	9.616980901718199e-07	1.5574032046659414e-06
-0.21571279231259105	-2.869297337357416e-06	2.4170284941597196e-07	7.239079696963774e-07	-2.761095444947384e-06
-0.21571286221973124	-2.7318626400589387e-06	2.5678346977870315e-07	5.036686238001569e-07	-1.5844254086959005e-06
-0.21571292891400706	-2.6109790442479688e-06	2.6690804090186487e-07	3.2384999184875825e-07	-3.005882341075321e-07
-0.2157129977367343	-2.697284387359752e-06	2.7856655556431583e-07	6.053207533578968e-07	7.949331384525133e-07
-0.21571306373935584	-2.582903810457244e-06	2.9171556132401245e-07	4.473417508842592e-07	-3.013083315178097e-06
-0.21571312698530937	-2.4830754330700227e-06	3.0119397402899555e-07	3.249520635856461e-07	-2.319631448382279e-06
-0.21571318549867918	-2.3981301003951556e-06	3.077693897014034e-07	2.3385275499735928e-07	-1.8265373753691716e-06
-0.21571324440206965	-2.3187275630197656e-06	3.12584664659026e-07	1.607410757657208e-07	-1.5109249815036755e-06
-0.2157133014243642	-2.247106965298941e-06	3.158209337970104e-07	1.0601071365818857e-07	-1.3141110052392786e-06
-0.21571335892340518	-2.179578745434705e-06	3.179597095908883e-07	6.526357430492204e-08	-1.2346244871009403e-06
-0.21571341263206173	-2.1203412247917563e-06	3.191958139544414e-07	3.911791918787092e-08	-1.262463514898712e-06
-0.21571346285776277	-2.068003169594782e-06	3.199023183114248e-07	2.42549830040658e-08	-1.3860465108688757e-06
-0.2157135159102659	-2.015683141329441e-06	3.2039907845091214e-07	1.7961229470028497e-08	-1.5884597997848928e-06
-0.21571356569058003	-1.9691900794976694e-06	3.208384611637697e-07	2.0424617002203814e-08	-1.897225499848213e-06
-0.21571361491771332	-2.4984024494170853e-06	3.2137409113039997e-07	-6.308856685172595e-07	-2.281395933148342e-06
-0.21571367587365547	-2.7766801520706625e-06	3.407670003328857e-07	1.6804908775778985e-06	1.0318617870617785e-05
-0.21571372704554884	-1.6595682140220272e-06	3.546025402329179e-07	-3.378622163902224e-07	-2.0205792795723574e-05
-0.2157137645324165	-1.4020471567767346e-06	3.3483269983317066e-07	-7.859327754089719e-07	-1.2594877837942863e-06
-0.21571380154764255	-1.6783930103613836e-06	3.2451663446108997e-07	-7.689150655532007e-08	4.013096712736398e-06
-0.21571384436115545	-1.6025340861132814e-06	3.220600306213104e-07	-1.336362353392063e-07	-3.192746825116719e-06
-0.21571388358943602	-1.5392670816222962e-06	3.181296869930227e-07	-1.6806407326146204e-07	-2.833146312811405e-06
-0.2157139198940819	-1.4888863324728907e-06	3.1383119100127926e-07	-1.796957285948848e-07	-2.615772239747814e-06
-0.21571395788057035	-1.4351232191782112e-06	3.0889275819311987e-07	-1.920694755358996e-07	-2.5999649091662228e-06
-0.21571399309722403	-1.3841475351427477e-06	3.038473983167817e-07	-2.0401548706742076e-07	-2.56618391277934e-06
-0.21571402572469603	-1.3367355880556517e-06	2.9874946126750084e-07	-2.1372655154203828e-07	-2.5132194700525788e-06
-0.21571405851840098	-1.2886843737177041e-06	2.932118379003045e-07	-2.2264364878221384e-07	-2.46293242180214e-06
-0.21571409137346814	-1.2404362893428108e-06	2.87248846180181e-07	-2.300819623606047e-07	-2.406169257035542e-06
-0.21571412060878958	-1.1974980479808398e-06	2.8160072685883526e-07	-2.352589761522402e-07	-2.3498540907943672e-06
-0.2157141499765343	-1.1536662705258168e-06	2.755877969871604e-07	-2.4058677972857796e-07	-2.302469890848816e-06
-0.2157141782686557	-1.1114510428230648e-06	2.6946482624784546e-07	-2.443464902534167e-07	-2.2412371025935773e-06
-0.21571420552742507	-1.0708067167023476e-06	2.632743787104291e-07	-2.4666701792939145e-07	-2.184501250680466e-06
-0.21571423178285867	-1.0312050238979941e-06	2.5703157944359166e-07	-2.487262729538489e-07	-2.132939620899546e-06
-0.2157142580573781	-9.914450482609887e-07	2.505014233011556e-07	-2.499050677584077e-07	-2.074970629591868e-06
-0.2157142814126531	-9.562418262847974e-07	2.44467022039461e-07	-2.4967242635763684e-07	-2.015866234141242e-06
-0.21571430577234005	-9.189574561811476e-07	2.379366845438607e-07	-2.496794888481864e-07	-1.9684043504454012e-06
-0.21571432830096005	-8.84635332402195e-07	2.3167683802099515e-07	-2.4841854361918437e-07	-1.9077693482625857e-06
-0.2157143491343721	-8.527249813559435e-07	2.257043206723347e-07	-2.4684260293688056e-07	-1.85691267353662e-06
-0.2157143708512606	-8.190516313438658e-07	2.192771928625966e-07	-2.4527083381461295e-07	-1.8075626282443133e-06
-0.21571439092681846	-7.881575149806109e-07	2.1315422254012751e-07	-2.425494254251616e-07	-1.7480541944418267e-06
-0.21571440948697088	-7.595324623595381e-07	2.0734985083017395e-07	-2.395359162152895e-07	-1.6996747949983171e-06
-0.2157144280978805	-7.303842598221777e-07	2.0137534402483045e-07	-2.3684743624680517e-07	-1.6550511020916662e-06
-0.21571444669341966	-7.011530102625234e-07	1.9523674663455052e-07	-2.3372919412222138e-07	-1.601247076810326e-06
-0.21571446320251458	-6.755646763397433e-07	1.8966115344046734e-07	-2.2962475178946413e-07	-1.5457468734929185e-06
-0.215714473630897	6.257118384575114e-06	1.8603796896130508e-07	-7.64376981919997e-05	-1.5032296927194647e-06
-0.21571505923257023	-4.743736144038702e-05	1.401861305400256e-06	0.00010259517923227014	0.0009892048868904214
-0.21571556998134334	9.799243873081076e-06	2.4931376951765754e-06	-2.2222581506981665e-05	-0.0011336566129132829
-0.21571547153421347	3.700411355961629e-07	2.268919668998954e-06	-8.037593909741288e-07	0.00011008222392041173
-0.21571540601689118	4.899683726601323e-06	2.1355321612848803e-06	-9.986766356950205e-06	-0.00010428622033570134
-0.21571527212844854	5.209444325385967e-06	1.8694061383804274e-06	-1.0012883963600907e-05	-4.428844707659511e-06
-0.21571515589414358	4.1611744699107625e-06	1.6572866064497644e-06	-7.139195885524233e-06	6.9481130284900796e-06
-0.21571504947080128	4.361842501614948e-06	1.4802212659826512e-06	-7.067237729299626e-06	-1.4309369048403465e-05
-0.21571494107674447	4.305557687060925e-06	1.3109006907853672e-06	-6.4884104002922366e-06	-7.920009180763482e-06
-0.21571483439164973	4.238977093760762e-06	1.1560233241285704e-06	-5.939853170367866e-06	-7.012373355553362e-06
-0.2157147292103103	4.184378210515966e-06	1.0138759437432085e-06	-5.465994479311721e-06	-6.336011397446424e-06
-0.21571462547028755	4.122971578263025e-06	8.83162548697384e-07	-5.021699389842228e-06	-5.357353957842687e-06
-0.21571452332214086	4.056815043968159e-06	7.631479889651836e-07	-4.60787134863532e-06	-4.494887955547891e-06
-0.21571442683862618	3.9899605830795506e-06	6.572683921897869e-07	-4.238604963629813e-06	-3.714346360057062e-06
-0.21571432414676436	3.915920423474218e-06	5.521402463404086e-07	-3.870851306985964e-06	-3.0226930037442057e-06
-0.21571422731682735	3.837639578374105e-06	4.598598774773186e-07	-3.533869888863546e-06	-2.296897517611819e-06
-0.21571413243577842	3.7598093719625265e-06	3.7561093562483123e-07	-3.226662433508006e-06	-1.7591417992759086e-06
-0.21571403950719464	3.6805995269990865e-06	2.987143531095601e-07	-2.942708856716086e-06	-1.2171227595274023e-06
-0.2157139521963242	3.6014703242758745e-06	2.3136806971733002e-07	-2.6859111875204573e-06	-7.131284130556455e-07
-0.21571385972278187	3.5175966955986503e-06	1.6499930739205921e-07	-2.4344771845491696e-06	-3.133671386918661e-07
-0.21571377494471472	3.247463346092845e-06	1.1165156277511073e-07	-1.7968511597332435e-06	1.4458183288600622e-07
-0.21571369534526824	3.385523243062498e-06	6.522643315302001e-08	-2.071570448859628e-06	-3.994838874333133e-06
-0.21571361031764702	3.135455613695955e-06	1.8122680422146587e-08	-1.5089510980882618e-06	1.081005034678717e-06
-0.21571353397204715	3.2272982355263997e-06	-2.0503047857131225e-08	-1.7104028302216654e-06	-2.4871018185997738e-06
-0.215713455692363	3.020139158062204e-06	-5.8166278035387616e-08	-1.2687896796104736e-06	1.5289288696042626e-06
-0.21571337676601	3.0635286401048213e-06	-9.238447217107692e-08	-1.3891189368195796e-06	-1.1605911348762164e-06
-0.2157133025120669	2.8758818609429007e-06	-1.2245468111717579e-07	-1.0124789093413148e-06	1.8726665978058084e-06
-0.21571323309896998	2.910022026464185e-06	-1.4814889940185023e-07	-1.1294185118901614e-06	-4.4546218758973945e-07
-0.21571316219008177	2.7556869682570147e-06	-1.7303203276700024e-07	-8.431614486415694e-07	2.183812741920699e-06
-0.21571309801188196	2.1439166331735782e-06	-1.9019660393020204e-07	-1.938396565906035e-07	6.05549455069122e-07
-0.21571303232861763	2.771302128214429e-06	-2.0961698413757206e-07	-1.0038987428360305e-06	-3.0738794880920835e-06
-0.21571296806631493	2.5845762018325535e-06	-2.2977463471200383e-07	-6.633113274892276e-07	4.5038968518136775e-06
-0.21571290292857223	2.4447556434841014e-06	-2.4371266327500886e-07	-4.3676492022601826e-07	2.17897025689182e-06
-0.21571284318628237	2.340937514634887e-06	-2.527829095557351e-07	-2.898452528702371e-07	7.692486695502847e-07
-0.21571278640466898	2.393905024195804e-06	-2.621644253942947e-07	-4.863219138417255e-07	-5.0508627501089276e-08
-0.2157127253383033	2.2955325239962368e-06	-2.735614139032508e-07	-3.612342731103236e-07	2.720804789725037e-06
-0.21571266912332362	2.2082062660432833e-06	-2.81289344898753e-07	-2.5998459230607775e-07	2.275855324254823e-06
-0.21571261491233096	2.1334882219248185e-06	-2.869016912225054e-07	-1.885659846914755e-07	1.8958308043529125e-06
-0.21571256245285428	2.067087728219728e-06	-2.9099902591216894e-07	-1.3697562119776644e-07	1.7285558170064497e-06
-0.2157125135746695	2.0094085349388365e-06	-2.9390074917630453e-07	-1.018468052892252e-07	1.6977352409893588e-06
-0.21571246210826828	1.9526474118472586e-06	-2.962685876878053e-07	-7.724374074738647e-08	1.7704447741569906e-06
-0.2157124158506204	1.9048304538115675e-06	-2.980217453292633e-07	-6.521638641992355e-08	1.953740973139605e-06
-0.21571236705563498	1.8507895522434592e-06	-2.99548640141416e-07	-4.7839289389727845e-08	2.214823332869426e-06
-0.2157123232992843	1.798151290440947e-06	-3.004744464213395e-07	-2.61452684532507e-08	2.4357077777211198e-06
-0.21571227732703166	1.7403856775553217e-06	-3.0087827735316263e-07	-1.2523094073802597e-09	2.5579477797237815e-06
-0.2157122345874116	1.6809802488878633e-06	-3.005474207832379e-07	3.113276224779599e-08	2.646895098894156e-06
-0.21571219331117533	1.6235436541193933e-06	-2.994484748627221e-07	5.9428436627343525e-08	2.608766597421576e-06
-0.21571215344624872	1.5679822916605043e-06	-2.976870909165257e-07	8.407302384076246e-08	2.5743702152101132e-06
-0.21571211495020845	1.5139278960994213e-06	-2.9534231574177066e-07	1.0607723919289647e-07	2.5436335808207605e-06
-0.21571207924740446	1.4634600995718936e-06	-2.9260064692268297e-07	1.248700785451336e-07	2.5092976228628444e-06
-0.2157120419161614	1.4102384838967193e-06	-2.891491717474689e-07	1.430881976282853e-07	2.473704286253326e-06
-0.21571200730490103	1.3606699293800243e-06	-2.854115951761283e-07	1.5825201395738797e-07	2.4301869335086585e-06
-0.21571197522643518	1.3144696996832421e-06	-2.8148806005282406e-07	1.7096636009972914e-07	2.3882995598587142e-06
-0.21571194170926394	1.2656895429413007e-06	-2.769089352881169e-07	1.8339075585157438e-07	2.3467763400725326e-06
-0.21571191065405318	1.2205283821693192e-06	-2.7223042623303825e-07	1.9302124887790186e-07	2.294906388459844e-06
-0.21571188188552926	1.1784883224009778e-06	-2.6753113998061223e-07	2.0084791857438982e-07	2.2506241924255966e-06
-0.2157118518467981	1.1338971154913906e-06	-2.6222929397026154e-07	2.0892949677168863e-07	2.207846966072163e-06
-0.21571183909501043	-8.308383221991921e-06	-2.5645114007828967e-07	4.8130712389828384e-05	2.1497196061411277e-06
-0.21571146022780935	2.9372882239638247e-05	-1.0075125526898978e-06	-6.199013354683286e-05	-0.0005850699327731964
-0.21571110119817452	-3.991581773383084e-06	-1.7380272112483236e-06	1.069588130454527e-05	0.000687923119783136
-0.21571114904001729	-2.751379946774325e-07	-1.5917908910266473e-06	2.006754849139384e-06	-3.139836288418632e-05
-0.21571117885254243	-2.3032994179567685e-06	-1.4989719420556065e-06	5.969750938382391e-06	5.3591100964566225e-05
-0.21571124753894516	-2.675696764180059e-06	-1.3311796349924173e-06	6.306442747362389e-06	9.265521700311193e-06
-0.21571130670607397	-2.0582833646694403e-06	-1.1960132986939095e-06	4.540720860065947e-06	-1.0235804239530616e-06
-0.21571135802435062	-2.252687463863804e-06	-1.08746299434179e-06	4.6094209135063345e-06	1.1986888374360705e-05
-0.2157114152840433	-2.3028465687125836e-06	-9.747038295512003e-07	4.383095169353891e-06	7.03574375089639e-06
-0.21571147457165588	-2.253826979292693e-06	-8.664157903862902e-07	3.963351520967523e-06	4.880136146161118e-06
-0.2157115304980186	-2.2263847568173277e-06	-7.718715939849863e-07	3.6359610679982892e-06	4.883593555703686e-06
-0.21571158365162518	-2.2071833627602826e-06	-6.882057458722756e-07	3.365204683259715e-06	4.462110162243286e-06
-0.21571163850625022	-2.1839755291756054e-06	-6.076624539252584e-07	3.1029228226425706e-06	3.866377241741405e-06
-0.21571169269560883	-2.1544385518344467e-06	-5.335256949981467e-07	2.851980837432528e-06	3.281723661554032e-06
-0.2157117482439124	-2.1221800048251105e-06	-4.627969659072132e-07	2.612199487087417e-06	2.8156623968108227e-06
-0.2157117987458073	-2.089272858552541e-06	-4.028360978767497e-07	2.4044314546640736e-06	2.347296188290802e-06
-0.2157118525485797	-2.052919083741366e-06	-3.432665580747768e-07	2.1980954470389532e-06	1.9721889273514794e-06
-0.2157119013391794	-2.0162005815796176e-06	-2.928894376162307e-07	2.017888882700862e-06	1.5726024219743363e-06
-0.2157119532147272	-1.977291474939317e-06	-2.429342082906148e-07	1.8416041921329734e-06	1.2703358578485376e-06
-0.21571200210470412	-1.936783715015516e-06	-1.9909492613279898e-07	1.680597085436303e-06	9.200247177880628e-07
-0.21571204996154142	-1.8952462067854073e-06	-1.5914246363693116e-07	1.530993984934625e-06	6.536160703746385e-07
-0.21571209679564524	-1.8543463547910699e-06	-1.2272859931237568e-07	1.3952413911914814e-06	4.173137221286616e-07
-0.2157121425927916	-1.812145171171067e-06	-8.95880239679325e-08	1.2679773036804257e-06	1.7224894285026914e-07
-0.215712186249041	-1.6715001863936184e-06	-6.187417842261088e-08	9.348370546521411e-07	-3.531654690434573e-08
-0.2157122270331056	-1.736076710003198e-06	-3.8215078461415216e-08	1.0606409315339126e-06	2.1387603226855254e-06
-0.2157122709075209	-1.6188795624522737e-06	-1.357566034598829e-08	7.948483254113879e-07	-2.9518706404857377e-07
-0.2157123102073642	-1.6606078937602434e-06	6.42661338461483e-09	8.851100114536947e-07	1.278624280746413e-06
-0.21571235222630075	-1.5569513170194796e-06	2.6937847948192382e-08	6.63434162524181e-07	-6.505219602533941e-07
-0.21571238983706167	-1.5803919404613858e-06	4.3498922880008224e-08	7.257476282348582e-07	6.221713811056081e-07
-0.21571243387936526	-2.2177102927073483e-06	6.060350778563329e-08	1.0362783169812363e-06	-8.84219553014248e-07
-0.21571247168464852	-1.3721532718537268e-06	7.036605990175266e-08	3.07933296650072e-07	-1.4627451641386342e-06
-0.21571250720968882	-1.475849814660173e-06	8.089142818356564e-08	5.593909879816837e-07	2.0089670936305785e-06
-0.21571254312463062	-1.3925898365514583e-06	9.294878557331454e-08	4.051459533101681e-07	-1.210415837638335e-06
-0.21571257692228252	-1.3168095773094173e-06	1.0112609179266251e-07	2.7059683417524906e-07	-2.936514645437955e-07
-0.21571261039852405	-1.363657182546663e-06	1.0943198807328135e-07	4.07572992097564e-07	5.999445019410374e-07
-0.21571264236385787	-1.296967054126438e-06	1.1787549894364679e-07	2.9687982135280466e-07	-1.3496024304138225e-06
-0.21571267518911472	-1.2333846678391256e-06	1.2407223712069895e-07	1.9845323653978646e-07	-7.303628454333103e-07
-0.21571270533636114	-1.1814980049596146e-06	1.2796220006259317e-07	1.257419411691886e-07	-1.4494211514548518e-07
-0.215712735333461	-1.2210339792498827e-06	1.3257303300642455e-07	2.548374651781193e-07	2.869111827240792e-07
-0.21571276517766141	-1.164631434296108e-06	1.3793599163125402e-07	1.7522866384400918e-07	-1.4234069511413356e-06
-0.2157127936617933	-1.1182513209693373e-06	1.4144386069800682e-07	1.1903628159767984e-07	-1.0025195010558627e-06
-0.21571282110710086	-1.0799476282400422e-06	1.4383009772472877e-07	8.151716972705479e-08	-7.380951886780347e-07
-0.21571284765681759	-1.045960271422225e-06	1.4542821672426247e-07	5.4113744921299144e-08	-6.156035128129516e-07
-0.21571287339896342	-1.0151266902479806e-06	1.464441095663891e-07	3.405260634513069e-08	-5.614548121270334e-07
-0.21571289741900584	-9.88052368596818e-07	1.4702685712831643e-07	2.0582217964982386e-08	-5.562586219557011e-07
-0.21571292273978065	-9.611218888530327e-07	1.4737063545523704e-07	1.1409894567912318e-08	-5.928825128215676e-07
-0.21571294645392874	-9.372762374576564e-07	1.4754171638787755e-07	7.165935637491405e-09	-6.752561733501147e-07
-0.21571296868018752	-9.160532503465784e-07	1.4765717432522858e-07	6.794622289637076e-09	-7.944714544523972e-07
-0.21571299218002885	-8.926225141528539e-07	1.477676874159283e-07	5.4672148900690665e-09	-9.452071217687101e-07
-0.21571301416673438	-8.675033611142988e-07	1.4776848243364937e-07	-1.4689898240738312e-09	-1.0982664059465167e-06
-0.21571303467612066	-8.427163682239006e-07	1.4759304375189022e-07	-9.62967925931521e-09	-1.1813085151739318e-06
-0.2157130562187179	-8.154958608452985e-07	1.4717345030254387e-07	-1.9376245817603826e-08	-1.236550140443626e-06
-0.21571307624488792	-7.876115290231332e-07	1.4648650305059532e-07	-3.267807573949518e-08	-1.2752460728904755e-06
-0.21571309558216395	-7.605103804951017e-07	1.4548391291396666e-07	-4.453672996046007e-08	-1.2568667203902515e-06
-0.215713113519937	-7.353958023948325e-07	1.4426526563118098e-07	-5.428884614001143e-08	-1.2369666065605388e-06
-0.21571313157256058	-7.098773371440911e-07	1.4276174691612637e-07	-6.348016333160407e-08	-1.2210290427342612e-06
-0.2157131496809346	-6.841096445230594e-07	1.4097179567653254e-07	-7.190383850527135e-08	-1.2014556512034237e-06
-0.21571317888986055	1.4367794542129416e-05	1.3987505201155464e-07	-4.6911338090595605e-05	-1.1798968669368834e-06
-0.21571352730211743	-2.7464967331419745e-05	8.804795166949169e-07	5.88330964719695e-05	0.0005313770401406842
-0.21571376856572413	6.587570661450692e-06	1.379341503705532e-06	-1.5444396259798032e-05	-0.0006520428801207491
-0.21571368600708302	3.2722323767461746e-07	1.1786901909486591e-06	-1.302997542079084e-06	9.562219438183988e-05
-0.21571365832515454	2.040622132733564e-06	1.1081291766065872e-06	-4.686235497278715e-06	-4.305219240589707e-05
-0.21571360388372568	2.262506717403249e-06	9.877247061624124e-07	-4.844618088068597e-06	-5.514300124398534e-06
-0.21571355127075548	1.7782066605207141e-06	8.7961608971058e-07	-3.466110904108931e-06	1.0543497642173926e-06
-0.21571350458885416	1.9581528809916315e-06	7.915757497233548e-07	-3.5879771804677274e-06	-8.958585772714363e-06
-0.21571345752423443	1.9464329531140057e-06	7.082029696989285e-07	-3.3273570154254474e-06	-4.1981249379542654e-06
-0.21571340753368	1.9020005517030894e-06	6.260614106831437e-07	-3.0035209131860636e-06	-3.5315745420240138e-06
-0.21571336029760949	1.8815805472325442e-06	5.541256690873853e-07	-2.766143003415894e-06	-3.5571592794380547e-06
-0.21571331356278708	1.8600619590134225e-06	4.878133089994429e-07	-2.548899284705824e-06	-3.0798004293804257e-06
-0.2157132674225307	1.8339221060106517e-06	4.267883413584311e-07	-2.342285994114052e-06	-2.5991793014524763e-06
-0.21571322198318477	1.804861240987069e-06	3.707865306303419e-07	-2.148349327368753e-06	-2.203348200190258e-06
-0.21571317904192278	1.7765316014863176e-06	3.213725109712798e-07	-1.977717365747145e-06	-1.8633004457596533e-06
-0.21571313329199454	1.7453079238922913e-06	2.7224896097715495e-07	-1.8084270804992242e-06	-1.5375554307232846e-06
-0.21571309011902615	1.7114239024048228e-06	2.2908263183407758e-07	-1.6522221115690567e-06	-1.1874641961465013e-06
-0.21571304778626985	1.6778639314323843e-06	1.896326548308279e-07	-1.510200032020676e-06	-9.357933428837986e-07
