0.0	0.5	5.50.4	0.01
0.0	0.0	0.0	0.0	0.0
0.0004261604964703458	0.03405663921033641	-0.10132506971246955	-0.10598661025877465	-0.0
0.0004616356864165644	0.03547494332742184	-0.10143548273395649	-0.11041302207122328	5.2
-0.0005852988122965891	-0.1483898929609881	-0.10032621518318974	0.2604326334275666	5.2
-0.0061784904841546	-0.26370620171970044	-0.09020145740194997	0.4804475621501975	2.477113420741667
-0.012374433221450397	-0.2215113450435376	-0.07942690085447446	0.36029585313391843	-0.2113083310268422
-0.017953766338527764	-0.22624690610842157	-0.070653487829824	0.34612301124603423	0.594444906164532
-0.02359041621017198	-0.22438601086924753	-0.06233144374048293	0.32030186481394934	0.3857320408530249
-0.029148433700055827	-0.22057732047119427	-0.05469088015646657	0.2928255882157617	0.3116762646181792
-0.034617049933470284	-0.2173131193738453	-0.04769292780221615	0.2689369021139965	0.28025513599498675
-0.04000321357369094	-0.21391620656690083	-0.04126513854967804	0.24695217655030155	0.23564640026910455
-0.045300081155391414	-0.21020049725380516	-0.03537002274477663	0.22628222556715122	0.19243140697342875
-0.05050361430012687	-0.20640647854104116	-0.029968305699916906	0.20728582898220166	0.15547034733985798
-0.05561003241663085	-0.2024192104253945	-0.02502419444890186	0.18955513133996843	0.11961994187594849
-0.060614427171624	-0.1982718354374931	-0.0205081208425221	0.17301774154041008	0.0878541536883648
-0.06551532256452207	-0.1941018795412887	-0.016386482534307883	0.1578406541083383	0.05992699913322319
-0.07012081783258145	-0.18992006809914463	-0.01277394374803878	0.14404281165103697	0.03286487810604921
-0.07481366105874941	-0.1857358653772958	-0.009342067711999462	0.13129301299098392	0.012177395413363268
-0.07948194292751017	-0.17174420224560524	-0.006319305054504421	0.09795005921483359	-0.013854875787661314
-0.08368333779448492	-0.17838550950356352	-0.003815698378599243	0.11091039089196444	0.19198354268330053
-0.08785151702769103	-0.16712757273458784	-0.0014136160049892414	0.08539684545968002	-0.06213090371825203
-0.09236399349837414	-0.1688191293520956	0.0008887734702734962	0.08899504247498291	0.087048926456472
-0.09630771445376274	-0.1588462214431416	0.002793880914864555	0.06769390734211102	-0.06436807931055899
-0.10046353741830569	-0.1614938902838013	0.004625954009682368	0.07474129631721278	0.06110772189889058
-0.10438977865447926	-0.15203638206430692	0.006272735836001849	0.05577154305955864	-0.1072514462757691
-0.10818961564198121	-0.15244391106240407	0.007693125726509184	0.058928341708165084	0.0028902590989483556
-0.11175266883035123	-0.14442601248076284	0.008929408906383513	0.04393930431193812	-0.10780087142393902
-0.11525772122472219	-0.13647590735191184	0.00983538936645728	0.02955808873809768	-0.021402461001764794
-0.1188631302758844	-0.14152644430104733	0.010775234351150608	0.044111547996443436	0.07358092505692382
-0.12216934110299811	-0.13436398467762412	0.011678885463265573	0.031911475219475974	-0.13588553087373545
-0.12544473995015445	-0.1280603146602285	0.012343489733094001	0.021997332262894433	-0.06496992980488281
-0.12869494839231768	-0.12229754954534029	0.012798519983210873	0.013616820923926685	-0.007297317738747644
-0.1318069239334047	-0.12695949725890818	0.013313351409408234	0.028083583531804058	0.043683511951080445
-0.13479152269284328	-0.12176547541537754	0.013903245702854183	0.020946055293426188	-0.1462495376612052
-0.1377740556569091	-0.11712248351372143	0.014351282154213343	0.015363073823572463	-0.11489750647400454
-0.14076046335055326	-0.11285002394390994	0.014687950216308088	0.010910201822673294	-0.09381253192035524
-0.14353318969008258	-0.10918001439043361	0.014916790967937025	0.007681548206960697	-0.0799947436877636
-0.14621897202334555	-0.10586992716327982	0.015076327348360681	0.00530563760718785	-0.07326375963895254
-0.14882606953723676	-0.10286488942335162	0.015185990999594263	0.0036426437744604204	-0.07217957898619413
-0.15126139761973703	-0.100226336883405	0.015259540047515188	0.0026148897217126155	-0.07618747045067835
-0.15383138423950657	-0.0976040223098817	0.015318657330353789	0.0020418207518580617	-0.08447640893951433
-0.15624096408024177	-0.09528633960689234	0.015367685708300095	0.0019551580039391817	-0.09813645369242667
-0.15859495111108488	-0.09314403642545639	0.015419909903446778	0.002269444882601431	-0.11577664734315075
-0.16079211793366108	-0.09007743996647392	0.015450706387265319	0.0003699654364557614	-0.13780471086839494
-0.16300434931886995	-0.08703782573267518	0.015438279378745734	-0.0012660356958103152	-0.1351068705691103
-0.1652266538614196	-0.08398324911387837	0.015386445810595516	-0.002744237319215091	-0.13366663775298904
-0.16728883208522297	-0.08111075346827305	0.01530083745090375	-0.004046272895062466	-0.13252852386887876
-0.16920201131592688	-0.0784347020456299	0.015189962507600884	-0.005147971621091942	-0.13082933165044497
-0.17120307104470817	-0.07560496723776725	0.015041484011569043	-0.0062331039862990115	-0.12921957528530315
-0.17305894080912754	-0.07297222884702562	0.014873987305599268	-0.007134553466702873	-0.1270557905395015
-0.1748499610641316	-0.07041232606002396	0.014685341164808406	-0.0079341556810529	-0.12506054245874115
-0.17651002313096728	-0.06802612841159646	0.01448663451804277	-0.008605891549934448	-0.12288966473440296
-0.17824467098698318	-0.06550728133199842	0.014254144014675806	-0.009261285903717381	-0.12073530417899708
-0.17978886178973635	-0.06326891914545428	0.014025920412578179	-0.009748090847951373	-0.11806473294349418
-0.18140187719223055	-0.06090054512559074	0.013766092035136877	-0.010234042079136913	-0.11592237532917934
-0.18289591624012638	-0.058708874836567226	0.013505719877205166	-0.010598242695660507	-0.11314206162673698
-0.18433599951972654	-0.0565798225215347	0.013236962241383071	-0.010911236322323803	-0.11074606654178981
-0.18566919772724919	-0.054600269760336786	0.012972281930699868	-0.011153987614219879	-0.10818953691891836
-0.1870606288666919	-0.05251268262967251	0.012679367964716673	-0.011386492930463078	-0.10573646625808675
-0.1883485436904851	-0.050591930785119504	0.012393382602373238	-0.011514529823896448	-0.10278550410614284
-0.18958906366585804	-0.048719829263356364	0.012104349738618275	-0.01162948820836771	-0.1004238391206892
-0.19078359905720121	-0.046911392840080175	0.011813009780597922	-0.011699326771692563	-0.09774528396520274
-0.1919337218831816	-0.0451640550032152	0.01152043947243524	-0.011730253088360138	-0.09511749815143955
-0.19304105206096694	-0.043480334779787584	0.01122781086505138	-0.011716954946079166	-0.09252740401996917
-0.1941068207075015	-0.04184167425768646	0.010935441644242093	-0.011700100300997785	-0.09008783605655332
-0.1951324194476707	-0.04026502065532235	0.010644004139862596	-0.011642339880797435	-0.087391038520121
-0.19611931946696998	-0.03874306980211698	0.010354352973541574	-0.011559248087900875	-0.08486003274529283
-0.19706897293541573	-0.03727823207236283	0.010067315743763216	-0.011444823428380112	-0.08237644211285527
-0.19798246801807012	-0.03585308197351509	0.009782941906195115	-0.01133642280936791	-0.08004617256696364
-0.1988610510127576	-0.03448382733922604	0.009501649933202754	-0.011197575064193215	-0.07748531140784187
-0.19967287966924294	-0.033217352836996256	0.009235090466387022	-0.011044647631578622	-0.07509752800125524
-0.2004866624548862	-0.03193491246243667	0.008961180540393679	-0.010892670794936637	-0.07290639094587342
-0.2012690415324377	-0.03070440016901127	0.008691357371721905	-0.010715381391371402	-0.07045029115344412
-0.20205111473522713	-0.029501644282205024	0.008416379950512237	-0.010426357337682546	-0.06817516723846204
-0.20274447715340863	-0.02833820192705101	0.008165839499554638	-0.010412538627750925	-0.06697207803025676
-0.20346630626518328	-0.02723308826331007	0.00789923729121713	-0.010114182237437647	-0.06295003102185229
-0.20410737281669505	-0.026224845622449523	0.007659590633867131	-0.00989186928092809	-0.061599571462775726
-0.20477485318497424	-0.02515436490359861	0.007405543126374426	-0.009686911832014007	-0.05986495108139589
-0.205390982827416	-0.024171432620842037	0.007166478600128099	-0.009468452842352093	-0.05761878742280635
-0.20598301623732573	-0.023224483153182155	0.006932917237700442	-0.009248069946227112	-0.05568152206801538
-0.20652950733597744	-0.02234917497811708	0.006713883933606747	-0.00903322470537906	-0.05378925176973817
-0.2070981784853227	-0.021427664746824723	0.006482164501703407	-0.00881821891095663	-0.05203606379807814
-0.20762299651877508	-0.02058779753216879	0.006265008061692102	-0.008583280301268988	-0.04998199913054578
-0.2081272569563541	-0.01977773104997436	0.006053776897484024	-0.008352768285827724	-0.04834547013102744
-0.20861155298769013	-0.018991438428276577	0.005848051770968045	-0.008138041028742484	-0.04673197757583285
-0.20907660574955542	-0.018237453912683776	0.005647739265325967	-0.007918608380275794	-0.04500838964283274
-0.2095232242691945	-0.01751396694623691	0.005452983091829621	-0.007696652412542957	-0.04338922831534009
-0.2099520060886685	-0.016812625850207576	0.005263507791363582	-0.007488723856669257	-0.04186466468837226
-0.21036368817288909	-0.01614367605583027	0.005079387184065971	-0.00727062428935119	-0.04025431160787332
-0.21074342419296055	-0.015523646754596436	0.004907612008653612	-0.007068294762697003	-0.03881947758858138
-0.21113827660527437	-0.014872643350386888	0.004726790918829727	-0.006863481038464786	-0.037436456573322646
-0.21148823559848168	-0.014308828994894471	0.004565017885350651	-0.006646597296819614	-0.0358572851909507
-0.21185219605888236	-0.013706469239335273	0.004395131223540869	-0.006449342216787398	-0.03477182442367967
-0.21217458478734996	-0.013179054382670903	0.00424292997100018	-0.006254877597218555	-0.033288390036038895
-0.21250983464847265	-0.012626570044867218	0.0040832255441486795	-0.006055665694057609	-0.032114889560169044
-0.21280687737699683	-0.012142388485159855	0.003940519157633427	-0.005862467156384311	-0.03081094212858758
-0.21311569468574565	-0.01162849328329003	0.0037907915663062605	-0.005679411801691329	-0.029785809565969462
-0.2134003457738338	-0.011159892226592794	0.003651371253677224	-0.00549451307450089	-0.02848387467732076
-0.21367355080634057	-0.010710545705952602	0.0035165794019641197	-0.005312061940820367	-0.027398481077198
-0.21392542375103613	-0.010293800978993765	0.003391313978124468	-0.005145494066629512	-0.02637331581353626
-0.21417732479813525	-0.009873999957402634	0.003264921931464843	-0.004981616951841139	-0.025373868790139517
-0.2144284934811352	-0.009459761857807713	0.003137956668748317	-0.004805099526446299	-0.024303400650143303
-0.2146601582831647	-0.00907731895638678	0.003020322352325528	-0.004640580357854052	-0.023337567278147342
-0.21487365600549665	-0.008725116819633637	0.002911059365914934	-0.004485052182011757	-0.022446446765154143
-0.21509550414380296	-0.0083521367252088	0.002796612472994402	-0.004335847019109696	-0.021634415362795617
-0.2152919264685341	-0.00802842517653167	0.0026945164293376823	-0.004186848238263057	-0.020625714796057577
-0.21549607317003086	-0.007686726895540868	0.0025877488393275423	-0.004041123519963999	-0.019878938529276538
-0.21568422825409697	-0.00737624799786691	0.0024887395628681534	-0.0038948804729112075	-0.018982781388470732
-0.21586479858087707	-0.007077734433050363	0.002393360868702387	-0.003754065962781428	-0.01825807853223612
-0.2160380143534744	-0.006788317857208992	0.0023013408241106714	-0.003623832773253993	-0.017554946805336785
-0.21619766441559116	-0.0065239501596922244	0.002216084336303196	-0.00349698590412864	-0.01680988018883106
-0.21636353314264903	-0.00624411990833871	0.0021269303888406177	-0.0033747299992941708	-0.016177254987560147
-0.21651638412874633	-0.0059918671959303844	0.0020443216127208233	-0.0032482817389510835	-0.015397863658935904
-0.21665728903045586	-0.005757801953886849	0.0019678957535747697	-0.003134001358733093	-0.0148055728508859
-0.21680368482383708	-0.005511309199202103	0.00188803851070469	-0.003021168997761428	-0.014225627789127573
-0.21693332534495585	-0.005298573801402581	0.0018170494280654436	-0.0029081515228658677	-0.013543465389474853
-0.21706805376498334	-0.005071750700025998	0.0017429809042632755	-0.002802322210576558	-0.013065360717999137
-0.21719219663933204	-0.004866057462516126	0.0016743943505533377	-0.0026965957442109186	-0.012435948012557506
-0.21730662806684123	-0.00467605685930763	0.0016109770482301928	-0.0025993692457586836	-0.011927857612549504
-0.2174255220602873	-0.0044760065198976105	0.0015447760835356835	-0.0025033305979168794	-0.011449467630126976
-0.21753508011552136	-0.004294763241002242	0.0014835124068605528	-0.002407379601503385	-0.010887750024340982
-0.21764019621860542	-0.00412014767723328	0.0014245868252321622	-0.002316475843474004	-0.010436947587745965
-0.21774153134351357	-0.00399485531831421	0.0013689700985758508	-0.0021361066467241894	-0.009986498577401255
-0.2178355089088322	-0.0038389592530434185	0.0013188255867314749	-0.0020575689954732196	-0.010571935765405625
-0.21793303483110302	-0.0036682776638906657	0.001266265377175455	-0.0019938302589139647	-0.0102563439748392
-0.21801926806659355	-0.0035234526385218108	0.0012193432454788743	-0.001922640188711998	-0.009723509958140471
-0.21810883255498736	-0.0033709384953877	0.0011703717380177384	-0.0018521681438183688	-0.009389371302760591
-0.21818807061899448	-0.0032370712663629866	0.0011267881327907494	-0.001786422293497631	-0.008998073256982372
-0.21827033650784777	-0.003095843845459599	0.0010812632854772586	-0.0017219796369425963	-0.008677917925761554
-0.21834607783807508	-0.002967801048563761	0.0010391046269568928	-0.001657297141130048	-0.00829566305025057
-0.21841587459002856	-0.002856200245629405	0.001000188394241611	-0.0015731325270141555	-0.007990554768073636
-0.2184881274118636	-0.002710573410428073	0.0009591368488235388	-0.0015703959376533664	-0.007995899591492172
-0.21855458283355486	-0.0026116307296717993	0.0009210145276671376	-0.001481044161290875	-0.007025086008586909
-0.2186185062740997	-0.002504724107861918	0.0008848393848074964	-0.0014212532960689423	-0.007051093692120702
-0.21867735670867822	-0.0024029118559485267	0.0008513752083891415	-0.0013729490049111158	-0.006826837120756012
-0.21873840700246455	-0.0022970030921162753	0.0008163933302540849	-0.0013226007303134817	-0.006544447629397598
-0.21879240523320959	-0.002205897764711545	0.000785324243326125	-0.001271854194195847	-0.006243565038637242
-0.2188484518007677	-0.0021085376357865442	0.0007529328643860918	-0.0012247036696812995	-0.006037677776399429
-0.21890003467395341	-0.002020795111630397	0.0007229824020739491	-0.0011766427742417535	-0.005761324325705371
-0.21894945490846188	-0.0019355362220889142	0.000694176059674988	-0.0011327080686689287	-0.005550554453720068
-0.2189949419032737	-0.001857587540426939	0.0006675520010746074	-0.0010906464152387338	-0.005322733775673825
-0.21904035685117132	-0.0017784676035310807	0.0006408280178758733	-0.0010509723120431787	-0.005126004783893813
-0.21908554473225875	-0.0017003171019499444	0.0006140853881987744	-0.0010097075216140665	-0.0049000288491845845
-0.21912713552828586	-0.0016292851829376662	0.0005893973001795537	-0.0009693881913134269	-0.004687970847237238
-0.21916541958559463	-0.001563310022953289	0.0005666108707169402	-0.0009332465570145566	-0.004514671411589628
-0.21920363872593857	-0.0014966413487672362	0.0005437532112666564	-0.000898530167461308	-0.004343029567291962
-0.21924166352785646	-0.0014306809694536028	0.000520896539537362	-0.0008627722855269356	-0.0041533138831355305
-0.21927665635236032	-0.0013707109856206316	0.0004998057024957828	-0.0008279750474635231	-0.003972845801344873
-0.21931017513073045	-0.0013126212875138594	0.0004795519341505656	-0.0007957904084079479	-0.0038245746626459475
-0.21934101474625864	-0.0012592095276022356	0.0004608487456016397	-0.000765822077329664	-0.003668923258537427
-0.21937180414643945	-0.0012056436014308968	0.00044211350138451095	-0.0007361641922199366	-0.003526935108001181
-0.2194024327049259	-0.0011521243183795346	0.0004233919212633891	-0.0007068676853077159	-0.00338021098472846
-0.21943060755175908	-0.001103465337167652	0.00040611118455000295	-0.0006784182009228999	-0.0032289058069854253
-0.21945759244431806	-0.0010566869791951675	0.00038952764809875335	-0.0006513619559439135	-0.0031032052319080114
-0.21948342714665836	-0.0010115277603090678	0.00037359345707783204	-0.0006260531838079421	-0.002979811910146372
-0.2195081592936709	-0.0009684384792563934	0.00035828333223429507	-0.000601295965719717	-0.002853367115343697
-0.21953091644594674	-0.0009291333000903339	0.00034417010277743324	-0.0005776113861544105	-0.002735741804252982
-0.21955451416021704	-0.0008873575796415538	0.00032947648552523063	-0.000555071720082972	-0.0026361432905311413
-0.2195762115823315	-0.0008496958702328985	0.0003159089935946029	-0.0005325045583618902	-0.0025095847987605105
-0.21959699905028496	-0.0008136645462011649	0.0003029125232916618	-0.0005109598753181383	-0.002410214029424094
-0.2196161083638732	-0.0007800610125040052	0.0002909051370254512	-0.000491495697209179	-0.002313713740971138
-0.2196359241804966	-0.00074524733884383	0.00027841632062016955	-0.00047136696249808267	-0.002220766371126927
-0.21965343137495993	-0.0007147616617064012	0.00026734692895237836	-0.0004528510603305211	-0.002121542030789218
-0.2196715862333794	-0.0006827547395726378	0.0002558373806609076	-0.0004343850115242644	-0.002040176599724118
-0.21968827956124945	-0.0006536628957448168	0.0002452227010897286	-0.00041654015562892806	-0.0019470376944549159
-0.21970426021466172	-0.0006256693111237522	0.00023504186965163186	-0.0003996750939075481	-0.0018692354634557299
-0.21971955768215806	-0.0005989044361280808	0.00022527665879245416	-0.0003833654066937965	-0.0017918391060520854
-0.21973362810877003	-0.0005743358332060515	0.00021627976200347634	-0.00036817345392864127	-0.001718810844200942
-0.21974821073385264	-0.0005482650153912804	0.00020691442656043023	-0.0003536331084008679	-0.0016531462486526066
-0.2197616181116454	-0.0005250244806523893	0.00019828146582496188	-0.00033857629445194454	-0.0015709253294650168
-0.21977445217810612	-0.0005023968940249065	0.0001900057618062614	-0.0003249301922092016	-0.0015120929598346497
-0.21978625551230663	-0.0004818052006368466	0.00018238286818622395	-0.000311836339348984	-0.0014474178458017814
-0.2197980283894471	-0.0004607670225739296	0.00017475155053633975	-0.0002997806156606854	-0.0013932203825188687
-0.21980928991756699	-0.00044091899500591994	0.0001674217592917698	-0.0002875528443022557	-0.001327600763463532
-0.21982048881976984	-0.00042120792805432983	0.00016011889182734	-0.0002752748233532525	-0.001270880779318479
-0.21983078714463228	-0.00040323143929182095	0.0001533971579567929	-0.0002636121873900882	-0.0012152143408720047
-0.21984064393873007	-0.00038584958798172604	0.00014695620505765866	-0.0002527901409757079	-0.0011677367616899081
-0.21985007792852415	-0.00036929936271657153	0.00014078465737837884	-0.00024219939502602105	-0.0011185265273582984
-0.21985910465193723	-0.00035329550862717217	0.0001348663298602527	-0.00023238034565875484	-0.0010736544573344852
-0.21986740389935552	-0.00033872488803649806	0.00012941494715366125	-0.0002229928702415229	-0.0010269626199061205
-0.21987568079038486	-0.0003239171787025641	0.0001239611493992488	-0.00021418015780887498	-0.000987429273328289
-0.21988359757580458	-0.0003099193330814077	0.0001187270015517169	-0.0002053330302552999	-0.0009416121823335876
-0.21989146775864246	-0.00029595382732302183	0.00011351176938854185	-0.0001966044164969339	-0.0009014418051687565
-0.21989870521201754	-0.00028336850850042676	0.00010871669784292969	-0.00018799335153579013	-0.0008603651192663699
-0.21990563033103297	-0.00027101533238683766	0.00010430232341817473	-0.00018063230400038396	-0.0008287831684979322
-0.21991199260335406	-0.0002595278773631573	9.98821644813759e-05	-0.00017368294570506033	-0.0007974068291205167
-0.21991833642024214	-0.00024842969060083	9.564049281829679e-05	-0.00016616218431334003	-0.0007540059200792826
-0.21992465254794652	-0.00024018601541186006	9.142928082553279e-05	-0.00014534688750505458	-0.0007245074279275576
-0.21993035354830123	-0.00021906097247906454	8.73351099217882e-05	-0.00016973434928395866	-0.000857686988077888
-0.21993555677183385	-0.0002166831128539044	8.347885546123427e-05	-0.00014823073662230185	-0.000471152049371067
-0.21994089982038645	-0.00021028667893914022	7.995928534160859e-05	-0.0001356278302859742	-0.000589864128440633
-0.21994603201593696	-0.00020032350811113783	7.662844940367227e-05	-0.00013196147347216706	-0.0006322911928119841
-0.2199511125871702	-0.0001909052566673164	7.326243188981073e-05	-0.00012721519591063802	-0.0005874047927582912
-0.21995578320627748	-0.00018295891671448583	7.016421834330497e-05	-0.00012127119751063103	-0.0005516499185884214
-0.21996008006785744	-0.00017533644073277385	6.731780511406425e-05	-0.00011648124710414605	-0.0005351194606914925
-0.2199645311164398	-0.0001673211676399143	6.435647990483163e-05	-0.0001117452426534186	-0.0005130564691970723
-0.21996846147375176	-0.00016045517174845665	6.173558236772795e-05	-0.00010707809224037996	-0.0004873306375287095
-0.2199723825015558	-0.00015346858140926332	5.9118237094023036e-05	-0.00010270727943992882	-0.0004694384609890043
-0.21997627995356742	-0.00014655578559589756	5.651089879762909e-05	-9.827257828375324e-05	-0.0004485330235907768
-0.21997972272844402	-0.0001405315130003847	5.420674629864725e-05	-9.416445769516138e-05	-0.0004284740458305662
-0.2199831567373074	-0.0001343881234418141	5.190508799946322e-05	-9.03465771938724e-05	-0.00041272813037284166
-0.21998644096953388	-0.0001285534468809027	4.969761343153154e-05	-8.658645114452231e-05	-0.00039398915846257094
-0.21998958325283605	-0.00012300372858371872	4.7583518171877715e-05	-8.29055818537866e-05	-0.0003769548971913673
-0.21999258955134485	-0.00011766566127054262	4.555866692179529e-05	-7.943495627661615e-05	-0.00036146007231675726
-0.21999546494787123	-0.00011254014564679202	4.361771635291835e-05	-7.614440407652576e-05	-0.0003460309704020109
-0.2199983227689178	-0.000107452998624314	4.168489747934007e-05	-7.284511627977758e-05	-0.0003308075218157135
-0.2200009496696128	-0.00010283186736566126	3.9907477302476056e-05	-6.968422130191088e-05	-0.0003158356018652061
-0.22000336434179352	-9.853390403822407e-05	3.827206229767161e-05	-6.688010835080359e-05	-0.0003033949410455427
-0.22000586573802058	-9.403123224363148e-05	3.6572991507513566e-05	-6.407116565737899e-05	-0.0002908517031893771
-0.22000807430369604	-9.015299980308243e-05	3.507063151377642e-05	-6.136900492461131e-05	-0.00027666185508783635
-0.22001036366819673	-8.606423710270971e-05	3.3513300646195225e-05	-5.871336599334062e-05	-0.00026636506006811743
-0.22001238471459778	-8.248056897433203e-05	3.213581930146382e-05	-5.630291498472271e-05	-0.000254193472316371
-0.22001447863771623	-7.871385191575496e-05	3.070584176530688e-05	-5.391411124201371e-05	-0.00024403381326178176
-0.22001640267871223	-7.531923797555808e-05	2.9390106325725102e-05	-5.156616780341946e-05	-0.00023226720020400754
-0.22001817140727747	-7.217920979210105e-05	2.818045626486194e-05	-4.944651947622082e-05	-0.00022298325182581178
-0.22002000414499062	-6.889276531772314e-05	2.6925505060821694e-05	-4.731536285663488e-05	-0.00021405123220038787
-0.2200216896729585	-6.613062506123353e-05	2.5772302518871048e-05	-4.51363324259525e-05	-0.00020406267735937201
-0.22002323760867348	-6.31224660565468e-05	2.4709053651463707e-05	-4.348604066327366e-05	-0.00019607078370913536
-0.2200247803676735	-6.038536414183544e-05	2.3647590290663482e-05	-4.1609199553508254e-05	-0.0001870714743665632
-0.22002631334904055	-5.762757363131973e-05	2.259104401767924e-05	-3.982136747638142e-05	-0.00017933449193136756
-0.22002772213900162	-5.5147170643785485e-05	2.1619829844280018e-05	-3.805692621360422e-05	-0.00017077372405856976
-0.2200290169900439	-5.2833203168393215e-05	2.072689652801353e-05	-3.6507156358997196e-05	-0.00016416851224149078
-0.2200303580872332	-5.040806747658245e-05	1.9799655500691187e-05	-3.495777237992293e-05	-0.00015734411423948714
-0.22003159057350455	-4.824623825559658e-05	1.8947558951864858e-05	-3.33849681416484e-05	-0.0001495974273428529
-0.220032723274278	-4.621172111281858e-05	1.8164067984702267e-05	-3.204127910590476e-05	-0.00014403867941560687
-0.22003385229951322	-4.4178901189148624e-05	1.7381232444159673e-05	-3.070727919576112e-05	-0.00013786006236438488
-0.22003493168265234	-4.2243830998114696e-05	1.6631063129038293e-05	-2.940871812759746e-05	-0.00013156981173072176
-0.22003596439143558	-4.0430458425634405e-05	1.591396211421595e-05	-2.808237552728408e-05	-0.00012538498082669702
-0.22003699054246534	-3.856183056241694e-05	1.5200590161000979e-05	-2.6907523975016718e-05	-0.00012104332432635634
-0.22003793330499216	-3.6901916085174235e-05	1.4544663478931907e-05	-2.570083905524275e-05	-0.00011486943276799519
-0.22003879964485937	-3.534396770359039e-05	1.3941566588952409e-05	-2.4661297945200243e-05	-0.00011050565064157789
-0.22003962945196792	-3.385687378184429e-05	1.3362975355460824e-05	-2.365122704076625e-05	-0.00010576343109541326
-0.2200404884111119	-3.228240589629078e-05	1.2761480891548705e-05	-2.2676912193207347e-05	-0.00010133470217898392
-0.22004127743054866	-3.089454303543501e-05	1.2208248853432634e-05	-2.16517822640557e-05	-9.589909100772196e-05
-0.2200420325829724	-2.9557331246232424e-05	1.1680157944490738e-05	-2.069175623817097e-05	-9.223299331757395e-05
-0.22004275473005527	-2.8256922255214074e-05	1.1174795978670236e-05	-1.9819410298258776e-05	-8.856871355540424e-05
-0.22004344505461726	-2.701494730528551e-05	1.0690641046282966e-05	-1.898016043096547e-05	-8.457646694503575e-05
-0.22004413091007965	-2.5785040935956168e-05	1.0209054640844743e-05	-1.8135634922534228e-05	-8.077232600361956e-05
-0.22004476112867302	-2.4667531744579178e-05	9.7666728396643e-06	-1.7331355671909355e-05	-7.708231899496642e-05
-0.22004536390123494	-2.3586934445486695e-05	9.343630742218405e-06	-1.6587138701340946e-05	-7.399474045738499e-05
-0.22004594024375845	-2.255253208765721e-05	8.938711194651829e-06	-1.5876529367926168e-05	-7.078690884574211e-05
-0.22004649132047496	-2.1564292561323494e-05	8.55117019868677e-06	-1.5193813581572983e-05	-6.769362825622904e-05
-0.22004701824813838	-2.0619189898370646e-05	8.180301157710016e-06	-1.4540078329067399e-05	-6.475613793859963e-05
-0.2200475024312636	-1.9755870643087112e-05	7.839454645433484e-06	-1.3927346072934452e-05	-6.194593029501319e-05
-0.22004800515947934	-1.6676037703108696e-05	7.486541488486174e-06	-3.3854245368462214e-05	-5.948848398047699e-05
-0.22004862885174767	-3.11193339501574e-05	7.518235802670062e-06	1.6019850167952158e-05	0.00020807544605135064
-0.2200492112530199	-1.4995212167493784e-05	7.521806574991094e-06	-1.6877028158564118e-05	-0.00037169966052767316
-0.2200495260362459	-1.240576683366725e-05	6.999148014685772e-06	-2.0189329823495565e-05	-3.7146201328161255e-05
-0.2200498569005004	-1.507782645898536e-05	6.614064030042851e-06	-1.22010162326789e-05	1.567249054233602e-05
-0.22005024250267935	-1.4325660235318854e-05	6.312526078796541e-06	-1.1659425503907902e-05	-5.5285239837943366e-05
-0.22005058838171856	-1.3374215770194585e-05	6.020445337535402e-06	-1.1736042032273853e-05	-5.30227384752087e-05
-0.22005090178415465	-1.2788556225125729e-05	5.74531284256465e-06	-1.1179752991339971e-05	-4.420587240601485e-05
-0.2200512142426219	-1.2226722686637155e-05	5.473832814933301e-06	-1.0583615785104802e-05	-4.227730982082954e-05
-0.2200515243414731	-1.164039006058388e-05	5.206168080018327e-06	-1.0059459874130645e-05	-4.090515549403796e-05
-0.22005180848006384	-1.1104633617144377e-05	4.961295832183382e-06	-9.577501451879115e-06	-3.891373960113591e-05
-0.2200520794826664	-1.0590466775732204e-05	4.728018893124278e-06	-9.126115639585835e-06	-3.7120545722259805e-05
-0.22005233796274185	-1.0102305443022565e-05	4.505782839162786e-06	-8.69193106898974e-06	-3.53332643551485e-05
-0.22005258453467375	-9.637006370754826e-06	4.294125266013099e-06	-8.278316462124248e-06	-3.3675546120876174e-05
-0.22005281978955915	-9.19476743073666e-06	4.092618912453889e-06	-7.881459171604388e-06	-3.210070981912475e-05
-0.22005304426306604	-8.772543734703263e-06	3.9007975564765645e-06	-7.5048032395874454e-06	-3.063815441181375e-05
-0.22005325000596007	-8.383799792327633e-06	3.7251681558665458e-06	-7.164296504189082e-06	-2.923928622916657e-05
-0.22005346251570534	-7.976110565151643e-06	3.543651818682305e-06	-6.8264841409104845e-06	-2.7914371114188334e-05
-0.22005365732649562	-7.616976211417692e-06	3.3776816504758673e-06	-6.486182483046096e-06	-2.6394426263576877e-05
-0.22005383594850145	-7.278545623434921e-06	3.2258312804559947e-06	-6.195294168137469e-06	-2.5336845835319296e-05
-0.22005402045773606	-6.925878759457277e-06	3.06887931651424e-06	-5.901905284620607e-06	-2.4159756456256572e-05
-0.22005418294557952	-6.624947777159776e-06	2.9308553463484446e-06	-5.623240325928642e-06	-2.2864189649840337e-05
-0.22005435091918357	-6.305705598544129e-06	2.7884553937917208e-06	-5.35406689085199e-06	-2.194156957901225e-05
-0.22005450492534057	-6.021283191267967e-06	2.6582466879494073e-06	-5.090224746326315e-06	-2.0801723097670804e-05
-0.22005464615337517	-5.755145330220245e-06	2.539112057851108e-06	-4.860780793255366e-06	-1.9948137445145562e-05
-0.22005479206347886	-5.4768393281288415e-06	2.4159845553000545e-06	-4.631347921800497e-06	-1.904577487162836e-05
-0.2200549205471693	-5.238217386387498e-06	2.3076376702333675e-06	-4.415676379417641e-06	-1.8031088735731305e-05
-0.22005505340246487	-4.987782562436845e-06	2.1958874677738916e-06	-4.201652551937906e-06	-1.7281815298028423e-05
-0.22005517515990447	-4.759674180105093e-06	2.0935549857779674e-06	-4.00289799364241e-06	-1.642464765424427e-05
-0.22005529208651273	-4.811303049296482e-06	1.9964480039477335e-06	-3.6344375858703075e-06	-1.5668834935493668e-05
-0.22005539935307025	-4.317995819064119e-06	1.9064505947758883e-06	-3.6943659749634493e-06	-1.5509338550756213e-05
-0.22005550909977964	-4.134447035537097e-06	1.813398886561101e-06	-3.4667065578967196e-06	-1.3712414989682585e-05
-0.22005560617841244	-3.959229357497145e-06	1.7324377084761264e-06	-3.2962363959100356e-06	-1.3496524879970895e-05
-0.2200557027899775	-3.774996702945079e-06	1.6520275658347475e-06	-3.1487250802087703e-06	-1.3041805808371444e-05
-0.22005579850527096	-3.5939701548880126e-06	1.5722249144847173e-06	-2.999284545086338e-06	-1.236500570852938e-05
-0.22005588285470015	-3.439724858841763e-06	1.5020907873917618e-06	-2.8565884024141834e-06	-1.1722008523960875e-05
-0.220055966818477	-3.281724715938783e-06	1.4324629716009446e-06	-2.7248681608326064e-06	-1.127760402441386e-05
-0.22005604063597448	-3.1431014870254915e-06	1.3712021496422798e-06	-2.608523581380753e-06	-1.0735162617281631e-05
-0.2200561262678351	-2.9792438195944062e-06	1.3000587111358233e-06	-2.480340491432265e-06	-1.0261320976880866e-05
-0.22005619905552007	-2.848053940933094e-06	1.239736338971806e-06	-2.354158820204674e-06	-9.636809794537972e-06
-0.22005626860260996	-2.718864947791596e-06	1.1824046175603295e-06	-2.2427591124104966e-06	-9.291180467098604e-06
-0.2200563349697808	-2.5941515968171816e-06	1.127729398057439e-06	-2.1397968015784057e-06	-8.878224221946327e-06
-0.220056395826002	-2.4809321863502993e-06	1.077623789301886e-06	-2.043074161730899e-06	-8.450400141605717e-06
-0.22005645639311056	-2.367711429650739e-06	1.0278313293556833e-06	-1.9482632026101756e-06	-8.083031023334923e-06
-0.22005651643379107	-2.2545182210202383e-06	9.78454202442469e-07	-1.8564798438698632e-06	-7.705139567537382e-06
-0.22005656933777024	-2.1574233528919086e-06	9.350127646550438e-07	-1.7700601973802574e-06	-7.306371857697647e-06
-0.22005662405800952	-2.0546909317682392e-06	8.90175821988269e-07	-1.6860275149386219e-06	-7.015264870213608e-06
-0.22005667228294892	-1.9663475740701607e-06	8.507432922538204e-07	-1.6074091342634592e-06	-6.662185242261151e-06
-0.22005672026729461	-1.8754088845948398e-06	8.115193687051458e-07	-1.5359553864627552e-06	-6.401789051084991e-06
-0.22005676604469196	-1.7899901018697972e-06	7.740647911531936e-07	-1.4648928833272248e-06	-6.072367679585375e-06
-0.22005681145070996	-1.7055569972732007e-06	7.369653416704685e-07	-1.3939724763248649e-06	-5.786411577313729e-06
-0.22005685147420873	-1.6321467396174144e-06	7.043447325855162e-07	-1.3294777317133836e-06	-5.509176613772517e-06
-0.22005689287199906	-1.5544782431789434e-06	6.706636101522407e-07	-1.2667738990756097e-06	-5.2886846217154225e-06
-0.22005692935815613	-1.4877749831272252e-06	6.410358050492509e-07	-1.2078469524928478e-06	-5.021227143440926e-06
-0.22005696707714986	-1.4160149740227536e-06	6.103974956708567e-07	-1.1531280981058968e-06	-4.825928081808174e-06
-0.22005700165978245	-1.3526125663457066e-06	5.823148249321998e-07	-1.0978055596123411e-06	-4.558819710561912e-06
-0.22005703468757506	-1.2913677723107766e-06	5.555649098139448e-07	-1.0466862089612268e-06	-4.367716009408802e-06
-0.22005706958949006	2.6346891089106437e-06	5.302636718318297e-07	-1.30526404247088e-05	-4.1701807437505335e-06
-0.22005718166903696	-7.948773679666102e-06	6.897216660237626e-07	1.3916376879334988e-05	0.000133097323871855
-0.2200572674778987	6.85004051553958e-07	7.932035546366983e-07	-4.765130892560717e-06	-0.0001678657828072195
-0.2200572651789603	-6.269784799878512e-07	7.127959224518629e-07	-1.6533993746701695e-06	2.0781113043648765e-05
-0.22005727885611048	-4.2939130204585293e-07	6.700088794660953e-07	-1.86111001078759e-06	-8.397224593569699e-06
-0.22005728832252058	-3.5158595144642534e-07	6.234403235008648e-07	-1.8208664591367725e-06	-4.83696732471084e-06
-0.2200572969564871	-3.4306039766553895e-07	5.801274349978725e-07	-1.643364172576818e-06	-3.6243395384550246e-06
-0.22005730517814642	-3.125436193924739e-07	5.406395788456876e-07	-1.5275692537388486e-06	-3.955790335429949e-06
-0.2200573128120379	-2.7491156508574645e-07	5.02231705524552e-07	-1.4332785522715747e-06	-3.7908761747679376e-06
-0.22005731932087175	-2.459779499647069e-07	4.6765666262827235e-07	-1.3386074754981995e-06	-3.4365486337034725e-06
-0.22005732512802428	-2.1853687849008908e-07	4.3535428256432264e-07	-1.2515646225309783e-06	-3.2161718726209474e-06
-0.22005733027299995	-1.9303667431280968e-07	4.0514791880189675e-07	-1.1704552729441224e-06	-2.9940043416832786e-06
-0.2200573348014144	-1.6941513654571758e-07	3.768914246903968e-07	-1.0947564975000848e-06	-2.7812244660914687e-06
-0.22005733876686254	-1.479737937154007e-07	3.504720771282256e-07	-1.0231897520204286e-06	-2.578150325829248e-06
-0.2200573420992544	-1.29565691695235e-07	3.2675900311216435e-07	-9.5755661639603e-07	-2.3944945812681243e-06
-0.22005734520938072	-1.097755311065801e-07	3.027377264190617e-07	-8.942204600994925e-07	-2.2427951786853437e-06
-0.22005734775846134	-9.392492610716916e-08	2.811916199599434e-07	-8.337755376921492e-07	-2.0542355742238423e-06
-0.22005734991525336	-7.850399309081395e-08	2.6107710109175963e-07	-7.791794001770052e-07	-1.921252242270168e-06
-0.22005735170121657	-6.443336853308674e-08	2.422772769404096e-07	-7.279660011494479e-07	-1.7765144071342133e-06
-0.22005735315386768	-5.1813266198400184e-08	2.2472123169079172e-07	-6.794984283840117e-07	-1.6413486666491228e-06
-0.22005735430824735	-4.042361830548845e-08	2.0834275918204914e-07	-6.338644120519621e-07	-1.5202141034693396e-06
-0.22005735515874245	-3.039110206203796e-08	1.936535275436316e-07	-5.929385584136664e-07	-1.4101835009568545e-06
-0.22005735580426045	-1.9605966542884465e-08	1.7877348765287608e-07	-5.534368539869203e-07	-1.31018988582783e-06
-0.22005735619486885	-1.1681133355417344e-08	1.654491171899368e-07	-5.146879843249837e-07	-1.1866192075278113e-06
-0.22005735638728807	-4.3159151768712854e-09	1.535274752614209e-07	-4.809058893968719e-07	-1.1097802694589447e-06
-0.2200573564058106	2.89083493066803e-09	1.419353196089964e-07	-4.485307464794724e-07	-1.030866849229768e-06
-0.22005735624441586	9.594751657194359e-09	1.3070938409385744e-07	-4.1699620077835585e-07	-9.479970496541473e-07
-0.22005735595383613	1.4764366906094004e-08	1.2106154646176332e-07	-3.889173740795181e-07	-8.682850136777885e-07
-0.22005735551906308	2.009385218884098e-08	1.1168816980360016e-07	-3.6264913322602207e-07	-8.08924378194013e-07
-0.22005735532284781	-2.571815650354035e-07	1.0287015841449533e-07	-1.4565869491252738e-07	-7.396208291511612e-07
-0.22005735555979306	5.889664645395323e-08	9.380435692633128e-08	-3.7921470285375514e-07	-1.3012049195112167e-06
-0.2200573546791251	1.4656345335931351e-08	8.618420460976058e-08	-2.542513956780348e-07	9.9760618632673e-08
-0.2200573541407499	3.1481612013740766e-08	7.957653002334473e-08	-2.630117113517698e-07	-9.137549446316728e-07
-0.22005735323645603	3.928208136912037e-08	7.303925646950504e-08	-2.552165062556516e-07	-5.85210164027152e-07
-0.22005735224291137	3.970803216827531e-08	6.690390127015835e-08	-2.3331818943663037e-07	-4.2217871363479924e-07
-0.22005735123813622	4.090862803102755e-08	6.129159667116407e-08	-2.1503345114557083e-07	-4.193337580528229e-07
-0.22005735019332623	4.279238996178401e-08	5.609320400749288e-08	-2.000095538510938e-07	-3.9863891229778925e-07
-0.22005734914858152	4.4243521036662205e-08	5.144374242370544e-08	-1.8634426155802084e-07	-3.588411449425728e-07
-0.2200573480240032	4.5761570457891385e-08	4.693318661877343e-08	-1.7361804609763555e-07	-3.2470155246666704e-07
-0.22005734681212644	4.749968596966714e-08	4.255656127423533e-08	-1.622397636989027e-07	-2.8512078082557636e-07
-0.22005734560679938	4.895937384463457e-08	3.861633300138109e-08	-1.5219056145079603e-07	-2.353575659878594e-07
-0.22005734436844296	5.0139605430415234e-08	3.491995210143087e-08	-1.42773690311395e-07	-1.8715924266809284e-07
-0.22005734310474562	5.098784194552196e-08	3.145406971769351e-08	-1.337966403348961e-07	-1.4046432218372032e-07
-0.2200573418241272	5.149841228618898e-08	2.8208827594450395e-08	-1.2517344726981773e-07	-9.686465864887297e-08
-0.22005734058745674	5.163157675134688e-08	2.5295298324145703e-08	-1.1707603515998077e-07	-5.700340399817052e-08
-0.22005733924644474	5.158288754293766e-08	2.2351210763363016e-08	-1.0887506651884036e-07	-2.3768209539708293e-08
-0.22005733815172657	3.530922465991386e-08	2.0135135887372155e-08	-6.625867891440036e-08	1.0857247035571782e-08
-0.22005733719262066	4.5386840348856095e-08	1.8364942609468493e-08	-8.231569701084215e-08	-3.4538926041337083e-07
-0.22005733593660637	5.0277866513085654e-08	1.612714339034758e-08	-8.7177164153434e-08	-1.0973946672664309e-07
-0.2200573348813973	3.6750338626752735e-08	1.4417751596952269e-08	-5.272680030365131e-08	3.307971940844433e-08
-0.22005733386800674	4.4901671319766966e-08	1.294140028611765e-08	-6.612484068770406e-08	-2.5634513146722285e-07
-0.2200573326834443	4.909375475032833e-08	1.1195595994424717e-08	-7.136822628299945e-08	-5.793240828323706e-08
-0.22005733155899718	3.604615437113091e-08	9.713387790996622e-09	-3.9209390935482314e-08	7.061518014248388e-08
-0.22005733057227111	4.351200435135909e-08	8.577297032183033e-09	-5.258352747589716e-08	-2.0222243516528812e-07
-0.22005732947914286	4.7025437205991434e-08	7.232994903814271e-09	-5.7800785934600573e-08	-1.617990110714542e-08
-0.22005732842532905	3.5858032634920485e-08	6.07723309983135e-09	-3.113798745719035e-08	9.687870413001809e-08
-0.22005732742276451	4.202858809786169e-08	5.1334692325646575e-09	-4.275249455441646e-08	-1.304880545827576e-07
-0.22005733144260195	-4.651562587762024e-06	4.491056056628522e-09	1.3311142185120052e-05	3.1163044178506476e-08
-0.2200572438305012	7.047719560736873e-06	-1.7939177173521087e-07	-1.5443879083508184e-05	-0.00014890838144081728
-0.22005716015753063	-1.1836643330818307e-06	-3.6348874131180285e-07	2.5261648390551593e-06	0.0001697400228284893
-0.2200571767070821	-2.9075453088746104e-07	-3.3026940656326354e-07	4.6022634377201395e-07	-8.045273581409072e-06
-0.2200571897935273	-7.78608171913408e-07	-3.0741148405368384e-07	1.4257997044231715e-06	1.2173240961964236e-05
-0.2200572105894814	-8.646686227153478e-07	-2.697496945133632e-07	1.524146414215338e-06	1.3168127176939539e-06
-0.22005723164602406	-6.96247809642695e-07	-2.349209199400032e-07	1.0660423644788745e-06	-1.2857992738827649e-06
-0.22005724849811142	-7.163384232990344e-07	-2.0993751441732598e-07	1.040412313634777e-06	2.0433015863149345e-06
-0.22005726647486443	-7.188203060986441e-07	-1.846572057322135e-07	9.814790235544784e-07	1.294756490135367e-06
-0.2200572849754119	-7.038929425047095e-07	-1.6038572574366978e-07	8.902057951657724e-07	8.612486358835467e-07
-0.2200573017043453	-6.915388226643699e-07	-1.4000390900397407e-07	8.160566121262067e-07	7.958673609522332e-07
-0.22005731884303262	-6.806765296981584e-07	-1.205176883587584e-07	7.49721685868437e-07	7.081836395199426e-07
-0.220057336372808	-6.685835491146743e-07	-1.0193641014367411e-07	6.854464174169863e-07	5.68913825277739e-07
-0.2200573522559588	-6.559356302749038e-07	-8.623860330514286e-08	6.28218168359136e-07	4.3776914218626037e-07
-0.2200573684837615	-6.431747677941445e-07	-7.126854333605176e-08	5.745167860441107e-07	3.4971350894984294e-07
-0.22005738501689567	-6.29436661767555e-07	-5.706741368550267e-08	5.225935582603733e-07	2.4887614975295135e-07
-0.22005739994894358	-6.158798293432805e-07	-4.512955080455431e-08	4.7683130736582225e-07	1.5504410854050243e-07
-0.2200574151631963	-6.022199938036425e-07	-3.3798547419202364e-08	4.3397179587039625e-07	9.080521121940652e-08
-0.2200574300369924	-5.884349840024871e-07	-2.348924811611357e-08	3.943668203486473e-07	1.6367493000939457e-08
-0.22005744482567352	-5.44803975379446e-07	-1.4461262846035808e-08	2.922471230175816e-07	-5.263095556908066e-08
-0.22005745863917425	-5.630585295772499e-07	-6.792844729454231e-09	3.2876236783036604e-07	5.836962226509695e-07
-0.22005747225215605	-5.236907265191629e-07	3.810616372149531e-10	2.4137558969176174e-07	-1.6600367283099476e-07
-0.22005748494667657	-5.365392296717662e-07	6.450149702534115e-09	2.7057796380236414e-07	3.9153771927919107e-07
-0.22005749848732886	-5.022406738593723e-07	1.2617275003799488e-08	1.9858766822158662e-07	-2.1724011486324203e-07
-0.2200575111745879	-5.129131309083722e-07	1.79221298678078e-08	2.2692921646007685e-07	2.1610186171908715e-07
-0.22005752361978317	-4.822038174999687e-07	2.2842424653718644e-08	1.6621595041881982e-07	-3.5838237852432743e-07
-0.22005753571157627	-4.854769415316862e-07	2.7173749928308265e-08	1.8151157119081675e-07	8.404854721524927e-09
-0.2200575470536073	-4.599748599761654e-07	3.095621157406158e-08	1.3466526987947496e-07	-3.921134576452405e-07
-0.22005755866151883	-4.3451782206363165e-07	3.382635515386262e-08	8.981025172285967e-08	-1.211801414852161e-07
-0.22005756980107063	-6.941107396622535e-07	3.6867519230613136e-08	3.280365335294106e-07	1.6819792622086917e-07
-0.22005758180168739	-3.8665744987472193e-07	3.845712009135146e-08	8.70290178308228e-09	-1.396811030141484e-06
-0.2200575915166432	-4.2570080724799253e-07	3.9725929970911544e-08	1.0626332300311312e-07	7.062768768376744e-07
-0.2200576023907219	-4.067813947223594e-07	4.221177189561175e-08	7.866493273497213e-08	-4.114503644169216e-07
-0.22005761232158488	-3.8919178191058197e-07	4.380302270714079e-08	5.41062016831684e-08	-2.921640247393838e-07
-0.22005762147899752	-3.7481957333464006e-07	4.4842896509203e-08	3.6454297521953265e-08	-1.6052920860403376e-07
-0.22005763067252496	-3.614349198480136e-07	4.552838661027311e-08	2.182874514101622e-08	-7.298830436379928e-08
-0.2200576395488188	-3.4934838113442555e-07	4.589078014080712e-08	1.0221284851728384e-08	-2.154405124061257e-09
-0.22005764842322745	-3.6156520006370363e-07	4.6625159279484864e-08	5.207025927418002e-08	5.272799236998001e-08
-0.22005765764752344	-3.464426273797771e-07	4.778318807341466e-08	3.49073098209599e-08	-4.682028894958621e-07
-0.22005766579460256	-3.333622425307421e-07	4.84204665933265e-08	2.12685612011403e-08	-3.985031287961189e-07
-0.22005767398005247	-3.222759307497822e-07	4.881179555716938e-08	1.2797765364879438e-08	-3.365853713130674e-07
-0.22005768222212765	-3.1230014877945895e-07	4.904805511660334e-08	7.502504774749005e-09	-3.188538737279925e-07
-0.22005768960742866	-3.035898332639374e-07	4.916226874021764e-08	3.761311289442453e-09	-3.2888918543973264e-07
-0.2200576970809029	-2.9471493623570193e-07	4.919332704483991e-08	3.231749489822082e-10	-3.4511668419894294e-07
-0.2200577043344296	-2.8596148061627907e-07	4.914378870774544e-08	-2.8515105217448672e-09	-3.6251394896201355e-07
-0.22005771164703805	-2.769372804540493e-07	4.9011203728765724e-08	-6.009589779683103e-09	-3.786452419076572e-07
-0.220057718457835	-2.683163588216864e-07	4.8808160351410723e-08	-8.977629852456081e-09	-3.927949119340314e-07
-0.22005772479468855	-2.6013376741418905e-07	4.854614833503217e-08	-1.1694613302274082e-08	-4.031875964430038e-07
-0.22005773118612557	-2.5149581143623806e-07	4.820211775310466e-08	-1.4873926768990046e-08	-4.1097815439490086e-07
-0.22005773760257827	-2.4241547451485756e-07	4.7755698217175996e-08	-1.8526096753265024e-08	-4.1161042903081044e-07
-0.22005774355366275	-2.3400841644963033e-07	4.724455374027961e-08	-2.148314711422843e-08	-4.0383779382317143e-07
-0.2200577490716677	-2.26158237654042e-07	4.668878987236001e-08	-2.4004901517837762e-08	-3.975733921089117e-07
-0.22005775483984769	-2.1787721599447113e-07	4.6022866489630973e-08	-2.645347747624657e-08	-3.9109412484078546e-07
-0.22005776018710463	-2.1020580043974918e-07	4.5328956417417507e-08	-2.8390939303715055e-08	-3.83191064053482e-07
-0.22005776534525853	-2.0273413605991618e-07	4.4590038600725206e-08	-3.0123551759051355e-08	-3.765602169202321e-07
-0.2200577703193202	-1.9547646983975784e-07	4.381104964500872e-08	-3.1633966398546346e-08	-3.6907698657898285e-07
-0.22005777492671258	-1.887431177125803e-07	4.3031642088686966e-08	-3.28144214784523e-08	-3.611223442486982e-07
-0.22005778469006448	-4.865375278741582e-06	4.235627617246374e-08	1.3298469497542755e-05	-3.5394043117809596e-07
-0.22005769135546646	7.294607059921175e-06	-1.660755116832419e-07	-1.6460263807784643e-05	-0.00014910333461111623
-0.22005761533438814	-1.486037252284936e-06	-3.451273342573961e-07	2.7241094146585977e-06	0.0001811976969772824
-0.22005764296665034	-6.971583396707798e-07	-2.986734473453727e-07	8.943248798442153e-07	-9.518827922847344e-06
-0.22005766351842504	-9.398617703185206e-07	-2.7146660381774773e-07	1.329619287539837e-06	7.55693639128548e-06
-0.22005768707271223	-9.901555505115433e-07	-2.384173260867534e-07	1.360047195006771e-06	1.9846669447440543e-06
-0.22005771123569157	-9.367766539886009e-07	-2.0670708935506028e-07	1.1703850407540728e-06	2.845993314478424e-07
-0.22005773517430907	-9.103357195254851e-07	-1.7812420639588474e-07	1.0471007002873918e-06	9.201707725811802e-07
-0.2200577577841674	-9.004176785550415e-07	-1.5301782560086254e-07	9.713050720939562e-07	9.960123817304594e-07
-0.22005778007305188	-8.84214539391986e-07	-1.2986103709738002e-07	8.895987921151109e-07	7.134766768578755e-07
-0.22005780108218645	-8.679439913249304e-07	-1.0947878123895315e-07	8.164030064923055e-07	5.639073147604372e-07
-0.2200578234073163	-8.505444091497807e-07	-8.927386131215317e-08	7.444958568807895e-07	4.3550319518849294e-07
-0.22005784442692364	-8.322549945224364e-07	-7.156952629420632e-08	6.781135624815175e-07	2.9034065710732076e-07
-0.2200578649892451	-8.140106966491587e-07	-5.545075740866878e-08	6.173453132212246e-07	1.8765566449212278e-07
-0.22005788429606407	-7.96150531858385e-07	-4.1352624768169765e-08	5.629772822779317e-07	8.741931280875973e-08
-0.2200579039584629	-7.778903491924532e-07	-2.797985994997174e-08	5.115813381592957e-07	2.9023889932369614e-09
-0.22005792351516718	-7.209028384028387e-07	-1.6269774891075117e-08	3.7909914338055725e-07	-8.897654409228504e-08
-0.22005794103764378	-7.42900285210913e-07	-6.752045089135194e-09	4.2367222402678287e-07	7.339351740664419e-07
-0.2200579598291669	-6.949302246885933e-07	3.0857332389359523e-09	3.178457890598661e-07	-1.910187258637589e-07
-0.22005797734001456	-7.090060968124195e-07	1.1345976677914662e-08	3.510044444764278e-07	4.2499049384809035e-07
-0.22005799390126818	-6.67765669939166e-07	1.881604268404331e-08	2.652631484977704e-07	-3.3784938449763266e-07
-0.22005801131974814	-6.747259481775125e-07	2.5922662447549784e-08	2.880528101619251e-07	1.693026225342078e-07
-0.22005802710593175	-6.386493882949334e-07	3.204299170896706e-08	2.179850362907637e-07	-4.4514074432322245e-07
-0.22005804317150915	-5.996035950434175e-07	3.667233010913608e-08	1.4399441036370948e-07	-4.827317597321822e-08
-0.2200580584713157	-6.263985364626505e-07	4.110415585935057e-08	2.1537371692902646e-07	4.5512602550346024e-07
-0.22005807374249814	-5.941292216554801e-07	4.5808968169523175e-08	1.5875604292548468e-07	-5.490930921291546e-07
-0.22005808763529477	-5.654270304637388e-07	4.899208077896805e-08	1.1062601210986455e-07	-2.385076213759284e-07
-0.22005810187249747	-5.758800445171829e-07	5.2185288717640095e-08	1.4999439306171816e-07	5.706170499147202e-08
-0.22005811652901747	-5.50339130058864e-07	5.5628860274326466e-08	1.1224123081274296e-07	-5.64564612098327e-07
-0.22005812983216075	-6.392231525078475e-07	5.827319708923831e-08	2.69605916804726e-07	-4.011219843559196e-07
-0.2200581436133921	-4.349772096647861e-07	5.7687264701643425e-08	-1.0316108043031518e-07	-2.050494852442902e-06
-0.22005815566260098	-5.290044333467979e-07	5.787859941490434e-08	1.215038237452025e-07	1.6192601865263148e-06
-0.2200581684468461	-4.954777559333718e-07	6.016229128669292e-08	6.721882865746348e-08	-7.900134014874574e-07
-0.22005818055463663	-4.757361783058264e-07	6.145407360911157e-08	4.3738145606060935e-08	-3.9994959522502e-07
-0.22005819224158052	-4.6012275977134915e-07	6.232541960821114e-08	2.9663482262916542e-08	-2.833708806770065e-07
-0.2200582035584838	-4.4602275632484207e-07	6.289478678641412e-08	1.9142706589346133e-08	-2.450376508407443e-07
-0.22005821410664483	-4.3368470574941433e-07	6.323185514363274e-08	1.1811237830854724e-08	-2.2949062062540873e-07
-0.2200582252149043	-4.214487157728252e-07	6.343511106124638e-08	6.439406775715483e-09	-2.3345817985260546e-07
-0.22005823560879814	-4.106403549436521e-07	6.352955934076211e-08	3.420671820208809e-09	-2.567927133093614e-07
-0.22005824574334926	-4.0065132784794936e-07	6.357428569334051e-08	2.2207557714820215e-09	-2.967294800419142e-07
-0.2200582556378041	-3.913902180852083e-07	6.361178670244574e-08	2.6297224875705234e-09	-3.532148491107964e-07
-0.2200582649147865	-3.8216005168278437e-07	6.365036289795647e-08	2.2894844306026287e-09	-4.261411136514157e-07
-0.22005827433111252	-3.715815424083727e-07	6.36577362769065e-08	-1.704526178510416e-10	-4.886820667939996e-07
-0.22005828383556694	-3.599706110086766e-07	6.358385285228065e-08	-4.075546431614811e-09	-5.302935139324161e-07
-0.22005829232662336	-3.480972076067569e-07	6.339472064042279e-08	-1.025504092085998e-08	-5.554581916381487e-07
-0.22005830120934114	-3.357170052776134e-07	6.303482221227684e-08	-1.598302848605647e-08	-5.457326055206779e-07
-0.22005830912886218	-3.2472330573903237e-07	6.258249585992412e-08	-2.044540989966669e-08	-5.372724479982203e-07
-0.22005831741405757	-3.1306301657278e-07	6.197788085488477e-08	-2.4910492492080698e-08	-5.316840300248091e-07
-0.22005832509933	-3.02202725866201e-07	6.129538611813738e-08	-2.8642489316200972e-08	-5.232123534760169e-07
-0.2200583325174329	-2.916553466141697e-07	6.052687816459881e-08	-3.1924287392874287e-08	-5.152177326882042e-07
-0.220058339675168	-2.8137427946100556e-07	5.968096617788552e-08	-3.488473697508325e-08	-5.068817758559652e-07
-0.22005834630865775	-2.7181686658755845e-07	5.880503071717197e-08	-3.731079677101211e-08	-4.972037242077053e-07
-0.22005835297790027	-2.6211999900847866e-07	5.783465945628519e-08	-3.9570823454721357e-08	-4.882078364119407e-07
-0.22005835966114798	-2.52361760373226e-07	5.677125412700029e-08	-4.154943863902757e-08	-4.777749143551976e-07
-0.2200583658532179	-2.433381834895953e-07	5.570752446205185e-08	-4.30103094242451e-08	-4.669962816530171e-07
-0.22005837158802477	-2.34886798765038e-07	5.4654115783827204e-08	-4.428042140053917e-08	-4.5806924335669143e-07
-0.22005837734894634	-2.263164572941074e-07	5.3526583627328505e-08	-4.5447112331775294e-08	-4.482106859050688e-07
-0.2200583833855748	3.6432981060379683e-07	5.2916634755047835e-08	-2.2904565142844966e-05	-4.369244062757519e-07
-0.22005859304776257	-1.6038747458665625e-05	4.973320553158246e-07	3.4699977087635554e-05	0.00030723750073200824
-0.22005876977694938	1.8451827625090675e-06	8.765357092709251e-07	-4.270630185751258e-06	-0.0003846189860046153
-0.22005872431478202	1.0223694543546697e-06	7.747746124599862e-07	-2.1891185672730564e-06	1.695164890487762e-06
-0.22005869145094445	1.5929417436185396e-06	7.07184991751932e-07	-3.1983578129369773e-06	-1.582888957721311e-05
-0.2200586504445085	1.6082570177870573e-06	6.274830522976225e-07	-3.014253269864873e-06	-2.7411546041621816e-06
-0.22005861182453576	1.484821341707826e-06	5.581367244965597e-07	-2.55018736178626e-06	-1.404252152116192e-06
-0.2200585749449942	1.4750000446954844e-06	4.971624566436694e-07	-2.356463103754165e-06	-3.4192513671604195e-06
-0.22005853818243248	1.467830663393338e-06	4.4049887093364835e-07	-2.1877407919815084e-06	-2.965507756134301e-06
-0.22005850174142816	1.4491911835889172e-06	3.8813316048174226e-07	-2.011646987963921e-06	-2.4034559652589687e-06
-0.22005846580497326	1.4283793170890397e-06	3.40040202370505e-07	-1.8471689223970338e-06	-2.0742077638350405e-06
-0.22005843179311657	1.4080394348957376e-06	2.9755387774234555e-07	-1.7026505153829607e-06	-1.7832564213186095e-06
-0.22005839688749432	1.3860836374100071e-06	2.568198258852868e-07	-1.5640035300546686e-06	-1.5016977822950946e-06
-0.22005836121127803	1.3604749203767048e-06	2.1804744025527384e-07	-1.42721720382968e-06	-1.2156072969495833e-06
-0.22005832887878582	1.3358546204121882e-06	1.8528824778843527e-07	-1.3099852490738199e-06	-9.756865887289488e-07
-0.22005829451295356	1.3095120899115858e-06	1.5281484597674604e-07	-1.1947823503253527e-06	-7.745212588951171e-07
-0.2200582621544979	1.2815298516234462e-06	1.2437063013306298e-07	-1.0881211205060863e-06	-5.476868367992103e-07
-0.22005823047805254	1.2545765101270312e-06	9.843849794722627e-08	-9.925834701994968e-07	-3.927580658915408e-07
-0.2200582007159513	1.2275237583203302e-06	7.572300746859078e-08	-9.058970571598197e-07	-2.1807307052250626e-07
-0.22005816919875706	1.1987023079719738e-06	5.3344225857574676e-08	-8.207099613566322e-07	-8.162614345065102e-08
-0.2200581424567747	1.1189137867225907e-06	3.644585605071759e-08	-6.322050556935716e-07	7.106461966423871e-08
-0.2200581133598473	1.13705453701026e-06	2.0129877939802245e-08	-6.622587423097326e-07	-1.0972671789516735e-06
-0.22005808494507553	1.130305915867884e-06	3.6519750212651126e-09	-6.43484799287745e-07	-5.622400800117848e-09
-0.22005805754247118	1.0566999472825813e-06	-1.0573402519908152e-08	-4.831453058167788e-07	6.039986305883372e-07
-0.22005803000255478	1.0662715995566574e-06	-2.335466085337837e-08	-5.097729807877713e-07	-3.5653941299196296e-07
-0.22005800512032256	1.0043399331304168e-06	-3.414847491610752e-08	-3.8290123687313327e-07	5.734933642329194e-07
-0.22005797894370793	1.0130374017661554e-06	-4.4422091107145126e-08	-4.1518702382349713e-07	-1.8341139598379717e-07
-0.22005795427245736	9.57821239194631e-07	-5.357359912814449e-08	-3.100221857639243e-07	7.05500598967609e-07
-0.22005793105225424	9.032317137650028e-07	-5.997543127355146e-08	-2.0877229489505137e-07	1.1568605855057443e-07
-0.2200579077258287	1.0867271265435991e-06	-6.622968130382857e-08	-3.972753067541365e-08	-5.616551730970818e-07
-0.22005788358547057	1.1435675922365025e-06	-8.009109881653796e-08	-7.797604793727893e-07	-3.854625556013604e-06
-0.220057859555481	8.520537033638851e-07	-9.169413604762767e-08	-1.6772565037020888e-07	6.526330629755296e-06
-0.2200578395447653	7.427552824454624e-07	-9.181238236258574e-08	4.088445221526755e-08	8.148915179870548e-07
-0.220057819984428	8.238902790466919e-07	-9.338756917921624e-08	-1.671082068171773e-07	-1.252027040473424e-06
-0.2200578007086731	7.85112928602297e-07	-9.67057836198096e-08	-1.117629135103874e-07	1.0896798660979097e-06
-0.22005778071756468	7.552666558794044e-07	-9.916222894143971e-08	-7.945433977948092e-08	7.736361866939231e-07
-0.22005776288911633	7.318262108540352e-07	-1.0083100206941289e-07	-5.928886945598555e-08	6.6590361801051e-07
-0.22005774488421373	7.098227071340407e-07	-1.0212916741344753e-07	-4.40623413387958e-08	6.394171530653654e-07
-0.22005772671234128	6.891556862961448e-07	-1.0314557600067359e-07	-3.348166479760528e-08	6.517442540987372e-07
-0.22005770972146738	6.711130294018694e-07	-1.0391989069997346e-07	-2.761167838304941e-08	7.040079697445896e-07
-0.22005769381557688	6.552632286898802e-07	-1.0456834737275427e-07	-2.542513197656728e-08	7.899550105821239e-07
-0.22005767705943888	6.343206315501176e-07	-1.0511217834660479e-07	-1.4991060485198784e-08	9.043940844826628e-07
-0.22005766148228367	6.126922152074767e-07	-1.0533372228693835e-07	-1.8148481623431558e-09	9.371465597254072e-07
-0.22005764643435313	5.920195717540097e-07	-1.0525036500220592e-07	9.241200015965028e-09	9.213440650736652e-07
-0.22005763189558014	5.719291804570488e-07	-1.0490557362996197e-07	1.908835358309431e-08	9.125684358483892e-07
-0.2200576184043192	5.531567923737399e-07	-1.0435476496202991e-07	2.7552528439229898e-08	9.03188053387902e-07
-0.22005760482386721	5.340825337470773e-07	-1.0357488521405786e-07	3.5530841564939094e-08	8.931260488646375e-07
-0.22005759119824855	5.148233276626895e-07	-1.0256448519348503e-07	4.28620972438188e-08	8.804546738007561e-07
-0.22005757905712495	4.976435224924618e-07	-1.0147541723439497e-07	4.8645928374179605e-08	8.664740829761951e-07
-0.22005756636462903	4.794092398004733e-07	-1.0014360089258748e-07	5.4492771904218074e-08	8.54993052766559e-07
-0.220057554599456	4.624892979406916e-07	-9.873053101558975e-08	5.9216750489104173e-08	8.380582404182372e-07
-0.2200575432504247	4.460709057783134e-07	-9.720758784400633e-08	6.331806060147383e-08	8.231130195127758e-07
-0.22005753230571864	4.301199085230486e-07	-9.55883538337421e-08	6.690527532007534e-08	8.076607820458669e-07
-0.22005752175381624	4.1464049573550656e-07	-9.388497511621128e-08	6.999869592134849e-08	7.911362564477553e-07
-0.2200575119820412	4.002652210297947e-07	-9.218297316730603e-08	7.24367998772791e-08	7.738358470353795e-07
-0.22005750177990552	3.8509931084360406e-07	-9.027636930895529e-08	7.479515020026776e-08	7.577355055527465e-07
-0.22005749233327415	3.7113957568919807e-07	-8.839587324879943e-08	7.631322678826734e-08	7.381568717571944e-07
-0.22005748408364004	3.015701418139284e-06	-8.609779459676605e-08	-1.8177513423739408e-05	7.228074882521428e-07
-0.22005761609003893	-1.1040274154019278e-05	2.2335661732070228e-07	2.5046543392602626e-05	0.00023090883381085287
-0.22005770326389507	3.3769437169558314e-06	4.374782437807493e-07	-6.416554996334112e-06	-0.0002746805999982155
-0.22005764551738702	1.0196566139080596e-06	3.3720648500122994e-07	-1.122887315353612e-06	4.193217280256565e-05
-0.22005761684105585	1.3294270721105277e-06	3.035025147395078e-07	-1.6973199666624817e-06	-8.632386015165082e-06
-0.22005758313832058	1.33456688100374e-06	2.6123962184680634e-07	-1.6164183475053185e-06	-1.3138405131194138e-06
-0.22005755061674112	1.267967661217747e-06	2.237013644624787e-07	-1.3912170774875214e-06	-3.5574711421149254e-07
-0.2200575205018536	1.245779122523559e-06	1.9181327963081953e-07	-1.2774128170525146e-06	-1.0933103605149584e-06
-0.22005748840156028	1.225114140387565e-06	1.600394556724019e-07	-1.172330612781935e-06	-9.058266084051535e-07
-0.2200574581242444	1.1992407512258544e-06	1.321151607201193e-07	-1.0678569619855792e-06	-6.158108199511279e-07
-0.22005742847782866	1.174515558539744e-06	1.0665458751879451e-07	-9.746065720439134e-07	-4.7176306415010285e-07
-0.22005739945205632	1.1492862376498669e-06	8.342759291223562e-08	-8.881911449438545e-07	-3.0504212792607263e-07
-0.2200573710655669	1.1233384262079044e-06	6.22856921452269e-08	-8.074363956771597e-07	-1.5240020757638138e-07
-0.22005734443434039	1.0977951598060207e-06	4.383126564036765e-08	-7.347186488262989e-07	-2.09688449686664e-08
-0.2200573168513059	1.016092271082518e-06	2.6990244272685387e-08	-5.435041169128258e-07	8.382291698254346e-08
-0.220057291074049	1.0512824717532688e-06	1.2659958933874941e-08	-6.140882322399386e-07	-1.110781092812352e-06
-0.2200572657241179	9.74988304796547e-07	-6.277803899785402e-10	-4.4477306689088367e-07	3.1460666164839085e-07
-0.22005724210144578	9.999335970596129e-07	-1.1820432971029129e-08	-5.013196398544425e-07	-7.959060904545079e-07
-0.22005721591698432	9.339947043823364e-07	-2.3663049260707755e-08	-3.629343697188728e-07	3.546800035029196e-07
-0.22005719331394935	9.533005210921983e-07	-3.2898961368291355e-08	-4.140266369487478e-07	-4.788804721496166e-07
-0.22005717010138082	8.998543457111288e-07	-4.205323248214353e-08	-3.0899142011995816e-07	5.400441924162567e-07
-0.22005714754139125	9.068083666309773e-07	-5.011654772669701e-08	-3.391757825508166e-07	-6.03807221106416e-08
-0.2200571254940859	8.573708685859832e-07	-5.746186840561473e-08	-2.482463640487943e-07	7.024700861363712e-07
-0.22005710547879834	8.133570406468111e-07	-6.242757024184404e-08	-1.7043905622210824e-07	1.7631647149973127e-07
-0.2200570840810523	8.376573745877123e-07	-6.770947840306455e-08	-2.4568925149451547e-07	-3.27318928685737e-07
-0.22005706361782298	7.983308490380371e-07	-7.310492521166683e-08	-1.823537353120184e-07	7.89542207308304e-07
-0.22005704490285757	7.634430483295082e-07	-7.680283246508697e-08	-1.2925528083528665e-07	4.7150531186090264e-07
-0.2200570255122383	7.301196518942863e-07	-7.951929017473134e-08	-8.26358937218683e-08	1.7745614186624813e-07
-0.22005700697491978	7.524732410341597e-07	-8.255536421158744e-08	-1.5799721471420748e-07	-8.799535620561654e-08
-0.22005698848882566	1.1879593267607046e-06	-8.559779998367864e-08	6.785526421203425e-07	9.326595241392489e-07
-0.22005696324646537	1.4227917593042108e-06	-1.0881452364351723e-07	-1.68629555165688e-06	-1.340701479704335e-05
-0.2200569390779283	5.197009516296515e-07	-1.2651433914873205e-07	2.5506947812335254e-07	1.8343827475089497e-05
-0.22005692461926107	6.284481256047147e-07	-1.2391899141271522e-07	-2.4072918768521073e-08	-8.738128985002831e-07
-0.2200569098841876	5.540613723718735e-07	-1.2293696200921369e-07	9.884057030053652e-08	2.0361645387686087e-06
-0.22005689637810094	5.342711037393208e-07	-1.2025588027257746e-07	1.0264940686168941e-07	8.367486491776128e-07
-0.22005688313867158	5.252718661478735e-07	-1.1796694225365318e-07	8.360328406575084e-08	7.916364958844353e-07
-0.22005687026578566	5.05138903654397e-07	-1.1583233943531268e-07	8.968691801402407e-08	1.0014509437854938e-06
-0.22005685787651813	4.867235794340934e-07	-1.1357780130944074e-07	9.271825350604004e-08	9.548598518707612e-07
-0.2200568459379725	4.690062403173755e-07	-1.112573162934172e-07	9.496296088981693e-08	9.318057208512754e-07
-0.22005683443574262	4.5179143371935597e-07	-1.08883732236816e-07	9.68691183422174e-08	9.112727286889495e-07
-0.2200568237917458	4.3581140910290694e-07	-1.065643922390449e-07	9.823424474322507e-08	8.891685037528e-07
-0.2200568126876592	4.189537489926938e-07	-1.0401543310687109e-07	9.954102511979976e-08	8.684060256834334e-07
-0.22005680281788156	4.040838964319951e-07	-1.0164074890179716e-07	1.000010723976932e-07	8.432465127316313e-07
-0.22005679291216448	3.889346330796998e-07	-9.915323675603143e-08	1.0052547506085818e-07	8.242326972157704e-07
-0.2200567830042011	3.7375954686267296e-07	-9.655670755854961e-08	1.0065914210348505e-07	8.007157402746751e-07
-0.22005677384109232	3.59771410008533e-07	-9.406299494925131e-08	1.0029317347937204e-07	7.772995694073972e-07
-0.2200567653687375	3.467281044583415e-07	-9.167752106453e-08	9.985925748026951e-08	7.57409936903248e-07
-0.22005675687173795	3.3351693276986314e-07	-8.920255542341668e-08	9.937477551397853e-08	7.371393926611252e-07
-0.22005674837794306	3.203157037389966e-07	-8.664512282858048e-08	9.854231822802857e-08	7.143030611351918e-07
-0.2200567408352348	3.08658715109197e-07	-8.430822610070273e-08	9.73791765739501e-08	6.920493228709001e-07
-0.22005673297633113	2.9628941123822235e-07	-8.180385205847889e-08	9.637068558307455e-08	6.743348531413259e-07
-0.22005672571645665	2.8492264741164425e-07	-7.942364182255821e-08	9.50410266626601e-08	6.51233719264927e-07
-0.22005671873546087	2.739534141842385e-07	-7.707761124663052e-08	9.360911299071214e-08	6.315883391633215e-07
-0.2200567122866625	2.6381658314122404e-07	-7.486053577221714e-08	9.208444907183827e-08	6.122235941577333e-07
-0.22005670582453335	2.5353397093098066e-07	-7.258734826569152e-08	9.062093045475654e-08	5.946396689375334e-07
-0.2200566996135988	2.436975300635059e-07	-7.035353952907948e-08	8.891291626882806e-08	5.744669775948978e-07
-0.22005669341115563	2.3377658381886186e-07	-6.807356836606057e-08	8.722357299690056e-08	5.564293768934969e-07
-0.2200566911925978	-3.136193092082415e-06	-6.619546647658151e-08	2.2760205573146124e-05	5.364430351060667e-07
-0.22005649558905177	1.4833864573685446e-05	-4.771564718691525e-07	-3.2086843124775336e-05	-0.0002850090746165623
-0.2200563333911005	-2.394894836774478e-06	-8.232995093904014e-07	5.531502329504317e-06	0.00035649154468382947
-0.22005637596460811	-8.065033262807039e-07	-7.26301106390962e-07	1.7977897669878445e-06	-1.7650389376487286e-05
-0.2200564016924646	-1.383878404077354e-06	-6.719888803077291e-07	2.844734714243386e-06	1.723427024970908e-05
-0.2200564403369005	-1.5004493232189652e-06	-5.951752728045123e-07	2.8854230600230513e-06	4.339412081396438e-06
-0.22005647636473388	-1.3718591393851193e-06	-5.287500734407751e-07	2.4201628392014733e-06	7.954836556406652e-07
-0.2200565089258594	-1.349296394644636e-06	-4.734866838410156e-07	2.21372266748527e-06	2.9353372257046614e-06
-0.22005654389134655	-1.3431777207809226e-06	-4.182947587632981e-07	2.049009608399114e-06	2.848454809701846e-06
-0.22005657725390315	-1.327357794853501e-06	-3.692729004603673e-07	1.8858284400621488e-06	2.312198696472474e-06
-0.2200566088758139	-1.3097352070589853e-06	-3.259376374517877e-07	1.7382816247975596e-06	1.9927423048454436e-06
-0.22005664137189493	-1.2915994813424319e-06	-2.8436676426445746e-07	1.598923288014849e-06	1.7295652848055743e-06
-0.22005667339015084	-1.2712888415742594e-06	-2.4616059596963463e-07	1.4678036374979797e-06	1.4386488338943225e-06
-0.22005670487456924	-1.2492078020636913e-06	-2.111308614946897e-07	1.3447429509701356e-06	1.1870003678591963e-06
-0.22005673703081968	-1.2260358614049467e-06	-1.7780964817579795e-07	1.2279014594319055e-06	9.705856704193673e-07
-0.22005676614921568	-1.20243578411014e-06	-1.4968657638639722e-07	1.124807200841429e-06	7.464356531137216e-07
-0.220056795892255	-1.1787676896101302e-06	-1.2287507701780485e-07	1.0283875300440305e-06	5.897787073128285e-07
-0.22005682502830815	-1.1538578444761507e-06	-9.839626080857101e-08	9.376088363954473e-07	4.0670199517628576e-07
-0.220056854667967	-1.1278072608600647e-06	-7.523803207611533e-08	8.509660881172722e-07	2.53695397227668e-07
-0.2200568825177322	-1.101834816205681e-06	-5.502399495653261e-08	7.726984447979223e-07	1.0176082992397628e-07
-0.22005690912549244	-1.0193265168414057e-06	-3.798376476160391e-08	5.765746753069609e-07	-1.7710263315637e-08
-0.2200569340835601	-1.060514062740877e-06	-2.320214073396341e-08	6.572273179656266e-07	1.2282762944421583e-06
-0.22005695985437207	-9.90159770586369e-07	-8.485675482013525e-09	4.977546132732727e-07	-3.1445370198574115e-07
-0.22005698471333182	-1.0053271202217139e-06	4.160416490886486e-09	5.302186229992109e-07	6.328747495210075e-07
-0.220057010167813	-9.437161055827596e-07	1.6475376632661234e-08	3.985851430208817e-07	-3.304938380952814e-07
-0.2200570339867408	-9.622256978540119e-07	2.7011853204673514e-08	4.4618132130043694e-07	4.1812026887472553e-07
-0.22005705641751283	-9.056232643994793e-07	3.637780277025195e-08	3.3193686663602593e-07	-6.23307105348772e-07
-0.22005707991611134	-9.076681181606682e-07	4.507566571181248e-08	3.5014965490552064e-07	6.991453233009694e-08
-0.22005710205601395	-8.606347021770648e-07	5.281484237687598e-08	2.62930080125994e-07	-5.958456048014187e-07
-0.22005712286143228	-3.2807086234881953e-06	5.8407759776477077e-08	1.138754286951219e-05	-1.2285024280573823e-07
-0.22005705898301212	5.9734367319693926e-06	-1.256774664612769e-07	-1.4711390116653581e-05	-0.00013503854625469648
-0.22005700663731403	-2.022710941749504e-06	-2.816370846464741e-07	2.7527997289300655e-06	0.00016467800105079164
-0.2200570487245589	-1.251030662095938e-06	-2.3255796586684152e-07	9.77692999653684e-07	-9.267118282578242e-06
-0.2200570818103976	-1.5120723492236322e-06	-2.0328628075249967e-07	1.4817170673865336e-06	7.054078437476675e-06
-0.22005712168260366	-1.5157661944870574e-06	-1.644405806622223e-07	1.4273840460561367e-06	5.714376540546071e-07
-0.22005715776356735	-1.3654876438131295e-06	-1.3341367353160498e-07	1.0492561468490605e-06	-5.896655535946793e-07
-0.22005719089549633	-1.4044034239551144e-06	-1.079572705749351e-07	1.0966940287035436e-06	1.9655001245763798e-06
-0.22005722592745916	-1.3897580013796959e-06	-8.11565186275235e-08	1.033653836236898e-06	3.2987071575330936e-07
-0.22005726076993573	-1.2790779302674125e-06	-5.747229878405641e-08	7.674198368168681e-07	-2.4420116028058994e-07
-0.22005729182465408	-1.3157678161301855e-06	-3.849374371166049e-08	8.327429078363509e-07	1.4291318551744986e-06
-0.22005732505219178	-1.2250849302237093e-06	-1.9164198419921483e-08	6.240900176935676e-07	-1.4463512884777644e-07
-0.22005735610146637	-1.2622964727042531e-06	-2.7141749013800196e-09	7.02008224392185e-07	1.1008116228885762e-06
-0.22005738663606972	-1.1764133197866435e-06	1.2585591419447959e-08	5.152462787421655e-07	-5.155552690377633e-07
-0.22005741627581346	-1.1998090310531689e-06	2.6024694219725096e-08	5.727375063246196e-07	6.652631667372624e-07
-0.2200574453352362	-1.1239658383389971e-06	3.840332638293028e-08	4.1688105107506105e-07	-6.206843965204496e-07
-0.22005747244716714	-1.139585090511839e-06	4.8857662058984725e-08	4.646969261785089e-07	3.5455719578723137e-07
-0.22005750134489388	-1.0776086215647146e-06	5.9561731181350936e-08	3.471309896553864e-07	-7.062272102087016e-07
-0.22005752645009027	-1.018266290793314e-06	6.646170671415044e-08	2.3667754318022186e-07	-7.212441511720042e-08
-0.22005755233302376	-1.057794957437665e-06	7.359250271061167e-08	3.4608931794078283e-07	6.724260440310104e-07
-0.2200575792105193	-1.0054852450043985e-06	8.155751596941029e-08	2.5764390254271883e-07	-8.945342311347941e-07
-0.2200576036952953	-9.563618268353628e-07	8.691086403863477e-08	1.7733949230487777e-07	-4.5333723727035666e-07
-0.22005762778604118	-9.734104171132581e-07	9.21082726951211e-08	2.438252107218172e-07	2.8987282370591192e-08
-0.2200576515969692	-9.311214064408675e-07	9.744293074767212e-08	1.8194269511327214e-07	-1.0154006957579354e-06
-0.2200576743648721	-8.92700556254331e-07	1.0128266075840293e-07	1.3003710384564317e-07	-7.351144022255779e-07
-0.22005769623267796	-8.587430200606855e-07	1.0397247559242758e-07	8.898718573653707e-08	-4.893598456884475e-07
-0.2200577173000131	-8.284041977484856e-07	1.0575297310791978e-07	5.660443478269003e-08	-3.030427719889882e-07
-0.22005773684798882	-8.021100800485162e-07	1.0678801950179523e-07	3.216700768988024e-08	-1.6422580857073363e-07
-0.2200577574952566	-9.233192186253017e-07	1.0731554981120525e-07	-1.5997747504190873e-07	-6.818474482910134e-08
-0.22005778083110564	-1.0411313085605593e-06	1.1389344017267037e-07	5.451931508606541e-07	3.383743624176663e-06
-0.22005780232335073	-7.22605067624528e-07	1.197161218925682e-07	-3.197966653215749e-08	-5.728953207806269e-06
-0.2200578184188893	-6.567173544034533e-07	1.166401092709219e-07	-1.3955026040747657e-07	-3.9712370883287e-07
-0.22005783631905532	-7.227412984097746e-07	1.1531660780411177e-07	4.447367063431611e-08	7.570469286499141e-07
-0.2200578539737724	-6.887986915699247e-07	1.1597810536990817e-07	7.723613328059203e-09	-1.220657783241306e-06
-0.22005787085707817	-6.640935059530592e-07	1.1589382021381563e-07	-8.684969028618743e-09	-9.921997217056635e-07
-0.2200578871841912	-6.431704680351251e-07	1.1553537935350683e-07	-1.68713640070347e-08	-9.388786280143307e-07
-0.22005790299718375	-6.228164080843365e-07	1.1499206831820713e-07	-2.3956326109666968e-08	-9.573627240141497e-07
-0.22005791829809546	-6.020533729045364e-07	1.1426379289696423e-07	-3.214419239664789e-08	-9.77670831937333e-07
-0.22005793307923938	-5.812596082647782e-07	1.133276028434874e-07	-4.0669561620248374e-08	-9.766441427309322e-07
-0.22005794734840547	-5.611089885415809e-07	1.121928421867096e-07	-4.812122416539451e-08	-9.609095778259997e-07
-0.22005796112206885	-5.415818392005616e-07	1.1088631450517699e-07	-5.4602664569217226e-08	-9.454162563906149e-07
-0.22005797389225906	-5.233682094407256e-07	1.0949042484724563e-07	-6.007954994707137e-08	-9.302222515356833e-07
-0.22005798723988895	-5.041311085579465e-07	1.0783884852955864e-07	-6.544385578746761e-08	-9.150072634693269e-07
-0.22005799961129327	-4.862979068100783e-07	1.0613269579499772e-07	-6.969245246664597e-08	-8.958722081843071e-07
-0.22005801107494144	-4.696755942186992e-07	1.0440348243265155e-07	-7.321691539057426e-08	-8.793201649816219e-07
-0.2200580230489189	-4.520807425989912e-07	1.0243903627059049e-07	-7.675502720632209e-08	-8.629389569847926e-07
-0.22005803370399246	-4.3649098522713817e-07	1.00555283559345e-07	-7.919373015903715e-08	-8.415710290805704e-07
-0.22005804441077104	-4.2069034532257945e-07	9.853584874023267e-08	-8.140734678074896e-08	-8.239592445522052e-07
-0.2200580547281529	-4.0531890233061974e-07	9.64655978857986e-08	-8.334557981494364e-08	-8.063104737815399e-07
-0.2200580650580608	-3.8989092957755756e-07	9.426875058718632e-08	-8.485949574527933e-08	-7.857922224770198e-07
-0.22005807462022664	-3.756300349866636e-07	9.212792504690468e-08	-8.57635151241945e-08	-7.651772958617535e-07
-0.22005808383115197	-3.6176517747014364e-07	8.996765311942998e-08	-8.649940715812944e-08	-7.474104954876249e-07
-0.220058092353823	-3.489327880812613e-07	8.788244666961754e-08	-8.682163783925127e-08	-7.281713534993463e-07
-0.22005810124289985	-3.3533511762246117e-07	8.561381576583123e-08	-8.724120094489509e-08	-7.1100070329012e-07
-0.22005810914126944	-3.2334657902941134e-07	8.35168138433608e-08	-8.707613441719887e-08	-6.888081427288011e-07
-0.22005811737756273	-3.106840461043655e-07	8.125000020455759e-08	-8.692360020146062e-08	-6.717322243343642e-07
-0.22005812499358124	-2.9903569382718453e-07	7.908037480200299e-08	-8.634347827186611e-08	-6.50821420480785e-07
-0.22005813028880394	1.4930747606717235e-06	7.761551835092837e-08	-1.9751378316394404e-05	-6.333966073920122e-07
-0.22005828453768658	-1.2357063070375498e-05	3.906150379407456e-07	2.6446768256542517e-05	0.00025501742577038815
-0.22005844907672914	6.923512819539485e-07	7.373662297333336e-07	-1.9783512367309794e-06	-0.0002927729693716128
-0.22005834398602062	4.735546927427978e-06	4.979063947074389e-07	-1.063393356739359e-05	-1.4513353783423968e-05
-0.22005828077756107	2.89556957656856e-07	3.549103389023566e-07	-7.470873345665346e-07	8.685477698372114e-05
-0.22005827021587576	6.756153747834874e-07	3.30392722816724e-07	-1.4859105033099553e-06	-9.474934389222777e-06
-0.22005825221988506	7.003274723491546e-07	2.921365016661258e-07	-1.4385641166894464e-06	-9.094082989047815e-07
-0.2200582357853416	5.600628011894272e-07	2.59882463683305e-07	-1.0374124934555668e-06	1.691150175040739e-07
-0.2200582218869558	6.061250220736816e-07	2.3494314620809462e-07	-1.0608913586926354e-06	-2.7100082919122765e-06
-0.22005820534143966	6.142888912578006e-07	2.069908311723042e-07	-1.000922520458897e-06	-1.4774053387966117e-06
-0.22005819075046146	6.005801796083158e-07	1.840609477100621e-07	-9.09599213101242e-07	-9.655573593205737e-07
-0.2200581758800391	5.906379448694871e-07	1.623661736938991e-07	-8.312605746607418e-07	-9.760759070568112e-07
-0.22005816179988913	5.837207996042536e-07	1.432168291892791e-07	-7.682065325652584e-07	-8.974172262405985e-07
-0.22005814731410142	5.757570834811498e-07	1.2481029927465447e-07	-7.069900645955405e-07	-7.580125649840791e-07
-0.22005813304786306	5.662792801279978e-07	1.0790438462445072e-07	-6.482118923986719e-07	-6.230160255852547e-07
-0.22005811846500556	5.562464630625277e-07	9.181240521933681e-08	-5.922959844594346e-07	-5.18546075651651e-07
-0.22005810470355078	5.45615327058123e-07	7.767749265889895e-08	-5.412986876861817e-07	-4.115128806444518e-07
-0.22005809174163946	5.354290029332324e-07	6.525287474943501e-08	-4.965396481950417e-07	-3.3030698222104697e-07
-0.220058078499556	5.247552580059205e-07	5.34020810019775e-08	-4.5373882355765124e-07	-2.5205290646806674e-07
-0.2200580650163292	5.132371324007503e-07	4.21722408733301e-08	-4.122276246202084e-07	-1.7212606169213095e-07
-0.22005805234143738	5.016573524436906e-07	3.23631889478293e-08	-3.7463535340218035e-07	-9.946216819159085e-08
-0.22005803995253323	4.902717036966044e-07	2.3446686350993642e-08	-3.4052274987764207e-07	-4.343507845462276e-08
-0.22005802813825884	4.5248440289333735e-07	1.5983598317228834e-08	-2.5120641189351514e-07	1.4377426492052749e-08
-0.22005801663120547	4.7048531109274324e-07	9.32617441747413e-09	-2.864961326391201e-07	-5.66305326393399e-07
-0.22005800526736932	4.365862737858061e-07	3.0598778651018395e-09	-2.1011594259861857e-07	1.1828300615287946e-07
-0.22005799422124817	4.4915107154236805e-07	-2.483165632672227e-09	-2.375217547209472e-07	-3.728433725897673e-07
-0.22005798332080753	4.2056604436208357e-07	-7.726012065212155e-09	-1.7647694597065583e-07	1.8731980433559121e-07
-0.22005797272193517	4.281534711290466e-07	-1.2369081824665012e-08	-1.9634340490425932e-07	-1.829988597345334e-07
-0.2200579627307844	4.0356513166373467e-07	-1.6516803252845375e-08	-1.4691562998849237e-07	2.648390299086779e-07
-0.22005795397968847	2.902522187170605e-07	-2.012021736236259e-08	-6.715836194691883e-08	-2.9637010326530247e-08
-0.22005794404039353	4.152358367321664e-07	-2.4480955483050864e-08	-1.8571704411403678e-07	-1.3747991729781663e-07
-0.2200579337593596	3.7615640102841337e-07	-2.8339634510787618e-08	-1.0902859420867804e-07	8.124841370630334e-07
-0.22005792503099023	3.54570076783517e-07	-3.0446501417417854e-08	-7.085559091924112e-08	2.342648079412109e-07
-0.22005791609496508	3.61302441668582e-07	-3.2539239889113985e-08	-9.583713700601323e-08	-2.922471999254353e-08
-0.22005790727673719	3.432154213175174e-07	-3.46359847209493e-08	-6.709150137769409e-08	3.6783061406054696e-07
-0.220057898583441	3.2715026767125067e-07	-3.606494516880795e-08	-4.381514872440529e-08	2.0769327278156025e-07
-0.22005789088728755	3.149327540455057e-07	-3.694269692111413e-08	-2.8418016200068737e-08	7.47153763316551e-08
-0.22005788293726003	3.2229365030954995e-07	-3.800337743803471e-08	-5.673326822806211e-08	-5.352301398988372e-09
-0.22005787472255212	3.080804140479862e-07	-3.9316079948825596e-08	-3.8643980119367005e-08	3.8150022794586374e-07
-0.22005786719011497	2.9536299369648276e-07	-4.009886287060294e-08	-2.367137086783424e-08	3.0041263743787094e-07
-0.2200578599393995	2.855067593523358e-07	-4.058819320936371e-08	-1.5181027719357485e-08	2.2495630311991176e-07
-0.22005785318881385	2.775755717883133e-07	-4.0906313978476486e-08	-1.0513970242123821e-08	2.0312518380589493e-07
-0.22005784634905723	2.700107922176489e-07	-4.1141179055675606e-08	-7.271659210378746e-09	2.1133608610738054e-07
-0.2200578394340103	2.6229975210851775e-07	-4.13042567501902e-08	-4.310864606869596e-09	2.3225804402953947e-07
-0.2200578332280817	2.5521276101533297e-07	-4.1387614158185146e-08	-1.6845339993784685e-09	2.544907097601246e-07
-0.22005782694336154	2.478983782373551e-07	-4.140905278403039e-08	8.844092108943893e-10	2.729156234635468e-07
-0.22005782084108474	2.4060839777438213e-07	-4.136623624782511e-08	3.4026206644223843e-09	2.906574874233121e-07
-0.22005781468750182	2.3307050502650307e-07	-4.125489107993532e-08	5.951017093352431e-09	3.0572907721421126e-07
-0.22005780895497548	2.258594126524408e-07	-4.10849225954892e-08	8.36581759733105e-09	3.1874002120722394e-07
-0.22005780340162212	2.187313614760513e-07	-4.085544167647593e-08	1.066295647842331e-08	3.2835233789387234e-07
-0.22005779802521303	2.116963782387403e-07	-4.0569529312363904e-08	1.2839359602980848e-08	3.3602816793986675e-07
-0.22005779282474305	2.046142678961483e-07	-4.0227117004380326e-08	1.5220787529022215e-08	3.4189149221498015e-07
-0.22005778780236165	1.9745208857700047e-07	-3.982074533565499e-08	1.7899036200194816e-08	3.42486547507982e-07
-0.22005778295638972	1.9051188452048963e-07	-3.9350835355733783e-08	2.023269883225721e-08	3.3642378157447066e-07
-0.22005777828077122	1.8380535820031657e-07	-3.882689697470485e-08	2.221528157074511e-08	3.303377344360939e-07
-0.2200577739477385	1.7754307067721126e-07	-3.827949895364066e-08	2.389981414266989e-08	3.2470633050668995e-07
-0.22005776942087502	1.709376944326168e-07	-3.7642923861907945e-08	2.553260381767637e-08	3.1883479533598227e-07
-0.22005776544202907	4.760460576668524e-06	-3.668080484619123e-08	-1.3365614183316456e-05	3.1166815974455215e-07
-0.2200578587179553	-7.40762810155775e-06	1.742797479007215e-07	1.6649350810757023e-05	0.0001504793708182469
-0.22005792717641925	1.8410120666781716e-06	3.354988796637716e-07	-3.5449254815826076e-06	-0.00018338512315318654
-0.22005790017417448	4.981336992287121e-07	2.8930530429459854e-07	-5.031070214706793e-07	1.8683483648505696e-05
-0.22005788417710692	8.74486949773785e-07	2.7012718330303974e-07	-1.2368471790497188e-06	-1.1021159190324468e-05
-0.22005786005697123	9.952240346764394e-07	2.3531854116841195e-07	-1.4191050993885318e-06	-2.721407615961519e-06
-0.22005783683631153	8.537897695096496e-07	2.0440450478585513e-07	-1.0372631849543667e-06	7.196750066061023e-07
-0.2200578153204389	8.78928177881136e-07	1.789015452155349e-07	-1.0297887109444049e-06	-2.0349718352192083e-06
-0.2200577924183199	8.784772412838067e-07	1.5277039333306781e-07	-9.724814857758941e-07	-1.048668578645362e-06
-0.22005777076490246	8.544534111382702e-07	1.2972658705497029e-07	-8.736685116313111e-07	-5.30003897010488e-07
-0.2200577504756764	8.381049960903566e-07	1.0969658338596651e-07	-8.002676182457445e-07	-5.640945402409397e-07
-0.22005772973556617	8.223249823847248e-07	9.05737673204997e-08	-7.329374720185931e-07	-4.554241886640899e-07
-0.22005770859599455	8.047915643021231e-07	7.241310378117404e-08	-6.667809178265168e-07	-3.1299673563320956e-07
-0.2200576887165493	7.867577426469585e-07	5.653784606058585e-08	-6.061401468564685e-07	-1.899250718998866e-07
-0.2200576692895529	7.68792378220264e-07	4.21181333624343e-08	-5.50590053584923e-07	-1.0152646341797663e-07
-0.2200576503053643	7.51096822327102e-07	2.9015186730057355e-08	-5.001205186058164e-07	-1.6426272737613203e-08
-0.2200576328416173	6.994961702567047e-07	1.8331962867093304e-08	-3.795124497053995e-07	7.070295692954936e-08
-0.22005761451087438	7.172338936652359e-07	8.20472554769842e-09	-4.138199748291299e-07	-6.793003932828349e-07
-0.22005759711546446	6.696273367187877e-07	-9.570915959440548e-10	-3.08207283234574e-07	1.6599928696667204e-07
-0.22005758013302276	6.891217410279106e-07	-9.219010261325074e-09	-3.525393405089791e-07	-4.832206840914973e-07
-0.22005756348589287	6.427366236668116e-07	-1.6818944681500374e-08	-2.5502805775106795e-07	3.938036369970768e-07
-0.22005754798486563	6.5153522676915e-07	-2.318795974531944e-08	-2.8051745984246137e-07	-2.3107707712376503e-07
-0.22005753206649734	6.175370349686693e-07	-2.9505826974742818e-08	-2.1451458408149467e-07	3.705782924607727e-07
-0.22005751653825614	5.793308707515315e-07	-3.407676039335139e-08	-1.4147977270826697e-07	2.4269792428211185e-08
-0.22005750167607788	6.091059173585786e-07	-3.86028397396899e-08	-2.185506620043978e-07	-4.749275806649793e-07
-0.2200574869157331	5.738957534298898e-07	-4.321917875239695e-08	-1.5463809045302492e-07	5.905366823426303e-07
-0.22005747295474645	5.448096642432098e-07	-4.643214275629687e-08	-1.0543325274336394e-07	1.9684465294146415e-07
