0	0.5	5.5	0.4	0
-0.000760257	-0.0422437	-0.102489	-0.138484	-0
-0.00236294	-0.0754119	-0.107752	-0.247996	0.269787
-0.00466882	-0.0950678	-0.115582	-0.330252	3.49747
-0.00542196	0.0418546	-0.120946	-0.0708362	4.24913
-0.00205535	0.220312	-0.118151	0.280514	0.317627
0.00423156	0.234966	-0.110163	0.273834	0.0914347
0.00993577	0.204752	-0.104425	0.171346	0.860064
0.0154394	0.217516	-0.100047	0.16463	0.163268
0.0210043	0.194366	-0.0967629	0.0793527	1.56398
0.026438	0.241045	-0.0939271	0.150473	2.13363
0.0338049	0.323479	-0.0880249	0.300069	1.75067
0.0438678	0.392715	-0.0778704	0.421279	0.843316
0.055689	0.418111	-0.0651252	0.449725	0.0569445
0.0659236	0.400608	-0.0546224	0.391749	-0.0590903
0.0757829	0.356546	-0.0458936	0.27809	-0.00762508
0.0850804	0.310485	-0.0398426	0.161471	0.583316
0.0944365	0.331746	-0.0346046	0.193968	1.24223
0.104585	0.390235	-0.0274605	0.310784	1.00274
0.115317	0.433248	-0.0182087	0.397264	0.218555
0.126247	0.438774	-0.00812261	0.405018	-0.458438
0.137055	0.396094	0.00106808	0.310197	-0.641913
0.146488	0.360352	0.00780742	0.233239	-0.201405
0.156447	0.329649	0.0135493	0.169937	0.16463
0.165797	0.339553	0.0186497	0.197483	0.451855
0.174618	0.365625	0.0244018	0.261617	0.20772
0.183981	0.382127	0.0315436	0.306868	-0.33651
0.193525	0.355425	0.0388186	0.260225	-0.750193
0.203319	0.321586	0.045473	0.20196	-0.620974
0.211975	0.298313	0.0506146	0.168454	-0.426949
0.218993	0.288322	0.0545501	0.162975	-0.367811
0.226678	0.281761	0.0590066	0.168539	-0.4463
0.233627	0.274694	0.0632689	0.172939	-0.608693
0.240572	0.260208	0.0676284	0.163343	-0.762006
0.247763	0.236727	0.0719798	0.138252	-0.837329
0.253598	0.213099	0.075206	0.111397	-0.840203
0.258639	0.19126	0.0776863	0.0884333	-0.806871
0.263847	0.169151	0.0799516	0.0691733	-0.779407
0.268301	0.149882	0.0817128	0.0570235	-0.78827
0.271962	0.132468	0.083054	0.0467678	-0.839578
0.275365	0.11142	0.084135	0.0311447	-0.878033
0.278243	0.0878613	0.0847411	0.0114364	-0.893644
0.280365	0.064548	0.0847683	-0.00871566	-0.881549
0.281803	0.042827	0.0842821	-0.0265635	-0.860416
0.282626	0.0237871	0.0834312	-0.0409585	-0.835618
0.283004	0.00298305	0.0820305	-0.0552685	-0.812319
0.282857	-0.0140449	0.0805097	-0.0660961	-0.804251
0.282189	-0.0330624	0.0784796	-0.078749	-0.78904
0.280941	-0.0524705	0.0760013	-0.0920707	-0.768191
0.279349	-0.0694073	0.0734527	-0.103851	-0.742135
0.277065	-0.0875944	0.0702577	-0.116529	-0.701723
0.274379	-0.10382	0.0668489	-0.127051	-0.656531
0.271497	-0.117439	0.0634463	-0.134804	-0.619309
0.268405	-0.129557	0.059998	-0.141235	-0.5846
0.264452	-0.142772	0.0558061	-0.148289	-0.546577
0.260747	-0.153344	0.0520324	-0.153872	-0.507259
0.25679	-0.16299	0.0481296	-0.158676	-0.46598
0.25243	-0.172109	0.0439504	-0.163039	-0.423507
0.248027	-0.179904	0.0398347	-0.166454	-0.377091
0.242695	-0.187692	0.0349725	-0.16936	-0.328233
0.237933	-0.193165	0.0307289	-0.170629	-0.278401
0.232851	-0.197635	0.0262964	-0.17074	-0.234682
0.227667	-0.201128	0.0218703	-0.170211	-0.191658
0.221999	-0.203861	0.0171317	-0.169057	-0.146042
0.216678	-0.205495	0.0127632	-0.167548	-0.100217
0.210919	-0.206055	0.00812013	-0.164937	-0.0529376
0.205161	-0.20548	0.00356167	-0.161516	-0.00460668
0.200055	-0.203186	-0.000398437	-0.155946	0.0521385
0.194361	-0.188203	-0.00449416	-0.124004	0.0725747
0.189832	-0.175018	-0.00723108	-0.0969889	-0.0598804
0.185231	-0.179048	-0.00990187	-0.108707	-0.17533
0.180431	-0.190053	-0.0130959	-0.136706	-0.103533
0.175575	-0.198113	-0.0168024	-0.159221	0.188748
0.169992	-0.186742	-0.0211669	-0.141443	0.398587
0.165015	-0.169557	-0.0246933	-0.112115	0.382565
0.160798	-0.155585	-0.0273061	-0.0902744	0.289568
0.15658	-0.146559	-0.0296796	-0.0808624	0.226659
0.152831	-0.142357	-0.0317845	-0.0820428	0.242222
0.149323	-0.138533	-0.0338613	-0.0843337	0.313291
0.145949	-0.131752	-0.0359208	-0.0808158	0.391709
0.142424	-0.12046	-0.0380162	-0.0695339	0.435682
0.139455	-0.108417	-0.0396447	-0.0562752	0.44449
0.136896	-0.0968176	-0.0408886	-0.0439509	0.43118
0.134613	-0.0863288	-0.0418605	-0.0344241	0.417193
0.132275	-0.075423	-0.0427353	-0.0264896	0.4135
0.130242	-0.065169	-0.0434077	-0.0202768	0.427972
0.128734	-0.0558619	-0.0438332	-0.0140751	0.453223
0.127426	-0.0450985	-0.0440828	-0.00536548	0.465513
0.126441	-0.0341921	-0.0440927	0.00418663	0.462203
0.125725	-0.023506	-0.0438696	0.0132892	0.448517
0.125254	-0.0131076	-0.0434159	0.0213012	0.433667
0.125046	-0.00380376	-0.0428045	0.0276482	0.422914
0.125071	0.00543832	-0.0420068	0.0335501	0.417266
0.125321	0.0142086	-0.0410955	0.0392405	0.412167
0.125789	0.0229409	-0.0400391	0.0451671	0.404059
0.126474	0.0315304	-0.038834	0.051148	0.39129
0.12741	0.0401494	-0.0374252	0.0571209	0.374734
0.128514	0.0479379	-0.0359328	0.0622422	0.355175
0.129806	0.0551341	-0.0343229	0.0665693	0.336427
0.131332	0.0620901	-0.0325423	0.0704855	0.318973
0.133103	0.0688965	-0.0305896	0.0742936	0.298398
0.135202	0.0756967	-0.0283825	0.0780493	0.277638
0.137408	0.0817281	-0.0261546	0.0813125	0.253232
0.139512	0.0864771	-0.0240962	0.0835296	0.229933
0.141819	0.0908534	-0.0219029	0.0853213	0.208093
0.144137	0.0945239	-0.0197572	0.0865722	0.185435
0.146639	0.0978496	-0.0174962	0.0875411	0.163749
0.149422	0.100911	-0.0150394	0.0883041	0.139001
0.151972	0.103073	-0.0128331	0.0884919	0.114207
0.154568	0.104622	-0.0106301	0.0880541	0.0912136
0.157619	0.105873	-0.00809487	0.087245	0.0688089
0.160273	0.106519	-0.00592894	0.0863635	0.0445386
0.163362	0.106644	-0.0034531	0.08485	0.0212049
0.166022	0.10626	-0.00135675	0.0832115	-0.0121461
0.168597	0.0991068	0.000540798	0.0673848	-0.0291105
0.171066	0.0913263	0.00206093	0.0507582	0.0393071
0.173461	0.0933281	0.00343771	0.0560679	0.115971
0.175974	0.100035	0.00510347	0.0722051	0.0611532
0.178638	0.104686	0.00714439	0.0844901	-0.0725326
0.18148	0.0983682	0.00935688	0.0736084	-0.185848
0.184211	0.0902889	0.0112811	0.0597834	-0.164378
0.186396	0.084874	0.012667	0.051801	-0.124742
0.188717	0.0813687	0.0140643	0.0489805	-0.11049
0.190722	0.0792754	0.0152869	0.049161	-0.131614
0.192751	0.0768755	0.0165648	0.0492834	-0.16636
0.194842	0.0727463	0.0179015	0.0465064	-0.202696
0.196865	0.0668971	0.0191621	0.0406749	-0.226359
0.198521	0.0607827	0.0201281	0.0339157	-0.233748
0.200125	0.0540798	0.0209709	0.0267096	-0.227747
0.201455	0.0484588	0.0215944	0.0215886	-0.222112
0.202732	0.0429925	0.0221387	0.0175748	-0.221753
0.203746	0.0383265	0.0225386	0.0146154	-0.231854
0.204672	0.0331071	0.0228672	0.0108575	-0.242325
0.205429	0.0276799	0.0230809	0.00643736	-0.248173
0.206047	0.0220435	0.0231788	0.00161002	-0.24765
0.20659	0.015603	0.0231447	-0.00376104	-0.241475
0.206912	0.0103875	0.0229995	-0.00768294	-0.236679
0.207112	0.00520786	0.0227512	-0.0112914	-0.233445
0.207179	0.000351278	0.0224265	-0.0145826	-0.231097
0.207106	-0.00523067	0.0219467	-0.0184373	-0.226694
0.206914	-0.00992616	0.0214446	-0.0216649	-0.222605
0.206546	-0.0152878	0.0207611	-0.0254447	-0.214929
0.206107	-0.0196868	0.020087	-0.0284353	-0.206753
0.205464	-0.0245293	0.0192164	-0.0316238	-0.196559
0.204715	-0.0288848	0.0182936	-0.0343276	-0.185808
0.203816	-0.0330591	0.0172652	-0.036757	-0.17536
0.202836	-0.0368111	0.0162075	-0.0388738	-0.164485
0.201836	-0.0400188	0.0151755	-0.0405866	-0.154357
0.20067	-0.0432353	0.0140166	-0.0423086	-0.142311
0.19951	-0.0459196	0.0129007	-0.0436293	-0.13045
0.198188	-0.0485066	0.0116646	-0.0448144	-0.11728
0.196898	-0.0506274	0.0104881	-0.0457061	-0.10471
0.195558	-0.0524098	0.00929382	-0.0462573	-0.0916961
0.194068	-0.0539661	0.00799781	-0.0465083	-0.0784672
0.192706	-0.0550455	0.00683776	-0.0464524	-0.066289
0.191263	-0.0559114	0.00563459	-0.0462315	-0.055168
0.189858	-0.056505	0.0044854	-0.0458782	-0.0434355
0.188385	-0.0568664	0.00330202	-0.0453445	-0.0319841
0.186962	-0.0569801	0.00217882	-0.0446945	-0.0200905
0.18554	-0.0568277	0.00107469	-0.0438235	-0.00862112
0.184124	-0.0565393	-8.78234e-06	-0.0430107	0.00343611
0.182536	-0.0524946	-0.00114427	-0.0343563	0.0152199
0.181128	-0.0483827	-0.00197909	-0.0259065	-0.0201683
0.179704	-0.0498486	-0.00278881	-0.0300143	-0.0573334
0.178468	-0.0530947	-0.00360807	-0.0381258	-0.0262971
0.177054	-0.0554493	-0.0046906	-0.0446857	0.0515318
0.175653	-0.0524016	-0.00578495	-0.0397706	0.112602
0.174401	-0.0479915	-0.00667816	-0.0321249	0.105926
0.173076	-0.0436107	-0.00750246	-0.0251941	0.0803259
0.171853	-0.040996	-0.00818621	-0.0224199	0.0604271
0.170724	-0.0398432	-0.00881707	-0.0229879	0.0637512
0.169623	-0.0388637	-0.00947623	-0.0241709	0.0863116
0.168526	-0.0368086	-0.0101658	-0.0233699	0.113835
0.167645	-0.0337982	-0.0107077	-0.020164	0.131732
0.16676	-0.0296099	-0.0111962	-0.0149725	0.130927
0.16604	-0.025914	-0.011527	-0.0107143	0.120488
0.16543	-0.0230092	-0.0117604	-0.00813504	0.112074
0.164866	-0.0205211	-0.0119511	-0.00669287	0.111825
0.164311	-0.0178834	-0.012126	-0.00545518	0.117378
0.163851	-0.0151022	-0.0122545	-0.00380184	0.126353
0.163498	-0.0121192	-0.0123217	-0.00142197	0.132625
0.163236	-0.00894501	-0.012319	0.00152616	0.131972
0.163053	-0.00581408	-0.0122436	0.00439177	0.126407
0.162937	-0.00261672	-0.0120833	0.00696523	0.119256
0.162905	1.61308e-05	-0.0118788	0.00867968	0.11552
0.162943	0.00266913	-0.011614	0.0102113	0.113254
0.16304	0.00498085	-0.0113418	0.0115411	0.113508
0.163218	0.00766301	-0.0109933	0.0133471	0.111541
0.163451	0.0101468	-0.0106227	0.0151308	0.108157
0.163747	0.0125569	-0.0102061	0.0168859	0.102527
0.164089	0.0146916	-0.00976609	0.0183123	0.0959392
0.164481	0.0166101	-0.00929466	0.0194127	0.0900963
0.164937	0.018444	-0.00877756	0.0203707	0.0852272
0.165419	0.0200886	-0.00825836	0.0212	0.0803359
0.166029	0.0218906	-0.00763084	0.0221463	0.0746881
0.166594	0.0233243	-0.0070684	0.0228932	0.0685619
0.167194	0.024607	-0.00648919	0.0234948	0.0622244
0.167849	0.0257949	-0.00587225	0.0240026	0.0559254
0.168587	0.0269083	-0.00519558	0.0244215	0.0487539
0.169354	0.0278341	-0.00450991	0.0246773	0.0414595
0.170172	0.0286072	-0.00379389	0.0247997	0.034251
0.170981	0.0291677	-0.00310148	0.024767	0.0267551
0.171743	0.0294975	-0.00246172	0.0245442	0.019944
0.172572	0.0296843	-0.00178134	0.0241757	0.0135504
0.173433	0.0297534	-0.00108747	0.0237811	0.00718281
0.174175	0.0295804	-0.000502131	0.0231393	-0.00103677
0.174975	0.0273826	8.40229e-05	0.0182421	-0.00635036
0.175632	0.0252928	0.000479846	0.0137496	0.0154767
0.176375	0.026052	0.00090251	0.0156716	0.0367728
0.177135	0.0282462	0.00141523	0.0209004	0.0180864
0.177977	0.0296864	0.00207918	0.0247127	-0.024492
0.178781	0.0278254	0.00272422	0.0215048	-0.0603065
0.179471	0.0252985	0.00322221	0.0169684	-0.0538231
0.1801	0.0232298	0.00361633	0.0135882	-0.0377242
0.180665	0.022123	0.00393754	0.0123891	-0.0275878
0.181231	0.0215084	0.00425752	0.0124267	-0.0293175
0.181848	0.0210845	0.00462793	0.0131725	-0.03838
0.182426	0.0202895	0.004996	0.0131816	-0.0537277
0.182916	0.018909	0.00530757	0.01183	-0.0651872
0.183381	0.0169714	0.00558231	0.00942387	-0.0671568
0.183826	0.0148708	0.00580885	0.00689397	-0.0624415
0.184216	0.0131248	0.00597679	0.00521376	-0.0572249
0.184516	0.0119409	0.0060926	0.0045034	-0.0567794
0.184853	0.0105532	0.00621727	0.00386478	-0.0595854
0.185137	0.00910399	0.00631694	0.00305374	-0.0649447
0.185361	0.00750187	0.00638197	0.0017735	-0.0687747
0.185533	0.00578978	0.00640683	0.000184556	-0.0692684
0.185656	0.00412398	0.00639103	-0.00138433	-0.0666963
0.185744	0.00246976	0.00633416	-0.00277356	-0.0633546
0.185789	0.00104728	0.00624872	-0.00376158	-0.0608716
0.185799	-0.000259005	0.00614067	-0.00452745	-0.0599749
0.185775	-0.0015411	0.006013	-0.00528007	-0.0599257
0.185717	-0.00285196	0.00586435	-0.00614238	-0.0595232
0.185629	-0.00412897	0.00569916	-0.00705883	-0.0580014
0.185488	-0.00557808	0.00547886	-0.00812364	-0.0551094
0.185333	-0.00673253	0.00526592	-0.00890435	-0.051953
0.185144	-0.00783259	0.0050256	-0.00957239	-0.0491107
0.184926	-0.00884319	0.00476964	-0.0101282	-0.0464722
0.184694	-0.00974981	0.00451067	-0.0106036	-0.0439951
0.184407	-0.0107096	0.00420698	-0.0111167	-0.0411677
0.184129	-0.0115045	0.0039241	-0.011534	-0.0383144
0.183783	-0.0123644	0.00358326	-0.0119995	-0.0349334
0.183465	-0.0130204	0.00327961	-0.0123185	-0.031222
0.183078	-0.0136712	0.0029194	-0.0125726	-0.0275178
0.18273	-0.0141414	0.00260391	-0.0127025	-0.023973
0.182357	-0.0145399	0.00227363	-0.0127483	-0.0208103
0.18199	-0.0148569	0.00195541	-0.0127529	-0.017688
0.181615	-0.0151089	0.00163758	-0.0127184	-0.0145972
0.181235	-0.0152977	0.00132108	-0.0126487	-0.0114392
0.180789	-0.0154545	0.000956295	-0.01256	-0.00808148
0.180403	-0.0154691	0.000645745	-0.0123292	-0.00417792
0.180002	-0.015373	0.000330856	-0.0119512	-0.0013451
0.179559	-0.0152129	-8.67866e-06	-0.0115371	0.00115744
0.17919	-0.0142504	-0.000273487	-0.00947149	0.00400163
0.178834	-0.0131946	-0.000489199	-0.00728446	-0.00443747
0.178487	-0.0134761	-0.00068892	-0.00809964	-0.0140521
0.178126	-0.0143312	-0.000927705	-0.0102464	-0.00629389
0.177746	-0.01487	-0.00121479	-0.0117884	0.0129272
0.177356	-0.0140283	-0.00151381	-0.010421	0.0278903
0.176981	-0.0128252	-0.00177536	-0.00838171	0.025879
0.17666	-0.0118928	-0.00197352	-0.00697074	0.0197745
0.17637	-0.0113543	-0.00214003	-0.00645861	0.0165395
0.176047	-0.0110008	-0.0023271	-0.00652579	0.017989
0.175733	-0.010658	-0.00251827	-0.00668781	0.0238647
0.175474	-0.0101197	-0.00268086	-0.00635281	0.0307585
0.175222	-0.00926321	-0.00283344	-0.00540762	0.0338993
0.175003	-0.0083136	-0.00295361	-0.00426686	0.0335213
0.174785	-0.0073171	-0.00305694	-0.00317736	0.0313033
0.174598	-0.00651262	-0.00313283	-0.00250129	0.0299795
0.174444	-0.00586867	-0.00319019	-0.0021183	0.0304284
0.174306	-0.00522586	-0.00323831	-0.00175505	0.0321284
0.174184	-0.0045161	-0.00327569	-0.00125901	0.0338493
0.174071	-0.00364045	-0.00330045	-0.000538029	0.0344379
0.173984	-0.00277675	-0.00330472	0.000194356	0.0343496
0.173925	-0.00198602	-0.00329127	0.000854247	0.033535
0.173884	-0.0012072	-0.00326099	0.00145234	0.0326054
0.173863	-0.000501741	-0.00321832	0.00194409	0.0318749
0.17386	0.000201676	-0.00316161	0.00240588	0.0314098
0.173873	0.000866498	-0.00309585	0.00284449	0.0309709
0.173903	0.00151287	-0.00301926	0.00329134	0.0303422
0.173952	0.00219745	-0.00292752	0.00375935	0.0293482
0.174015	0.00281614	-0.00282824	0.00417828	0.0281716
0.174096	0.00342746	-0.00271431	0.00457953	0.0268819
0.174197	0.0040252	-0.00258554	0.00495749	0.0254659
0.174309	0.00455926	-0.00245259	0.00527462	0.0239299
0.174429	0.00503066	-0.0023176	0.0055308	0.0224521
0.174572	0.00550369	-0.00216501	0.00577886	0.0210743
0.17472	0.0059273	-0.00201206	0.00599948	0.0194967
0.174892	0.00634429	-0.00184139	0.00621006	0.0176756
0.175075	0.00671248	-0.00166546	0.0063768	0.0157889
0.175254	0.00700938	-0.00149831	0.00649109	0.0140303
0.175439	0.00726315	-0.00132873	0.00656778	0.0122641
0.175631	0.00747488	-0.00115761	0.00660998	0.0105121
0.17582	0.00763505	-0.00099264	0.00661007	0.00876941
0.176012	0.00772981	-0.000828788	0.0065203	0.00716364
0.176229	0.00779934	-0.000648337	0.0064023	0.00586018
0.176433	0.00785117	-0.000483197	0.00632331	0.00453814
0.176629	0.00787948	-0.000326313	0.0062526	0.00293274
0.176826	0.00787318	-0.000171512	0.00615674	0.00119446
0.177022	0.00782483	-1.96474e-05	0.00601864	-0.00100288
0.177212	0.00731654	0.000118108	0.00491945	-0.00212925
0.177394	0.00676691	0.00023	0.00377268	0.00254404
0.177565	0.00691248	0.000329314	0.00418221	0.0075479
0.177751	0.00736132	0.000452707	0.00529776	0.00442843
0.177939	0.00767836	0.000596272	0.00616266	-0.00624258
0.178141	0.00726469	0.000754161	0.00549227	-0.0142709
0.178315	0.00670594	0.000878743	0.00453222	-0.0134834
0.178483	0.00620858	0.000985925	0.00375686	-0.0105429
0.178634	0.00590505	0.00107502	0.0034262	-0.00861707
0.178785	0.00572619	0.00116341	0.0034124	-0.00908933
0.178926	0.00557009	0.0012492	0.0034623	-0.0115405
0.179062	0.00531641	0.00133385	0.00332602	-0.0143766
0.17919	0.00494517	0.00141211	0.00295856	-0.0161785
0.179313	0.00449394	0.00148227	0.00245882	-0.0165847
0.179419	0.0040577	0.00153757	0.00199358	-0.0162059
0.17953	0.00359692	0.00158887	0.00157343	-0.0156983
0.179622	0.00321608	0.00162744	0.00130366	-0.0157823
0.179712	0.00280695	0.00166249	0.00104912	-0.0164813
0.179777	0.00244279	0.00168538	0.000795523	-0.0175523
0.179835	0.00201922	0.00170131	0.000440084	-0.0180358
0.17988	0.00159155	0.00170732	5.72391e-05	-0.0178899
0.179917	0.00114159	0.00170342	-0.000329611	-0.0173687
0.17994	0.000753122	0.00169129	-0.000628653	-0.0167983
0.179956	0.000334911	0.00166884	-0.000910898	-0.0163558
0.17996	-2.04742e-05	0.00164223	-0.00112937	-0.0163265
0.179955	-0.000365978	0.00161109	-0.00135711	-0.0162691
0.17994	-0.000730139	0.00157237	-0.00161633	-0.0159928
0.179917	-0.00107581	0.00152874	-0.00186913	-0.0154373
0.179886	-0.00140447	0.00147909	-0.00209979	-0.0147402
0.17984	-0.00176224	0.00141472	-0.00233731	-0.0139262
0.179786	-0.00207894	0.00134665	-0.00252776	-0.0131134
0.179731	-0.00233788	0.00128174	-0.00266722	-0.0124905
0.179667	-0.00259296	0.00121067	-0.00280408	-0.0118927
0.179593	-0.00284686	0.0011331	-0.00294819	-0.0111941
0.179516	-0.00307832	0.00105479	-0.00308455	-0.0103194
0.179433	-0.00328692	0.000973157	-0.0031983	-0.00935663
0.179339	-0.00346956	0.000882879	-0.00325976	-0.00831794
0.17925	-0.00360343	0.000801269	-0.00327859	-0.00758307
0.179144	-0.00374411	0.00070607	-0.00330179	-0.00691344
0.179049	-0.003857	0.000623272	-0.00333238	-0.00615206
0.178947	-0.00395962	0.000536414	-0.00336049	-0.00528444
0.178835	-0.00405013	0.000442246	-0.0033799	-0.0042655
0.178721	-0.00411563	0.000347768	-0.00337886	-0.00317551
0.178601	-0.00415196	0.000250451	-0.00334493	-0.00209991
0.178484	-0.00415523	0.000157977	-0.00327706	-0.00108165
0.178369	-0.00413127	6.77831e-05	-0.0031828	-0.000227094
0.178254	-0.00408873	-1.96495e-05	-0.00308022	0.000533862
0.17815	-0.0038281	-9.32564e-05	-0.0025275	0.00131886
0.178058	-0.00356054	-0.000149085	-0.00197998	-0.000874983
0.177965	-0.00362475	-0.000203084	-0.00218001	-0.00323587
0.17786	-0.00384814	-0.00027223	-0.00275587	-0.00122391
0.177754	-0.00398441	-0.000352404	-0.00316388	0.00404184
0.177657	-0.00377513	-0.000427066	-0.00283145	0.00810604
0.177557	-0.00342377	-0.00049744	-0.00222931	0.0076795
0.177475	-0.00315322	-0.000547534	-0.00180591	0.00574457
0.177386	-0.0029645	-0.000596434	-0.00160786	0.00452322
0.177313	-0.00288396	-0.000636692	-0.00163173	0.00483034
0.177231	-0.00279748	-0.000684796	-0.00169132	0.00614446
0.17716	-0.00266495	-0.000727997	-0.00163964	0.00804798
0.177094	-0.00244589	-0.000767505	-0.0014123	0.00914431
0.177029	-0.00216759	-0.000802291	-0.00107519	0.00913775
0.176977	-0.00191278	-0.000826644	-0.000805095	0.00856326
0.176931	-0.00170862	-0.00084442	-0.000629389	0.0082179
0.17689	-0.00152184	-0.000859073	-0.000508148	0.00827191
0.176852	-0.00133956	-0.000870809	-0.000401285	0.00864294
0.176821	-0.00115051	-0.000879142	-0.000271597	0.00906517
0.176792	-0.00091091	-0.00088412	-7.9235e-05	0.00921397
0.176772	-0.000699469	-0.000883811	9.65644e-05	0.00920632
0.176757	-0.000489703	-0.000879148	0.000269471	0.00901655
0.176746	-0.000265593	-0.000869106	0.000442008	0.00870655
0.176742	-7.18755e-05	-0.000855816	0.000574629	0.00853704
0.176743	0.000107409	-0.000839948	0.000691574	0.00840542
0.176748	0.000290722	-0.000820361	0.00081228	0.00827748
0.176759	0.000485829	-0.000795737	0.000945233	0.00802089
0.176774	0.000659521	-0.00076964	0.00106087	0.00777595
0.176796	0.000846799	-0.000737056	0.00118674	0.00745987
0.176822	0.00101961	-0.000702192	0.00130299	0.00704719
0.176849	0.00116109	-0.000668537	0.00138984	0.00657989
0.176883	0.00129827	-0.000630069	0.00146206	0.00617976
0.176924	0.00143942	-0.000585203	0.00153383	0.00582082
0.176964	0.00155947	-0.000542967	0.00159843	0.00537248
0.177004	0.00165923	-0.000502443	0.00164672	0.00490231
0.177047	0.00174641	-0.000460898	0.00168078	0.00447227
0.177097	0.0018334	-0.000413489	0.00171178	0.00402975
0.177146	0.0019053	-0.000368704	0.00173671	0.00359971
0.177202	0.00197483	-0.000318123	0.00175913	0.00309448
0.177258	0.00202937	-0.000268796	0.0017714	0.0025417
0.177315	0.00206856	-0.00021937	0.00176769	0.00200255
0.177367	0.00209083	-0.000175421	0.00175227	0.00152763
0.177422	0.00210237	-0.000130281	0.00172554	0.00106931
0.177481	0.00210316	-8.26153e-05	0.00168814	-0.00142591
0.177539	0.00190213	-4.0351e-05	0.00122405	6.27546e-05
0.177592	0.0018753	-7.17899e-06	0.00115637	0.00240245
0.177648	0.00199364	3.00069e-05	0.0014198	0.00232572
0.177699	0.00210764	6.88858e-05	0.00168557	8.91837e-05
0.177752	0.002125	0.000112	0.00175282	-0.00219083
0.177803	0.001992	0.000152532	0.00150401	-0.00337813
0.177857	0.0018344	0.000190467	0.00122082	-0.00265324
0.177903	0.00173169	0.000219881	0.00106491	-0.00175545
0.177947	0.00165953	0.000246355	0.000985469	-0.00151103
0.177988	0.00160597	0.000270486	0.000952022	-0.00170045
0.178028	0.00156374	0.000294211	0.00095118	-0.002142
0.178069	0.00152895	0.000320267	0.000982751	-0.00279009
0.17811	0.0014701	0.000346648	0.000970816	-0.00371779
0.178147	0.0013713	0.000370588	0.000875473	-0.00442115
0.178179	0.0012472	0.000390521	0.000727153	-0.00459766
0.178211	0.00111087	0.000407899	0.000568505	-0.00440463
0.17824	0.000986856	0.000422016	0.000447845	-0.00413479
0.178264	0.000894863	0.000432361	0.000385157	-0.00412109
0.178286	0.000804365	0.000441667	0.000334646	-0.00432888
0.178305	0.00071045	0.000449228	0.000273707	-0.00461864
0.178322	0.000600563	0.000455149	0.00018585	-0.00480994
0.178336	0.000483418	0.000458606	8.36844e-05	-0.00483929
0.178347	0.000357113	0.000459352	-2.58687e-05	-0.00472101
0.178355	0.000247162	0.000457538	-0.000112549	-0.00460912
0.17836	0.000143214	0.000453633	-0.00018533	-0.00452514
0.178363	4.74651e-05	0.000448183	-0.000248427	-0.00449203
0.178362	-6.28053e-05	0.000439882	-0.000322437	-0.00443842
0.178359	-0.000171847	0.000429428	-0.000397278	-0.00436555
0.178353	-0.000264344	0.000418671	-0.000461955	-0.00426981
0.178345	-0.000358386	0.000405778	-0.000528484	-0.00412409
0.178334	-0.000454882	0.000390048	-0.00059485	-0.00391152
0.178321	-0.000534059	0.00037456	-0.000643883	-0.00372306
0.178306	-0.000610646	0.000357254	-0.000687796	-0.0035537
0.17829	-0.000683028	0.000338854	-0.000728528	-0.00338378
0.178269	-0.000757071	0.000317883	-0.000770993	-0.00317526
0.17825	-0.000818047	0.000298206	-0.000804269	-0.00296468
0.178228	-0.000876059	0.000276932	-0.000833956	-0.00274961
0.178204	-0.000929302	0.000254918	-0.00086051	-0.00252149
0.178179	-0.000976473	0.000232304	-0.000881304	-0.00226174
0.178152	-0.00101879	0.000208329	-0.000896454	-0.00203716
0.178125	-0.0010541	0.000184919	-0.000907153	-0.00179272
0.178098	-0.0010835	0.0001613	-0.000912847	-0.0015514
0.178067	-0.00110934	0.000135762	-0.000915185	-0.00130255
0.178038	-0.00112818	0.000112008	-0.000914383	-0.00105003
0.178008	-0.00114089	8.83478e-05	-0.000908191	-0.000798287
0.17798	-0.00114665	6.5845e-05	-0.000895573	-0.000556275
0.17795	-0.00114739	4.28189e-05	-0.000878642	-0.000345038
0.177919	-0.00114399	1.93924e-05	-0.000860116	-0.000131497
0.177889	-0.0011362	-2.65748e-06	-0.000840065	0.000100565
0.177862	-0.00106515	-2.19283e-05	-0.00068818	0.00032427
0.177832	-0.000978554	-3.91254e-05	-0.000510645	-0.000291338
0.177805	-0.0010002	-5.42823e-05	-0.00057414	-0.00107605
0.177779	-0.00106367	-7.06551e-05	-0.000733518	-0.000392981
0.177748	-0.00110351	-9.28835e-05	-0.000850524	0.000622231
0.17772	-0.0010535	-0.000114182	-0.000775805	0.00208938
0.177691	-0.000960556	-0.00013427	-0.000618853	0.00208671
0.177668	-0.000886666	-0.000148199	-0.000502742	0.00163378
0.177647	-0.000839067	-0.000159989	-0.000448469	0.00131854
0.177625	-0.000811004	-0.000171509	-0.000442982	0.00133715
0.177604	-0.00078662	-0.000183564	-0.000451863	0.00163487
0.177584	-0.000753279	-0.000194707	-0.000440264	0.00207284
0.177566	-0.000699442	-0.000205482	-0.000389911	0.00236177
0.177547	-0.00062807	-0.000215224	-0.000310079	0.00242294
0.17753	-0.000554373	-0.000223012	-0.000231218	0.00233582
0.177515	-0.000491102	-0.000228646	-0.000174813	0.00224177
0.177502	-0.000435495	-0.000232969	-0.000137031	0.00224316
0.177492	-0.000385838	-0.000236125	-0.000107552	0.00235727
0.177482	-0.000331613	-0.000238397	-6.89832e-05	0.00246703
0.177475	-0.000272647	-0.000239535	-2.0605e-05	0.00251302
0.177469	-0.000214273	-0.000239399	2.94182e-05	0.00248594
0.177464	-0.000155274	-0.000237977	7.79468e-05	0.00242063
0.177461	-0.000101918	-0.00023551	0.000117839	0.00235192
0.177459	-4.35435e-05	-0.000231497	0.000157609	0.0022848
0.177458	7.77041e-06	-0.0002268	0.000189512	0.00226768
0.177459	5.72728e-05	-0.000221442	0.000222126	0.00224219
0.177461	0.000104807	-0.000215468	0.000255187	0.0021886
0.177464	0.000153076	-0.000208383	0.000289214	0.00210901
0.177469	0.000200691	-0.000200141	0.000321934	0.0020082
0.177475	0.00024183	-0.000191763	0.000348084	0.00189637
0.177481	0.000280874	-0.000182428	0.000370279	0.00179819
0.17749	0.000320408	-0.000171757	0.000392314	0.00170572
0.177499	0.000357723	-0.000160489	0.000413477	0.00159664
0.17751	0.000392316	-0.000148655	0.000432881	0.00147148
0.17752	0.000419966	-0.000137669	0.000446825	0.00133425
0.177531	0.000444715	-0.000125942	0.000456385	0.0012102
0.177544	0.000467482	-0.000113529	0.000464122	0.00108317
0.177557	0.000487888	-0.000100472	0.00046976	0.000883444
0.177569	0.000499315	-8.88211e-05	0.000463927	-0.000101547
0.177583	0.000429828	-7.79962e-05	0.000280069	-0.00027982
0.177594	0.000365103	-7.24897e-05	0.000109754	0.00177795
0.177604	0.000430983	-6.81962e-05	0.000231261	0.00280561
0.177617	0.000552953	-5.89657e-05	0.000477065	0.00207008
0.177632	0.000639071	-4.47891e-05	0.000648894	0.000436886
0.177651	0.000654614	-2.54261e-05	0.000669598	-0.000759499
0.177667	0.000591949	-1.06141e-05	0.00052625	-0.00113245
0.177682	0.000518335	1.72207e-06	0.000363184	-0.000478891
0.177694	0.00047399	9.43741e-06	0.000267724	0.000329606
0.177707	0.000488568	1.68068e-05	0.000304074	0.000769079
0.177721	0.000534192	2.68482e-05	0.000411974	0.000425942
0.177735	0.00056184	3.80873e-05	0.000483088	-0.000411447
0.177749	0.000531252	5.00206e-05	0.000430872	-0.00105473
0.177762	0.000488303	5.97804e-05	0.000354519	-0.000974635
0.177774	0.000451117	6.81631e-05	0.000294599	-0.00072419
0.177786	0.000427555	7.59834e-05	0.000269171	-0.000561392
0.177797	0.000415668	8.29545e-05	0.000270075	-0.000616273
0.177809	0.000405218	9.06217e-05	0.000278649	-0.000812014
0.177819	0.000387905	9.77813e-05	0.000272539	-0.00108461
0.177828	0.000359217	0.000104195	0.000242477	-0.00125908
0.177837	0.000324089	0.00010971	0.000200244	-0.00128062
0.177846	0.000283847	0.000114814	0.000154387	-0.00121677
0.177853	0.000250536	0.00011868	0.000123902	-0.00115047
0.177859	0.000225554	0.000121564	0.000108216	-0.00116297
0.177865	0.000197316	0.000124462	9.2745e-05	-0.00122742
0.17787	0.000167591	0.000126773	7.33644e-05	-0.00132104
0.177874	0.000137156	0.000128277	4.81431e-05	-0.00138484
0.177877	0.000100139	0.000129127	1.39128e-05	-0.00137738
0.177879	6.65892e-05	0.000129084	-1.59305e-05	-0.00133238
0.177881	3.32862e-05	0.000128258	-4.20211e-05	-0.00127828
0.177881	5.12847e-06	0.000126912	-6.05497e-05	-0.00125575
0.177881	-2.18736e-05	0.000125116	-7.70735e-05	-0.00125284
0.17788	-4.79963e-05	0.000122973	-9.39499e-05	-0.00125309
0.177879	-7.56577e-05	0.000120272	-0.0001134	-0.00123881
0.177876	-0.000105367	0.000116787	-0.000135292	-0.00119717
0.177873	-0.000134778	0.000112552	-0.000156439	-0.00113993
0.177868	-0.000161003	0.000107929	-0.000173708	-0.00107541
0.177864	-0.000184882	0.000102873	-0.000187596	-0.00101863
0.177858	-0.000205494	9.785e-05	-0.000198774	-0.000974471
0.177853	-0.000224263	9.27577e-05	-0.000208864	-0.000928796
0.177846	-0.000245072	8.6539e-05	-0.000220591	-0.000875866
0.17784	-0.000261926	8.09078e-05	-0.000230249	-0.000811167
0.177833	-0.000277122	7.45781e-05	-0.000229064	-0.000744671
0.177825	-0.0002937	6.77923e-05	-0.000246536	-0.000751523
0.177817	-0.000310087	6.12074e-05	-0.000260583	-0.000596442
0.177809	-0.000319944	5.46651e-05	-0.000263291	-0.00047202
0.177801	-0.000325505	4.79005e-05	-0.000258077	-0.000407389
0.177792	-0.000329427	4.15374e-05	-0.000252077	-0.000382367
0.177783	-0.000334805	3.42849e-05	-0.000249504	-0.000359897
0.177774	-0.000340309	2.80348e-05	-0.000251386	-0.000302607
0.177766	-0.000344778	2.17396e-05	-0.00025304	-0.000221655
0.177757	-0.000347289	1.51785e-05	-0.000252255	-0.000135234
0.177748	-0.000347077	8.69279e-06	-0.000247707	-5.37674e-05
0.177738	-0.000344444	1.88388e-06	-0.000239964	8.65277e-06
0.177729	-0.000321419	-3.75841e-06	-0.000189771	6.62467e-05
0.177721	-0.0002954	-8.24903e-06	-0.000134894	-0.000152472
0.177713	-0.000303277	-1.18751e-05	-0.000155415	-0.000404951
0.177705	-0.000325502	-1.66077e-05	-0.000208928	-0.000212434
0.177696	-0.000340022	-2.25578e-05	-0.000247353	0.000203495
0.177688	-0.000321159	-2.85685e-05	-0.000214615	0.000551787
0.17768	-0.000299006	-3.34231e-05	-0.000176107	0.000472023
0.177673	-0.000281593	-3.76292e-05	-0.000149931	0.000342798
0.177665	-0.000269521	-4.1617e-05	-0.000137886	0.000278409
0.177658	-0.000261248	-4.51438e-05	-0.000134413	0.000315002
0.177651	-0.000254932	-4.85128e-05	-0.000135787	0.000390162
0.177645	-0.000247772	-5.19111e-05	-0.000136414	0.000490706
0.177638	-0.000235211	-5.5607e-05	-0.000128452	0.000576349
0.177633	-0.000220215	-5.87585e-05	-0.000114916	0.000622435
0.177627	-0.000204454	-6.14316e-05	-9.99078e-05	0.000614762
0.177622	-0.000189956	-6.37749e-05	-8.84865e-05	0.000590996
0.177617	-0.000175593	-6.62327e-05	-8.15168e-05	0.00052916
0.177613	-0.000166776	-6.83902e-05	-8.49737e-05	0.000174404
0.177608	-0.000171566	-7.08877e-05	-0.000118128	0.000954728
0.177604	-0.00014293	-7.3331e-05	-7.88049e-05	0.00129364
0.177601	-9.32525e-05	-7.43737e-05	3.17381e-06	0.0011688
0.177599	-5.30202e-05	-7.34267e-05	6.6351e-05	0.000338865
0.177598	-5.32712e-05	-7.17908e-05	3.83849e-05	0.000322057
0.177596	-5.87267e-05	-7.1269e-05	3.46974e-07	0.000465433
0.177595	-5.62254e-05	-7.14945e-05	-1.74055e-05	0.000934753
0.177594	-2.55703e-05	-7.14053e-05	2.28111e-05	0.00115789
0.177593	1.22026e-05	-7.00664e-05	8.25886e-05	0.000977628
0.177594	4.1442e-05	-6.74555e-05	0.000124293	0.000491623
0.177595	4.82657e-05	-6.40652e-05	0.000115259	0.000349115
0.177597	4.69248e-05	-6.1385e-05	9.10673e-05	0.000433309
0.177598	5.00471e-05	-5.92822e-05	7.82578e-05	0.000566853
0.1776	6.23529e-05	-5.69487e-05	8.32744e-05	0.000575199
0.177602	7.60377e-05	-5.44059e-05	9.22332e-05	0.000603243
0.177604	8.98852e-05	-5.19361e-05	0.000105267	0.000647983
0.177606	0.000107368	-4.89199e-05	0.000126502	0.000621992
0.177609	0.000124392	-4.53489e-05	0.000147844	0.00052078
0.177612	0.000136604	-4.14926e-05	0.000160459	0.000393497
0.177616	0.000144009	-3.72778e-05	0.000163331	0.000303915
0.17762	0.000147378	-3.32525e-05	0.000159212	0.000263799
0.177624	0.000150108	-2.903e-05	0.000154222	0.000262587
0.177628	0.000153836	-2.50426e-05	0.000153216	0.000261485
0.177632	0.000158529	-2.11843e-05	0.000155955	0.000233721
0.177636	0.000161694	-1.69279e-05	0.000148936	0.000179714
0.17764	0.000166721	-1.25887e-05	0.000161981	0.000198259
0.177645	0.000172569	-7.93446e-06	0.000171017	4.38865e-05
0.17765	0.000171568	-3.54238e-06	0.000166852	-7.34146e-05
0.177654	0.000157283	5.36404e-07	0.000134984	-0.000115737
0.177658	0.000144086	3.7709e-06	0.000106789	1.88101e-05
0.177662	0.000145071	6.48217e-06	0.0001106	0.000136077
0.177666	0.000152871	9.49406e-06	0.000130282	6.45146e-05
0.177669	0.000158133	1.29454e-05	0.000145447	-0.00011099
0.177673	0.000150074	1.64214e-05	0.000132538	-0.000269344
0.177677	0.000139384	1.97524e-05	0.000115441	-0.000261128
0.177681	0.000129982	2.27892e-05	0.000102565	-0.000231809
0.177685	0.000123024	2.56588e-05	9.64402e-05	-0.000225633
0.177688	0.000118335	2.80442e-05	9.4885e-05	-0.000261105
0.177691	0.000112414	3.04647e-05	9.17929e-05	-0.000316464
0.177693	0.000104663	3.26685e-05	8.50608e-05	-0.00036662
0.177696	9.36951e-05	3.49639e-05	7.37731e-05	-0.000393424
0.177698	8.34742e-05	3.66652e-05	6.30127e-05	-0.000399736
0.1777	7.31082e-05	3.81639e-05	5.2944e-05	-0.000397357
0.177702	6.3409e-05	3.9427e-05	4.4806e-05	-0.000398976
0.177704	5.41106e-05	4.04965e-05	3.79431e-05	-0.000409893
0.177705	4.50105e-05	4.1357e-05	3.13096e-05	-0.000426594
0.177706	3.50455e-05	4.20661e-05	2.35798e-05	-0.0004407
0.177707	2.49876e-05	4.25469e-05	1.52982e-05	-0.000448179
0.177707	1.47585e-05	4.28176e-05	6.76462e-06	-0.000447606
0.177707	3.50961e-06	4.28751e-05	-2.2744e-06	-0.000442508
0.177707	-7.73758e-06	4.26809e-05	-1.07756e-05	-0.000436124
0.177707	-1.74488e-05	4.23077e-05	-1.76768e-05	-0.000430651
0.177706	-2.65815e-05	4.17885e-05	-2.39509e-05	-0.000426553
0.177706	-3.58713e-05	4.10809e-05	-3.03418e-05	-0.000421951
0.177705	-4.58266e-05	4.01314e-05	-3.73554e-05	-0.000414353
0.177703	-5.45325e-05	3.91186e-05	-4.35364e-05	-0.000401545
0.177702	-6.31658e-05	3.79091e-05	-4.94166e-05	-0.000387024
0.1777	-7.1691e-05	3.6498e-05	-5.50174e-05	-0.000371585
0.177698	-7.94212e-05	3.50047e-05	-5.98514e-05	-0.000354722
0.177696	-8.66638e-05	3.33933e-05	-6.41409e-05	-0.000338217
0.177694	-9.32064e-05	3.17439e-05	-6.78721e-05	-0.000321518
0.177691	-9.95974e-05	2.99343e-05	-7.14308e-05	-0.000304628
0.177688	-0.000105368	2.811e-05	-7.46227e-05	-0.00028573
0.177686	-0.000110943	2.61314e-05	-7.76496e-05	-0.000265809
0.177683	-0.000115793	2.41617e-05	-8.00843e-05	-0.000243616
0.17768	-0.000120067	2.21392e-05	-8.19062e-05	-0.000222135
0.177676	-0.000124307	1.98272e-05	-8.35344e-05	-0.000202735
0.177673	-0.000127919	1.76372e-05	-8.50988e-05	-0.000177869
0.17767	-0.00013101	1.53291e-05	-8.60655e-05	-0.000152568
0.177666	-0.00013328	1.30934e-05	-8.6215e-05	-0.000127352
0.177663	-0.00013489	1.08631e-05	-8.56754e-05	-0.000105279
0.177659	-0.000135954	8.73622e-06	-8.48038e-05	-8.51961e-05
0.177656	-0.000136661	6.54971e-06	-8.37517e-05	-6.61745e-05
0.177652	-0.000137036	4.39042e-06	-8.27082e-05	-4.54883e-05
0.177648	-0.000137023	2.01651e-06	-8.14557e-05	-2.53318e-05
0.177644	-0.000136647	-3.22529e-07	-8.02961e-05	1.12746e-06
0.177641	-0.000128004	-2.19326e-06	-6.17636e-05	3.29116e-05
0.177638	-0.000118686	-3.52854e-06	-4.2296e-05	-4.87384e-05
0.177635	-0.000121363	-4.7214e-06	-4.95523e-05	-0.000143097
0.177631	-0.000130154	-6.40697e-06	-7.07029e-05	-7.95318e-05
0.177628	-0.000135568	-8.44294e-06	-8.52101e-05	8.56905e-05
0.177624	-0.000127644	-1.05541e-05	-7.11639e-05	0.000214484
0.177621	-0.000118473	-1.2181e-05	-5.48978e-05	0.000172662
0.177618	-0.000112098	-1.34171e-05	-4.50798e-05	0.00011106
0.177615	-0.000107523	-1.44643e-05	-3.95795e-05	8.34823e-05
0.177612	-0.000103593	-1.54816e-05	-3.62207e-05	8.03585e-05
0.17761	-0.000100545	-1.63645e-05	-3.47172e-05	9.20315e-05
0.177607	-9.78982e-05	-1.72625e-05	-3.46004e-05	0.000112644
0.177605	-9.57235e-05	-1.81759e-05	-3.58256e-05	0.000143504
0.177602	-9.31153e-05	-1.90742e-05	-3.61647e-05	0.000183721
0.1776	-8.85831e-05	-1.9968e-05	-3.28318e-05	0.00021848
0.177598	-8.236e-05	-2.07643e-05	-2.63443e-05	0.000232417
0.177596	-7.58296e-05	-2.1351e-05	-1.91528e-05	0.000227244
0.177594	-6.95468e-05	-2.17795e-05	-1.29581e-05	0.000214375
0.177592	-6.45625e-05	-2.20528e-05	-9.16318e-06	0.000206489
0.17759	-5.93962e-05	-2.22725e-05	-6.20495e-06	0.000205145
0.177589	-5.49646e-05	-2.24041e-05	-4.0513e-06	0.000220445
0.177587	-4.96152e-05	-2.24599e-05	-2.09837e-07	0.000232509
0.177586	-4.40924e-05	-2.24029e-05	4.59557e-06	0.000234075
0.177585	-3.82781e-05	-2.22136e-05	9.78882e-06	0.000226202
0.177584	-3.26446e-05	-2.18851e-05	1.43849e-05	0.000214656
0.177583	-2.79616e-05	-2.1484e-05	1.75902e-05	0.000205186
0.177583	-2.33174e-05	-2.09712e-05	2.03053e-05	0.000200941
0.177582	-1.89741e-05	-2.04102e-05	2.28187e-05	0.000199169
0.177582	-1.44133e-05	-1.97543e-05	2.57528e-05	0.000196465
0.177581	-9.8216e-06	-1.90149e-05	2.89992e-05	0.000189865
0.177581	-5.49498e-06	-1.82548e-05	3.15379e-05	0.000179289
0.177581	-1.80451e-06	-1.73919e-05	3.44647e-05	0.000173082
0.177581	2.0194e-06	-1.64617e-05	3.71115e-05	0.000157418
0.177581	5.18419e-06	-1.55119e-05	3.88396e-05	0.000144141
0.177581	8.29202e-06	-1.44055e-05	4.01919e-05	0.000134536
0.177582	1.09241e-05	-1.3348e-05	4.12574e-05	0.000125499
0.177582	1.3286e-05	-1.23053e-05	4.22533e-05	0.000116655
0.177582	1.54924e-05	-1.12378e-05	4.32517e-05	0.000106856
0.177583	1.76115e-05	-1.0101e-05	4.42779e-05	9.55824e-05
0.177583	1.94532e-05	-8.94098e-06	4.50846e-05	8.23548e-05
0.177584	2.09702e-05	-7.76353e-06	4.55752e-05	6.88942e-05
0.177584	2.21014e-05	-6.5801e-06	4.56194e-05	5.58587e-05
0.177585	2.29005e-05	-5.39996e-06	4.53356e-05	4.42126e-05
0.177585	2.3415e-05	-4.27439e-06	4.48818e-05	3.33799e-05
0.177586	2.37109e-05	-3.16164e-06	4.43129e-05	2.30527e-05
0.177587	2.38452e-05	-2.01905e-06	4.37228e-05	1.25057e-05
0.177587	2.37776e-05	-9.35471e-07	4.30868e-05	5.83257e-07
0.177588	2.34207e-05	2.13624e-07	4.21701e-05	-1.1338e-05
0.177588	2.16801e-05	1.22387e-06	3.85815e-05	-2.36859e-05
0.177589	2.00651e-05	2.18391e-06	3.56114e-05	-1.86823e-05
0.177589	1.88956e-05	3.08455e-06	3.39335e-05	-1.76985e-05
0.17759	1.81081e-05	3.95721e-06	3.33933e-05	-2.45912e-05
0.17759	1.76316e-05	4.89775e-06	3.39567e-05	-4.1382e-05
0.177591	1.69097e-05	5.74688e-06	3.41012e-05	-6.22291e-05
0.177591	1.53905e-05	6.58072e-06	3.27715e-05	-8.1945e-05
0.177592	1.28269e-05	7.48566e-06	2.98019e-05	-9.58087e-05
0.177592	1.01435e-05	8.18621e-06	2.64651e-05	-9.781e-05
0.177592	7.5048e-06	8.80919e-06	2.36798e-05	-9.65109e-05
0.177592	5.16829e-06	9.3929e-06	2.14249e-05	-9.87051e-05
0.177592	2.98259e-06	9.90585e-06	1.97432e-05	-0.000103091
0.177593	6.38274e-07	1.03951e-05	1.80369e-05	-0.000110562
0.177593	-1.83214e-06	1.08197e-05	1.60711e-05	-0.00011849
0.177592	-4.6522e-06	1.12041e-05	1.36142e-05	-0.000123861
0.177592	-7.5233e-06	1.15101e-05	1.10148e-05	-0.000126447
0.177592	-1.05247e-05	1.17604e-05	8.37222e-06	-0.000126819
0.177592	-1.33407e-05	1.1939e-05	6.05468e-06	-0.000126776
0.177591	-1.65114e-05	1.20778e-05	3.63756e-06	-0.000129346
0.177591	-1.94235e-05	1.21413e-05	1.35271e-06	-0.000128667
0.17759	-2.22604e-05	1.21479e-05	-7.55399e-07	-0.000128297
0.17759	-2.50537e-05	1.21009e-05	-2.77409e-06	-0.000128123
0.177589	-2.783e-05	1.20018e-05	-4.78008e-06	-0.000127615
0.177588	-3.05901e-05	1.18505e-05	-6.79248e-06	-0.000126274
0.177587	-3.33049e-05	1.16475e-05	-8.76543e-06	-0.000123931
0.177586	-3.5939e-05	1.13947e-05	-1.0638e-05	-0.000120818
0.177586	-3.83687e-05	1.11075e-05	-1.23004e-05	-0.000116855
0.177584	-4.09529e-05	1.07392e-05	-1.39806e-05	-0.000113748
0.177583	-4.32712e-05	1.03559e-05	-1.54898e-05	-0.000109783
0.177582	-4.56644e-05	9.90039e-06	-1.70407e-05	-0.000105364
0.177581	-4.7765e-05	9.44018e-06	-1.83691e-05	-9.99077e-05
0.17758	-4.97816e-05	8.9285e-06	-1.95577e-05	-9.44528e-05
0.177578	-5.15041e-05	8.42801e-06	-2.05058e-05	-8.88881e-05
0.177577	-5.3157e-05	7.88391e-06	-2.13647e-05	-8.37336e-05
0.177576	-5.46816e-05	7.31911e-06	-2.213e-05	-7.82301e-05
0.177574	-5.60226e-05	6.75839e-06	-2.27749e-05	-7.23949e-05
0.177573	-5.72756e-05	6.15981e-06	-2.33315e-05	-6.64977e-05
0.177571	-5.84477e-05	5.54834e-06	-2.38881e-05	-6.0216e-05
0.17757	-5.9442e-05	4.87789e-06	-2.41899e-05	-5.55845e-05
0.177568	-6.04913e-05	4.16904e-06	-2.47775e-05	-4.87964e-05
0.177566	-6.12697e-05	3.52061e-06	-2.5178e-05	-3.66751e-05
0.177565	-6.15893e-05	2.89656e-06	-2.48303e-05	-2.78573e-05
0.177563	-6.16435e-05	2.26235e-06	-2.40716e-05	-2.31948e-05
0.177562	-6.16394e-05	1.67014e-06	-2.34187e-05	-2.03486e-05
0.17756	-6.16775e-05	1.06754e-06	-2.30351e-05	-1.68224e-05
0.177558	-6.17083e-05	4.95226e-07	-2.28445e-05	-1.09582e-05
0.177557	-6.16271e-05	-1.62316e-07	-2.25993e-05	-6.50567e-06
0.177555	-6.15002e-05	-8.14557e-07	-2.25013e-05	2.26361e-06
0.177553	-5.80452e-05	-1.29666e-06	-1.52676e-05	1.53922e-05
0.177552	-5.37632e-05	-1.59237e-06	-6.40591e-06	-2.29524e-05
0.17755	-5.51417e-05	-1.8315e-06	-1.00721e-05	-7.08977e-05
0.177549	-5.88377e-05	-2.19528e-06	-1.88281e-05	-3.94091e-05
0.177547	-6.13929e-05	-2.81745e-06	-2.53391e-05	1.87432e-05
0.177546	-5.83995e-05	-3.3928e-06	-1.97841e-05	7.3976e-05
0.177544	-5.46988e-05	-3.84567e-06	-1.29884e-05	4.95367e-05
0.177543	-5.17223e-05	-4.11066e-06	-7.80801e-06	2.22991e-05
0.177541	-4.91352e-05	-4.25461e-06	-3.55132e-06	-9.12408e-07
0.17754	-5.00406e-05	-4.38658e-06	-6.94191e-06	-2.02193e-05
0.177539	-5.22867e-05	-4.68598e-06	-1.35758e-05	3.52238e-06
0.177537	-5.05232e-05	-5.00707e-06	-1.12857e-05	5.71943e-05
0.177536	-4.82665e-05	-5.25556e-06	-8.07384e-06	5.31773e-05
0.177535	-4.61405e-05	-5.44068e-06	-5.36197e-06	3.9692e-05
0.177533	-4.421e-05	-5.56242e-06	-3.20676e-06	3.20057e-05
0.177532	-4.2726e-05	-5.62323e-06	-1.77354e-06	3.04165e-05
0.177531	-4.12528e-05	-5.65489e-06	-5.71863e-07	2.48919e-05
0.17753	-3.98252e-05	-5.65592e-06	3.9449e-07	2.42632e-05
0.177529	-3.8715e-05	-5.63792e-06	9.90028e-07	2.83306e-05
0.177528	-3.75253e-05	-5.60142e-06	1.47583e-06	2.67182e-05
0.177527	-3.6572e-05	-5.56071e-06	1.74893e-06	3.29726e-05
0.177526	-3.56416e-05	-5.51275e-06	1.91382e-06	3.621e-05
0.177525	-3.47988e-05	-5.46392e-06	1.97457e-06	4.01672e-05
0.177524	-3.39085e-05	-5.40883e-06	1.944e-06	4.1275e-05
0.177523	-3.30073e-05	-5.35341e-06	1.88738e-06	4.66773e-05
0.177522	-3.18176e-05	-5.29106e-06	2.55462e-06	5.23868e-05
0.177521	-3.0466e-05	-5.21143e-06	3.80784e-06	5.63761e-05
0.177521	-2.86345e-05	-5.07058e-06	5.88038e-06	4.95804e-05
0.17752	-2.71424e-05	-4.87909e-06	7.27161e-06	4.06124e-05
0.177519	-2.62538e-05	-4.69172e-06	7.66083e-06	3.79876e-05
0.177518	-2.53829e-05	-4.47411e-06	7.89772e-06	3.42474e-05
0.177518	-2.46551e-05	-4.2531e-06	7.90108e-06	3.44737e-05
0.177517	-2.38882e-05	-4.03716e-06	8.12343e-06	3.89106e-05
0.177516	-2.28949e-05	-3.82292e-06	9.02056e-06	3.85694e-05
0.177516	-2.18561e-05	-3.58392e-06	1.00908e-05	3.3604e-05
0.177515	-2.09581e-05	-3.31094e-06	1.08906e-05	2.69658e-05
0.177515	-2.02676e-05	-3.00064e-06	1.12518e-05	1.82461e-05
0.177514	-1.98078e-05	-2.71792e-06	1.13272e-05	1.76885e-05
0.177514	-1.93237e-05	-2.42133e-06	1.15166e-05	1.55688e-05
0.177513	-1.872e-05	-2.08093e-06	1.19878e-05	9.3383e-06
0.177513	-1.80778e-05	-1.73556e-06	1.26977e-05	3.65289e-06
0.177512	-1.74566e-05	-1.40751e-06	1.35458e-05	-1.04282e-06
0.177512	-1.75678e-05	-1.03378e-06	1.19637e-05	-1.2885e-05
0.177511	-1.86733e-05	-7.21277e-07	1.00937e-05	-5.04191e-06
0.177511	-1.90152e-05	-4.53875e-07	9.12835e-06	-2.72387e-07
0.17751	-1.89891e-05	-2.27084e-07	9.07317e-06	4.84289e-06
0.17751	-1.79832e-05	3.37053e-08	1.12438e-05	1.90113e-06
0.177509	-1.66893e-05	3.90596e-07	1.4155e-05	-1.82253e-05
0.177509	-1.73946e-05	7.66936e-07	1.28177e-05	-4.1957e-05
0.177508	-1.93248e-05	1.06905e-06	8.91924e-06	-4.04091e-05
0.177508	-2.10779e-05	1.26843e-06	5.50119e-06	-2.23924e-05
0.177507	-2.18095e-05	1.40866e-06	4.40174e-06	-5.96535e-06
0.177507	-2.15118e-05	1.53712e-06	5.55215e-06	-4.25621e-07
0.177506	-2.0867e-05	1.70057e-06	7.4917e-06	-1.09893e-05
0.177505	-2.06527e-05	1.92713e-06	8.6213e-06	-2.97217e-05
0.177505	-2.14465e-05	2.16364e-06	7.65223e-06	-4.22685e-05
0.177504	-2.28905e-05	2.34383e-06	5.3073e-06	-4.24771e-05
0.177504	-2.43408e-05	2.46323e-06	3.035e-06	-3.35253e-05
0.177503	-2.50992e-05	2.52756e-06	2.18414e-06	-2.17201e-05
0.177502	-2.52594e-05	2.58709e-06	2.66496e-06	-2.00519e-05
0.177502	-2.52698e-05	2.67853e-06	3.63555e-06	-2.90715e-05
0.177501	-2.57672e-05	2.78311e-06	3.57559e-06	-3.95137e-05
0.1775	-2.68085e-05	2.86519e-06	2.3222e-06	-4.39767e-05
0.177499	-2.79895e-05	2.9038e-06	7.09316e-07	-3.81326e-05
0.177499	-2.88176e-05	2.90998e-06	-1.59967e-07	-3.19234e-05
0.177498	-2.93377e-05	2.90348e-06	-3.16122e-07	-2.96237e-05
0.177497	-2.97269e-05	2.89691e-06	-1.87497e-07	-3.15714e-05
0.177496	-3.01946e-05	2.89121e-06	-2.70624e-07	-3.52423e-05
0.177496	-3.31167e-05	2.87738e-06	-7.1631e-06	-3.75188e-05
0.177495	-3.16815e-05	2.8467e-06	-1.57965e-06	6.06958e-06
0.177494	-2.8456e-05	2.91587e-06	6.53521e-06	-3.74272e-05
0.177493	-2.90885e-05	3.08519e-06	6.16372e-06	-8.84204e-05
0.177492	-3.23856e-05	3.15944e-06	-4.87991e-08	-9.19619e-05
0.177491	-3.64111e-05	3.04363e-06	-7.70062e-06	-6.12102e-05
0.17749	-3.83864e-05	2.80583e-06	-1.10779e-05	-1.36987e-05
0.177489	-3.80125e-05	2.51784e-06	-9.28617e-06	5.34842e-06
0.177488	-3.50571e-05	2.37088e-06	-2.0105e-06	-1.53035e-06
0.177488	-3.40472e-05	2.35991e-06	1.00433e-06	-4.58356e-05
0.177487	-3.54659e-05	2.35952e-06	-1.21407e-06	-6.93187e-05
0.177486	-3.82729e-05	2.24951e-06	-6.52633e-06	-5.8478e-05
0.177484	-4.06021e-05	1.99581e-06	-1.08288e-05	-2.68127e-05
0.177483	-4.11218e-05	1.70588e-06	-1.13397e-05	3.57761e-06
0.177482	-3.79403e-05	1.50458e-06	-3.8205e-06	9.39873e-06
0.177481	-3.47854e-05	1.5069e-06	3.58661e-06	-3.47585e-05
0.17748	-3.58185e-05	1.57727e-06	1.84336e-06	-8.13391e-05
0.177479	-3.92965e-05	1.53051e-06	-5.25504e-06	-7.34517e-05
0.177478	-4.24006e-05	1.30854e-06	-1.15781e-05	-3.11457e-05
0.177477	-4.34678e-05	9.53892e-07	-1.3503e-05	6.81946e-06
0.177476	-4.04659e-05	6.83816e-07	-6.64344e-06	2.54703e-05
0.177475	-3.7231e-05	6.11655e-07	6.68131e-07	-1.27722e-05
0.177474	-3.73683e-05	6.29905e-07	5.93447e-07	-5.98097e-05
0.177473	-3.989e-05	5.77156e-07	-4.73012e-06	-5.72892e-05
0.177472	-4.23204e-05	3.91853e-07	-9.89958e-06	-2.4694e-05
0.177471	-4.3191e-05	1.19067e-07	-1.17234e-05	9.21533e-06
0.17747	-4.04163e-05	-1.0187e-07	-5.63623e-06	2.44011e-05
0.177469	-3.62058e-05	-1.57328e-07	1.11605e-05	-1.19498e-05
0.177468	-3.74721e-05	-1.23805e-07	7.17927e-07	-0.000137133
0.177467	-4.44426e-05	-3.0996e-07	-1.46355e-05	-4.71026e-05
0.177466	-4.69184e-05	-7.5603e-07	-2.02347e-05	4.94657e-05
0.177464	-4.34176e-05	-1.16249e-06	-1.28692e-05	9.11498e-05
0.177463	-3.87131e-05	-1.35515e-06	-2.96351e-06	5.37992e-05
0.177462	-3.55581e-05	-1.33703e-06	3.49764e-06	-2.13697e-06
0.177461	-3.57567e-05	-1.25768e-06	2.62251e-06	-4.03517e-05
0.177461	-3.78682e-05	-1.25685e-06	-2.41585e-06	-3.49506e-05
0.17746	-3.9813e-05	-1.38357e-06	-7.12578e-06	-3.05896e-06
0.177459	-4.01478e-05	-1.57962e-06	-8.34096e-06	2.89753e-05
0.177458	-3.78503e-05	-1.73183e-06	-3.84192e-06	4.09621e-05
0.177457	-3.55824e-05	-1.77136e-06	5.37163e-07	1.76612e-05
0.177456	-3.3315e-05	-1.68984e-06	4.85321e-06	-9.58846e-06
0.177455	-3.40912e-05	-1.58704e-06	2.55387e-06	-3.53033e-05
0.177454	-3.6063e-05	-1.58551e-06	-2.28546e-06	-1.79359e-05
0.177453	-3.74043e-05	-1.70714e-06	-5.84639e-06	1.01619e-05
0.177452	-3.5551e-05	-1.81377e-06	-2.35582e-06	3.8555e-05
0.177451	-3.3269e-05	-1.81592e-06	1.96098e-06	1.78868e-05
0.17745	-3.14914e-05	-1.72309e-06	5.28141e-06	-3.37234e-06
0.177449	-3.18232e-05	-1.60072e-06	3.99089e-06	-2.32996e-05
0.177448	-3.3258e-05	-1.54625e-06	3.12237e-07	-1.56794e-05
0.177448	-3.42514e-05	-1.57363e-06	-2.37323e-06	7.46041e-06
0.177447	-3.26114e-05	-1.59882e-06	7.05692e-07	2.57831e-05
0.177446	-3.08034e-05	-1.53559e-06	4.15902e-06	9.02785e-06
0.177445	-2.88831e-05	-1.35934e-06	7.82055e-06	-1.44786e-05
0.177444	-2.97625e-05	-1.19418e-06	5.47581e-06	-3.4854e-05
0.177443	-3.17302e-05	-1.11177e-06	1.00913e-06	-2.19489e-05
0.177443	-3.30683e-05	-1.13803e-06	-2.57803e-06	1.48691e-06
0.177442	-3.11926e-05	-1.16443e-06	1.10559e-06	2.58659e-05
0.177441	-2.92885e-05	-1.08368e-06	4.89885e-06	7.93056e-06
0.17744	-2.76033e-05	-9.16962e-07	8.26684e-06	-1.52731e-05
0.177439	-2.84295e-05	-7.30189e-07	6.17561e-06	-3.74288e-05
0.177439	-3.05172e-05	-6.26921e-07	1.35137e-06	-2.98654e-05
0.177438	-3.22299e-05	-6.48492e-07	-2.64358e-06	-1.22211e-06
0.177437	-3.22986e-05	-7.30811e-07	-3.04512e-06	2.43053e-05
0.177436	-3.03074e-05	-7.58106e-07	1.06816e-06	3.15176e-05
0.177435	-2.83412e-05	-6.74587e-07	5.1356e-06	7.70379e-06
0.177435	-2.66031e-05	-4.98685e-07	8.7541e-06	-1.76308e-05
0.177434	-2.74302e-05	-2.97354e-07	6.80484e-06	-4.18666e-05
0.177433	-2.93472e-05	-1.81292e-07	2.5234e-06	-3.28049e-05
0.177432	-3.10908e-05	-1.67525e-07	-1.36445e-06	-1.12241e-05
0.177431	-3.15406e-05	-2.22536e-07	-2.42127e-06	1.25474e-05
0.177431	-2.95887e-05	-2.32309e-07	1.78391e-06	2.27696e-05
0.17743	-2.75205e-05	-1.2471e-07	6.25684e-06	-2.42407e-06
0.177429	-2.74118e-05	4.10052e-08	6.47998e-06	-3.11628e-05
0.177428	-2.87775e-05	1.69856e-07	3.52097e-06	-3.51187e-05
0.177428	-3.03166e-05	2.16884e-07	2.11972e-07	-1.92837e-05
0.177427	-3.10051e-05	2.02533e-07	-1.22931e-06	-1.09618e-07
0.177426	-3.06716e-05	1.77416e-07	-4.26496e-07	5.9792e-06
0.177425	-2.85554e-05	2.2704e-07	4.2855e-06	1.24639e-06
0.177424	-2.64473e-05	4.02982e-07	9.01247e-06	-2.56971e-05
0.177424	-2.74906e-05	6.24866e-07	6.91149e-06	-6.06606e-05
0.177423	-3.04532e-05	7.28306e-07	6.63309e-07	-5.19079e-05
0.177422	-3.28368e-05	6.66788e-07	-6.14567e-06	-1.60793e-05
0.177421	-3.34702e-05	5.31742e-07	-5.48261e-06	3.38928e-05
0.17742	-3.05231e-05	4.77001e-07	1.1618e-06	2.32146e-05
0.17742	-2.85085e-05	5.55721e-07	5.72685e-06	-1.43252e-05
0.177419	-2.87987e-05	6.9349e-07	5.29298e-06	-4.31573e-05
0.177418	-3.07499e-05	7.99706e-07	1.31763e-06	-4.39776e-05
0.177417	-3.26307e-05	7.8141e-07	-2.52738e-06	-2.2419e-05
0.177416	-3.33332e-05	6.97075e-07	-3.81658e-06	4.03884e-07
0.177415	-3.10435e-05	6.61452e-07	1.43287e-06	8.82345e-06
0.177415	-2.85894e-05	7.75652e-07	7.05561e-06	-2.32303e-05
0.177414	-2.92664e-05	9.36615e-07	5.8491e-06	-5.9992e-05
0.177413	-3.20912e-05	1.02178e-06	2.66239e-08	-5.90719e-05
0.177412	-3.46339e-05	9.51706e-07	-5.21316e-06	-2.31503e-05
0.177411	-3.5337e-05	8.02649e-07	-6.46843e-06	8.80646e-06
0.17741	-3.27437e-05	7.09339e-07	-5.26767e-07	1.79445e-05
0.17741	-3.0225e-05	7.72188e-07	5.23592e-06	-1.74749e-05
0.177409	-3.04986e-05	9.07375e-07	4.91986e-06	-5.42621e-05
0.177408	-3.27037e-05	9.72145e-07	3.90887e-07	-5.53634e-05
0.177407	-3.53251e-05	9.02641e-07	-5.00063e-06	-3.262e-05
0.177406	-3.66055e-05	7.25126e-07	-7.50953e-06	3.82235e-07
0.177405	-3.3874e-05	5.88304e-07	-1.27426e-06	1.76438e-05
0.177404	-3.10124e-05	6.48443e-07	5.22369e-06	-1.9082e-05
0.177403	-3.15528e-05	7.81563e-07	4.29876e-06	-6.04953e-05
0.177402	-3.4107e-05	8.20397e-07	-1.04037e-06	-5.47403e-05
0.177401	-3.67554e-05	7.07008e-07	-6.55643e-06	-2.64994e-05
0.1774	-3.78153e-05	4.89813e-07	-8.66058e-06	8.16464e-06
0.177399	-3.51878e-05	3.28708e-07	-2.75613e-06	2.63728e-05
0.177398	-3.25846e-05	3.39268e-07	3.20091e-06	-7.39723e-06
0.177398	-3.24611e-05	4.23793e-07	3.45833e-06	-4.45612e-05
0.177397	-3.4301e-05	4.60388e-07	-4.31828e-07	-4.74361e-05
0.177396	-3.64482e-05	3.85238e-07	-4.98957e-06	-2.47975e-05
0.177395	-3.73412e-05	2.35285e-07	-6.84561e-06	3.66248e-06
0.177394	-3.48759e-05	1.23791e-07	-1.37967e-06	1.70311e-05
0.177393	-3.20891e-05	1.76083e-07	4.78336e-06	-1.74661e-05
0.177392	-3.25938e-05	3.03384e-07	3.76699e-06	-5.61849e-05
0.177391	-3.50655e-05	3.29218e-07	-1.54902e-06	-4.92285e-05
0.17739	-3.7299e-05	2.23586e-07	-6.35129e-06	-1.76199e-05
0.177389	-3.79009e-05	4.6333e-08	-7.62611e-06	1.29816e-05
0.177388	-3.54655e-05	-8.82567e-08	-2.2935e-06	2.34254e-05
0.177387	-3.25991e-05	-5.91624e-08	3.96136e-06	-9.66481e-06
0.177387	-3.28042e-05	3.42988e-08	3.50704e-06	-4.52602e-05
0.177386	-3.50376e-05	6.24881e-08	-1.37102e-06	-4.70167e-05
0.177385	-3.71281e-05	-3.11626e-08	-5.9487e-06	-1.48083e-05
0.177384	-3.76885e-05	-2.05054e-07	-7.21629e-06	1.45087e-05
0.177383	-3.53076e-05	-3.23435e-07	-2.08173e-06	2.51107e-05
0.177382	-3.26273e-05	-2.96629e-07	3.68031e-06	-6.80827e-06
0.177381	-3.27589e-05	-2.09133e-07	3.30892e-06	-3.90999e-05
0.17738	-3.47273e-05	-1.7633e-07	-1.07835e-06	-4.10209e-05
0.177379	-3.68075e-05	-2.7365e-07	-5.71966e-06	-1.44705e-05
0.177378	-3.74477e-05	-4.576e-07	-7.25519e-06	1.57294e-05
0.177377	-3.48678e-05	-5.94406e-07	-1.7984e-06	2.84601e-05
0.177376	-3.23146e-05	-5.65216e-07	3.58676e-06	-2.14298e-06
0.177375	-3.2291e-05	-4.73391e-07	3.4621e-06	-3.18755e-05
0.177374	-3.26575e-05	-4.30709e-07	8.47553e-06	-3.50781e-05
0.177373	-3.55849e-05	-4.86466e-07	-4.05391e-06	-8.09833e-05
0.177372	-4.0091e-05	-7.51088e-07	-1.41814e-05	1.20344e-05
0.177371	-3.71585e-05	-1.0625e-06	-8.0821e-06	7.89749e-05
0.17737	-3.30979e-05	-1.15342e-06	4.60331e-07	5.02337e-05
0.17737	-3.02765e-05	-1.06002e-06	6.28531e-06	1.45257e-06
0.177369	-2.83253e-05	-8.3996e-07	1.024e-05	-3.50107e-05
0.177368	-3.01007e-05	-6.37482e-07	6.10581e-06	-6.15998e-05
0.177367	-3.32289e-05	-5.72104e-07	-9.5703e-07	-3.89352e-05
0.177366	-3.5514e-05	-6.81254e-07	-6.20202e-06	7.87307e-07
0.177365	-3.35226e-05	-7.89459e-07	-2.07486e-06	3.79703e-05
0.177365	-3.12988e-05	-7.80058e-07	2.53456e-06	1.53241e-05
0.177364	-2.92826e-05	-6.57011e-07	6.71055e-06	-1.20551e-05
0.177363	-2.982e-05	-5.06869e-07	5.34201e-06	-3.86806e-05
0.177362	-3.16128e-05	-4.24562e-07	1.25944e-06	-3.21689e-05
0.177361	-3.31969e-05	-4.41329e-07	-2.35999e-06	-8.18288e-06
0.17736	-3.36181e-05	-5.29501e-07	-3.46604e-06	1.18039e-05
0.17736	-3.15713e-05	-5.66523e-07	8.35567e-07	2.32352e-05
0.177359	-2.92196e-05	-4.66676e-07	5.7947e-06	-4.62998e-06
0.177358	-2.93193e-05	-3.26206e-07	5.44623e-06	-3.2934e-05
0.177357	-3.08206e-05	-2.33623e-07	2.06309e-06	-3.26593e-05
0.177356	-3.23542e-05	-2.2655e-07	-1.37713e-06	-1.32771e-05
0.177356	-3.28656e-05	-2.77748e-07	-2.58006e-06	7.77085e-06
0.177355	-3.09212e-05	-2.93455e-07	1.58974e-06	1.61526e-05
0.177354	-2.8773e-05	-1.88786e-07	6.21689e-06	-8.67505e-06
0.177353	-2.90151e-05	-2.88294e-08	5.6469e-06	-3.82421e-05
0.177352	-3.06997e-05	6.48355e-08	1.9589e-06	-3.72079e-05
0.177352	-3.23199e-05	6.77696e-08	-1.57181e-06	-1.62858e-05
0.177351	-3.30954e-05	5.59262e-09	-3.06066e-06	5.07423e-06
0.17735	-3.09588e-05	-1.75258e-08	1.42314e-06	1.44758e-05
0.177349	-2.87208e-05	8.68035e-08	6.34071e-06	-1.1814e-05
0.177348	-2.90571e-05	2.54625e-07	5.66467e-06	-4.64577e-05
0.177348	-3.10842e-05	3.45721e-07	1.32184e-06	-4.21792e-05
0.177347	-3.28765e-05	3.28903e-07	-2.49768e-06	-1.75278e-05
0.177346	-3.3583e-05	2.31766e-07	-3.94015e-06	2.93552e-06
0.177345	-3.14956e-05	1.87037e-07	7.04533e-07	1.56289e-05
0.177344	-2.91477e-05	2.76917e-07	5.92979e-06	-1.2112e-05
0.177344	-2.94133e-05	4.25003e-07	5.46544e-06	-4.55675e-05
0.177343	-3.1407e-05	5.10764e-07	1.25249e-06	-4.54664e-05
0.177342	-3.331e-05	4.89891e-07	-2.75662e-06	-2.16935e-05
0.177341	-3.41166e-05	3.93762e-07	-4.37492e-06	2.52241e-06
0.17734	-3.17426e-05	3.43087e-07	9.58699e-07	1.34387e-05
0.177339	-2.93306e-05	4.42231e-07	6.37889e-06	-1.85816e-05
0.177339	-2.97757e-05	6.00514e-07	5.57878e-06	-5.35365e-05
0.177338	-3.20627e-05	6.83307e-07	7.81942e-07	-5.17322e-05
0.177337	-3.43233e-05	6.39553e-07	-3.94978e-06	-2.45412e-05
0.177336	-3.53071e-05	4.97527e-07	-5.89837e-06	4.24573e-06
0.177335	-3.2982e-05	4.11922e-07	-6.52321e-07	1.77252e-05
0.177334	-3.05344e-05	4.68295e-07	4.85666e-06	-1.32619e-05
0.177333	-3.07985e-05	5.9417e-07	4.46371e-06	-4.8106e-05
0.177333	-3.27823e-05	6.52477e-07	3.16958e-07	-4.8293e-05
0.177332	-3.48562e-05	6.02199e-07	-4.01688e-06	-2.46208e-05
0.177331	-3.56898e-05	4.79068e-07	-5.66774e-06	1.88629e-06
0.17733	-3.3418e-05	3.90472e-07	-5.40111e-07	1.33505e-05
0.177329	-3.09476e-05	4.50217e-07	5.01259e-06	-1.68661e-05
0.177328	-3.03159e-05	5.65513e-07	1.41597e-05	-5.20112e-05
0.177328	-3.36728e-05	6.15228e-07	-5.89125e-07	-0.000133193
0.177327	-4.02445e-05	4.09796e-07	-1.48216e-05	-2.1713e-05
0.177326	-4.1421e-05	-5.22126e-09	-1.7333e-05	6.75623e-05
0.177324	-3.69777e-05	-3.46031e-07	-7.65501e-06	8.92488e-05
0.177324	-3.16462e-05	-3.94133e-07	3.89707e-06	3.60504e-05
0.177323	-2.88908e-05	-2.00403e-07	9.8362e-06	-3.30302e-05
0.177322	-3.0365e-05	3.26071e-09	6.57087e-06	-7.19466e-05
0.177321	-3.37537e-05	7.17989e-08	-8.46835e-07	-5.52262e-05
0.17732	-3.66422e-05	-4.53143e-08	-7.17299e-06	-1.1234e-05
0.177319	-3.70793e-05	-2.48915e-07	-8.18001e-06	2.90862e-05
0.177318	-3.45254e-05	-3.8283e-07	-2.68279e-06	3.86075e-05
0.177318	-3.20948e-05	-3.81111e-07	2.51648e-06	7.62513e-06
0.177317	-2.99779e-05	-2.58455e-07	7.05268e-06	-2.36342e-05
0.177316	-3.09371e-05	-9.4671e-08	4.88703e-06	-5.28697e-05
0.177315	-3.35721e-05	-4.33446e-08	-9.13722e-07	-4.21163e-05
0.177314	-3.54708e-05	-1.20973e-07	-5.10287e-06	-7.57761e-06
0.177313	-3.56991e-05	-2.58397e-07	-5.66433e-06	1.92178e-05
0.177312	-3.3136e-05	-3.4661e-07	-1.60296e-07	2.23589e-05
0.177311	-3.06543e-05	-2.72552e-07	5.16631e-06	-9.56512e-06
0.177311	-3.08506e-05	-1.42166e-07	4.66519e-06	-3.99431e-05
0.17731	-3.28573e-05	-7.53787e-08	2.26318e-07	-4.17908e-05
0.177309	-3.48086e-05	-1.27545e-07	-4.08546e-06	-1.27042e-05
0.177308	-3.53278e-05	-2.6155e-07	-5.29394e-06	1.17539e-05
0.177307	-3.3161e-05	-3.38386e-07	-6.40749e-07	2.41551e-05
0.177306	-3.09244e-05	-2.91026e-07	4.1601e-06	-2.62254e-06
0.177305	-3.08412e-05	-1.68829e-07	4.25482e-06	-3.52801e-05
0.177304	-3.13223e-05	-1.07051e-07	1.07504e-05	-3.45293e-05
0.177304	-3.39861e-05	-1.33758e-07	-2.72469e-06	-9.80782e-05
0.177303	-3.93113e-05	-3.78699e-07	-1.44903e-05	4.87733e-06
0.177302	-3.72403e-05	-7.03379e-07	-1.0125e-05	8.33441e-05
0.177301	-3.29186e-05	-8.38273e-07	-9.00056e-07	6.25243e-05
0.1773	-2.91428e-05	-7.44265e-07	7.08779e-06	6.51387e-06
0.177299	-2.67955e-05	-4.56703e-07	1.20044e-05	-4.29899e-05
0.177298	-2.89558e-05	-2.09934e-07	7.15403e-06	-7.36787e-05
0.177298	-3.25128e-05	-1.32612e-07	-7.00613e-07	-4.77536e-05
0.177297	-3.47827e-05	-2.17023e-07	-5.73363e-06	-1.03601e-06
0.177296	-3.47849e-05	-3.65953e-07	-5.8325e-06	3.10908e-05
0.177295	-3.24159e-05	-4.52017e-07	-7.77306e-07	3.43558e-05
0.177294	-3.01811e-05	-4.06971e-07	3.97653e-06	5.40678e-06
0.177293	-2.80714e-05	-2.35679e-07	8.48719e-06	-2.37851e-05
0.177293	-2.90899e-05	-5.29707e-08	6.2061e-06	-5.36115e-05
0.177292	-3.15691e-05	3.19718e-08	7.66673e-07	-4.2502e-05
0.177291	-3.35786e-05	-8.55003e-09	-3.63451e-06	-1.07585e-05
0.17729	-3.4014e-05	-1.20186e-07	-4.6103e-06	1.66403e-05
0.177289	-3.1827e-05	-1.82163e-07	1.33224e-07	2.44201e-05
0.177289	-2.95621e-05	-1.11323e-07	5.04829e-06	-3.28316e-06
0.177288	-2.94702e-05	3.28079e-08	5.23449e-06	-3.71572e-05
0.177287	-3.10758e-05	1.18725e-07	1.73863e-06	-3.75453e-05
0.177286	-3.27556e-05	1.14684e-07	-1.90449e-06	-1.77261e-05
0.177285	-3.34128e-05	4.49412e-08	-3.3178e-06	4.37332e-06
0.177284	-3.13719e-05	1.40796e-08	1.16621e-06	1.39966e-05
0.177284	-2.88414e-05	1.32802e-07	6.73982e-06	-1.5662e-05
0.177283	-2.9344e-05	2.94283e-07	5.70916e-06	-4.86892e-05
0.177282	-3.14617e-05	3.78603e-07	1.17541e-06	-4.52144e-05
0.177281	-3.35043e-05	3.51337e-07	-3.13884e-06	-1.93166e-05
0.17728	-3.41299e-05	2.54643e-07	-4.45138e-06	6.85411e-06
0.17728	-3.18371e-05	2.01968e-07	6.52555e-07	1.61979e-05
0.177279	-2.91983e-05	3.10523e-07	6.53269e-06	-1.70716e-05
0.177278	-2.96971e-05	4.61479e-07	5.56376e-06	-5.20259e-05
0.177277	-3.19312e-05	5.396e-07	8.28188e-07	-4.89217e-05
0.177276	-3.4086e-05	4.99585e-07	-3.71971e-06	-2.18612e-05
0.177275	-3.49099e-05	3.77523e-07	-5.37677e-06	5.89542e-06
0.177275	-3.26313e-05	3.03553e-07	-2.70049e-07	1.74642e-05
0.177274	-2.98831e-05	3.89586e-07	5.88396e-06	-1.55621e-05
