0	0.5	5.5	0.4	0
0.00195482	0.112232	-0.0964858	0.202013	-0
0.00490254	0.0944709	-0.091679	0.130038	0.00485437
0.0069621	0.0652662	-0.0895824	0.0354094	0.105734
0.00830206	0.0429542	-0.089715	-0.0426174	0.173132
0.00921572	0.0209471	-0.0921902	-0.125106	0.855527
0.00999283	0.037792	-0.09536	-0.11996	2.76638
0.0122895	0.145356	-0.095804	0.0843827	2.88419
0.0182573	0.276494	-0.0897837	0.33752	0.706302
0.0271277	0.301213	-0.0789209	0.35856	0.238329
0.0353804	0.287892	-0.0696804	0.30219	0.0254817
0.0425836	0.266527	-0.0627498	0.232897	0.312038
0.0494371	0.261431	-0.0571403	0.201384	0.671861
0.0564395	0.277235	-0.051708	0.217538	0.830509
0.0636902	0.302287	-0.0457796	0.256515	0.701793
0.0718426	0.323925	-0.0386672	0.289578	0.422539
0.080738	0.333932	-0.0306992	0.299244	0.159547
0.0893886	0.331394	-0.0231176	0.284509	-0.000553609
0.0973447	0.303406	-0.0168149	0.216605	-0.00859687
0.104549	0.274833	-0.0122995	0.149192	0.320762
0.111798	0.284271	-0.00824448	0.166375	0.672041
0.119579	0.314357	-0.00309398	0.230374	0.513511
0.127742	0.337817	0.00332848	0.281806	0.0482577
0.136239	0.340596	0.0105095	0.290111	-0.367906
0.144781	0.316787	0.0174242	0.24261	-0.53902
0.152376	0.292059	0.0228579	0.194926	-0.37569
0.159709	0.274254	0.0274653	0.164388	-0.198461
0.167175	0.260054	0.0317539	0.144037	-0.116688
0.173539	0.249908	0.0351933	0.132465	-0.101744
0.179911	0.240991	0.0385318	0.125591	-0.120412
0.186078	0.233973	0.0417628	0.123785	-0.170154
0.191856	0.228667	0.0448811	0.126241	-0.249713
0.197742	0.224494	0.0482438	0.132843	-0.354242
0.203285	0.219367	0.0516233	0.137844	-0.49288
0.208839	0.208122	0.0551201	0.131256	-0.624812
0.214015	0.190781	0.0582741	0.112438	-0.695612
0.218533	0.171511	0.0607842	0.0895797	-0.691639
0.222734	0.152516	0.0628278	0.0688741	-0.654077
0.226478	0.136262	0.0644227	0.0547937	-0.626577
0.229828	0.122104	0.0657213	0.0457962	-0.632872
0.232814	0.108164	0.0667997	0.0376814	-0.665869
0.23542	0.0929382	0.0676348	0.0270746	-0.7018
0.237612	0.0762405	0.0681564	0.013476	-0.720105
0.239473	0.0574034	0.0682954	-0.00291639	-0.711885
0.240736	0.040455	0.0680289	-0.0169691	-0.69566
0.241571	0.0243988	0.0674225	-0.0292127	-0.676947
0.242018	0.00807434	0.0664409	-0.0405666	-0.658278
0.24204	-0.00573659	0.0653134	-0.0493728	-0.652775
0.241718	-0.0195192	0.063962	-0.0585193	-0.646413
0.241018	-0.0338665	0.0623073	-0.068568	-0.633255
0.239948	-0.0479462	0.0603919	-0.0786333	-0.610903
0.238582	-0.0608429	0.0583131	-0.0875558	-0.582482
0.236833	-0.0733394	0.0559321	-0.0955814	-0.553887
0.234769	-0.0849906	0.0533566	-0.102593	-0.525786
0.232414	-0.0958886	0.0506094	-0.108855	-0.498049
0.229784	-0.106112	0.0477067	-0.114595	-0.469299
0.226782	-0.116101	0.0445417	-0.120247	-0.438296
0.223771	-0.124589	0.041481	-0.124823	-0.402347
0.220425	-0.132513	0.0381874	-0.128681	-0.367836
0.216885	-0.139588	0.0348038	-0.131806	-0.332299
0.213174	-0.145726	0.031353	-0.134036	-0.296284
0.209316	-0.151	0.027854	-0.135548	-0.26103
0.205332	-0.155469	0.0243236	-0.136485	-0.225755
0.201401	-0.158987	0.0209131	-0.13681	-0.189848
0.197231	-0.161809	0.0173669	-0.136492	-0.155132
0.192998	-0.163885	0.013835	-0.135736	-0.119436
0.188886	-0.165096	0.0104646	-0.134412	-0.0830653
0.184423	-0.165607	0.00686813	-0.132461	-0.0487679
0.180123	-0.165312	0.00346326	-0.130044	-0.0117402
0.17584	-0.164204	0.000127689	-0.126984	0.0452979
0.171861	-0.153405	-0.00277399	-0.103722	0.0601012
0.167749	-0.141165	-0.0052964	-0.0783465	-0.038011
0.164053	-0.143714	-0.00741673	-0.0860722	-0.148081
0.160344	-0.152898	-0.00985885	-0.109002	-0.0746693
0.155959	-0.160079	-0.0131961	-0.128926	0.131815
0.151909	-0.151553	-0.016367	-0.11522	0.318276
0.148138	-0.139097	-0.0190691	-0.0938978	0.301712
0.144413	-0.127626	-0.0214328	-0.0761222	0.234675
0.141187	-0.121087	-0.0233083	-0.0693497	0.190633
0.138208	-0.117704	-0.0250381	-0.069791	0.203181
0.135193	-0.114411	-0.0268704	-0.0713475	0.256582
0.132294	-0.108867	-0.028685	-0.0685875	0.321199
0.129678	-0.100812	-0.0302927	-0.0605203	0.36194
0.127281	-0.0912031	-0.0316638	-0.0495388	0.368442
0.124883	-0.0805713	-0.0328798	-0.0379887	0.353411
0.122764	-0.0712339	-0.0338185	-0.0296752	0.339277
0.120952	-0.0633811	-0.0345434	-0.024475	0.343494
0.119294	-0.0553573	-0.0351561	-0.0195901	0.357673
0.117915	-0.0470963	-0.0356047	-0.0139187	0.378618
0.116849	-0.0385599	-0.0358604	-0.00683765	0.389184
0.116001	-0.0296173	-0.0359288	0.00107977	0.385936
0.115354	-0.0205272	-0.0357954	0.00886221	0.374911
0.114912	-0.0113756	-0.0354448	0.0159319	0.360338
0.114722	-0.00356746	-0.0349599	0.0211258	0.353956
0.114727	0.00367325	-0.0343729	0.0257085	0.350829
0.114912	0.0108856	-0.0336698	0.0304383	0.347798
0.115353	0.019296	-0.0327006	0.0363346	0.339086
0.116035	0.0274796	-0.0315623	0.042131	0.325923
0.116808	0.0341462	-0.030452	0.0466432	0.311711
0.117783	0.0406402	-0.0291856	0.0507745	0.297189
0.118875	0.0464825	-0.0278726	0.0542852	0.282414
0.12016	0.0521894	-0.0264182	0.0575952	0.268157
0.121531	0.0573194	-0.0249433	0.0604709	0.252529
0.123026	0.0621022	-0.0233994	0.0630765	0.236675
0.124769	0.0668852	-0.0216631	0.0656283	0.219853
0.126493	0.0709079	-0.0199988	0.0676545	0.200428
0.128385	0.0745721	-0.0182221	0.0692052	0.18188
0.130288	0.0776553	-0.0164805	0.070304	0.163406
0.132344	0.0804208	-0.0146455	0.0710854	0.14573
0.134466	0.0828094	-0.0127929	0.0716647	0.127302
0.136645	0.0847512	-0.0109294	0.0718524	0.107948
0.138869	0.086321	-0.00906221	0.0719387	0.0889887
0.141216	0.0875175	-0.00712608	0.0717033	0.0684843
0.14341	0.0881046	-0.00534631	0.0709485	0.0473292
0.145702	0.0882034	-0.00352139	0.0696521	0.0293379
0.148166	0.087872	-0.00159977	0.0679796	0.0118094
0.150353	0.0872376	7.53307e-05	0.0663297	-0.0360278
0.152791	0.0805194	0.00180101	0.0519482	-0.0236111
0.154803	0.0746457	0.00298294	0.0398732	0.0371672
0.156926	0.0770264	0.00418932	0.0463911	0.0909491
0.159166	0.0828976	0.00569546	0.0610531	0.0455803
0.161544	0.0868131	0.00756261	0.0720406	-0.0944779
0.163732	0.081838	0.00932054	0.0639808	-0.198159
0.16575	0.0736509	0.0107894	0.0494275	-0.186375
0.1675	0.0666745	0.011871	0.0378142	-0.133126
0.169171	0.0623522	0.0127719	0.0325038	-0.0930253
0.170762	0.0604919	0.0136124	0.032886	-0.0886853
0.172499	0.0593809	0.0146061	0.0357713	-0.11623
0.174014	0.0572492	0.0155402	0.036195	-0.165925
0.175497	0.0527248	0.0164588	0.0318961	-0.198612
0.176741	0.0470637	0.0171653	0.0249537	-0.204588
0.177884	0.0410877	0.0177155	0.017754	-0.191057
0.178847	0.0362157	0.0180948	0.0128992	-0.174882
0.179766	0.0320173	0.0184024	0.0101094	-0.169604
0.180549	0.028396	0.0186418	0.0084398	-0.177041
0.181235	0.024495	0.0188311	0.00622999	-0.189556
0.18187	0.0195034	0.0189545	0.00242128	-0.197067
0.182356	0.0141365	0.0189572	-0.00218459	-0.197677
0.182658	0.00931587	0.0188442	-0.00635361	-0.193002
0.182834	0.00490945	0.0186392	-0.00991133	-0.185543
0.182905	0.000343616	0.0183141	-0.0131817	-0.177979
0.182862	-0.00354879	0.0179395	-0.0155755	-0.174773
0.182718	-0.00736421	0.0175032	-0.0179373	-0.172798
0.182475	-0.0111841	0.0170034	-0.0204669	-0.16962
0.182133	-0.0149726	0.0164364	-0.023108	-0.163973
0.181657	-0.0188985	0.0157511	-0.0258421	-0.154852
0.181143	-0.0221154	0.0150797	-0.0278718	-0.146326
0.18045	-0.0255863	0.0142417	-0.029939	-0.137299
0.179775	-0.0283199	0.0134752	-0.0314155	-0.129203
0.179003	-0.0309756	0.0126406	-0.0328112	-0.121554
0.178165	-0.0334535	0.0117716	-0.0341054	-0.113025
0.177157	-0.0360168	0.0107645	-0.035463	-0.102768
0.176193	-0.0380583	0.00983086	-0.0364461	-0.0921451
0.175221	-0.0397435	0.0089129	-0.0370839	-0.0817076
0.174126	-0.0413078	0.00790651	-0.03755	-0.0722644
0.173035	-0.0425921	0.006928	-0.0378481	-0.0621376
0.171958	-0.0435934	0.00598225	-0.0379356	-0.0521357
0.17068	-0.0445108	0.00488547	-0.0378879	-0.0421463
0.169515	-0.0451258	0.00390419	-0.0377419	-0.0314899
0.168383	-0.0454611	0.00296729	-0.0373524	-0.0210754
0.167246	-0.0455449	0.00204334	-0.0367146	-0.0117229
0.165928	-0.045434	0.000993556	-0.0358913	-0.00275501
0.164798	-0.0449551	0.000113489	-0.0346555	0.0138567
0.163666	-0.0419211	-0.000709012	-0.0281	0.0143799
0.162658	-0.0389006	-0.00132728	-0.0218118	-0.0128179
0.161637	-0.0396765	-0.00192237	-0.0240521	-0.0405786
0.160615	-0.0420221	-0.00259792	-0.029926	-0.0190477
0.159501	-0.0435974	-0.00343582	-0.0343954	0.0344388
0.15844	-0.0413163	-0.00424796	-0.03064	0.0778062
0.157407	-0.0382284	-0.00497369	-0.0254269	0.0720376
0.156378	-0.0354538	-0.00562313	-0.021272	0.0570052
0.155378	-0.0336709	-0.00621095	-0.0195942	0.0485247
0.154549	-0.0327627	-0.00669992	-0.0197013	0.0551072
0.153744	-0.0317304	-0.00719144	-0.0196958	0.0697442
0.152972	-0.0301083	-0.00766825	-0.0185553	0.0842912
0.152165	-0.0276414	-0.00815019	-0.0160278	0.0919388
0.15148	-0.0251165	-0.00852998	-0.0133137	0.0937066
0.150884	-0.022705	-0.00883012	-0.0108505	0.0921285
0.150325	-0.0203878	-0.00908374	-0.00880111	0.0907719
0.149788	-0.0180818	-0.0093047	-0.00709663	0.091087
0.149346	-0.0160092	-0.00947032	-0.00573007	0.0951252
0.148946	-0.0137069	-0.00960101	-0.00403441	0.0991182
0.148622	-0.0113316	-0.00967952	-0.00209024	0.101129
0.14836	-0.00888623	-0.00970569	-1.05271e-05	0.100575
0.148168	-0.00658296	-0.00968126	0.00188337	0.0984389
0.148028	-0.00430722	-0.00960901	0.00360663	0.0962158
0.147947	-0.00222563	-0.00950002	0.0050592	0.0945557
0.147917	-0.000125493	-0.00934951	0.00647159	0.0934413
0.14794	0.00186494	-0.00917045	0.00781974	0.0921358
0.148024	0.00406998	-0.00892974	0.00935248	0.0895727
0.148151	0.00596566	-0.00867954	0.0106407	0.0870952
0.148355	0.00807271	-0.00835015	0.0120154	0.0833338
0.14859	0.00990481	-0.00802024	0.0132856	0.0801719
0.148871	0.0116347	-0.00765993	0.0144213	0.0755158
0.149181	0.013152	-0.00728837	0.0153123	0.0708984
0.149513	0.0144883	-0.00691231	0.0160207	0.066886
0.149924	0.0159041	-0.00646952	0.0167694	0.0632427
0.150355	0.0171858	-0.00602479	0.0174613	0.0586882
0.150818	0.0183605	-0.00556314	0.018072	0.0537388
0.15129	0.0193587	-0.00510624	0.018521	0.0485446
0.151805	0.0202718	-0.00462054	0.0188731	0.0437135
0.152322	0.0210312	-0.00414645	0.019108	0.038725
0.152855	0.0216748	-0.00366779	0.019244	0.0339646
0.153471	0.0222997	-0.00312803	0.0193716	0.0292554
0.154034	0.0227603	-0.0026437	0.0194389	0.023527
0.154631	0.0231003	-0.00213981	0.0193711	0.0181661
0.155304	0.023332	-0.00158237	0.0191728	0.0126887
0.155958	0.0234271	-0.0010507	0.0188977	0.00707201
0.156635	0.0232972	-0.000512559	0.0183144	0.00146992
0.157306	0.0230198	6.74121e-06	0.0176077	-0.00577819
0.157864	0.0215084	0.000408699	0.0143592	-0.00680898
0.158401	0.0199126	0.000735844	0.0110524	0.00687541
0.158924	0.0203463	0.00103904	0.0123015	0.0212918
0.159449	0.0215889	0.001386	0.0154183	0.0111754
0.160023	0.0225056	0.00182147	0.017968	-0.0186179
0.160634	0.0211907	0.00229349	0.0158329	-0.0426087
0.16122	0.0193145	0.00270471	0.0126613	-0.0395209
0.161739	0.0177964	0.00302496	0.0103758	-0.0299286
0.162223	0.0169232	0.00330216	0.00958483	-0.0246211
0.162657	0.0164767	0.00355291	0.00979302	-0.0279715
0.163062	0.0159991	0.0037992	0.00994087	-0.036706
0.163512	0.0150437	0.00407826	0.00933206	-0.0448639
0.163873	0.0138728	0.0042956	0.00812655	-0.0503749
0.164214	0.0124481	0.00448477	0.00648837	-0.0507684
0.164508	0.0111062	0.00462766	0.00502855	-0.0485213
0.16477	0.00992897	0.00473927	0.00397151	-0.0465888
0.165014	0.00885317	0.00483222	0.00323261	-0.046655
0.165222	0.00785283	0.00490493	0.0026239	-0.0485774
0.165405	0.00678872	0.00496108	0.00189648	-0.0508391
0.165581	0.00544906	0.00500027	0.000840243	-0.0518706
0.165706	0.00420712	0.00500819	-0.000188369	-0.0521609
0.165796	0.00300699	0.00499043	-0.00119194	-0.0512327
0.165863	0.0016688	0.00493996	-0.00225024	-0.0494958
0.165891	0.000598363	0.004874	-0.00299923	-0.0483418
0.165892	-0.000468957	0.00478656	-0.00370328	-0.0475918
0.165862	-0.00159558	0.00467228	-0.00444806	-0.0465336
0.16581	-0.00257409	0.0045529	-0.00509099	-0.0457499
0.165722	-0.00366081	0.0043998	-0.00584031	-0.0441611
0.165614	-0.00462648	0.00423939	-0.00649391	-0.0424408
0.165487	-0.00550911	0.00406974	-0.00707542	-0.0403415
0.165332	-0.00636449	0.00387896	-0.00760395	-0.0381942
0.165156	-0.00716039	0.00367533	-0.00806874	-0.0359998
0.164968	-0.00786931	0.00346887	-0.00845876	-0.0337775
0.164763	-0.00852278	0.00325337	-0.00879586	-0.0316074
0.164542	-0.00913101	0.0030297	-0.0091052	-0.0294012
0.164297	-0.00971414	0.00278935	-0.00939705	-0.0270171
0.164006	-0.0103081	0.00251306	-0.00969608	-0.0241401
0.163732	-0.0107633	0.00225886	-0.00988478	-0.021131
0.163459	-0.0111202	0.00201103	-0.00997062	-0.0183356
0.163177	-0.0114067	0.00176202	-0.00998301	-0.0159129
0.162877	-0.0116585	0.00150285	-0.00998073	-0.0136635
0.162548	-0.011885	0.00122406	-0.00997821	-0.0110276
0.162237	-0.0120393	0.000965567	-0.00994414	-0.00818043
0.161935	-0.0120807	0.000719713	-0.0097592	-0.00534508
0.161621	-0.0120542	0.000469812	-0.00949794	-0.00330622
0.161297	-0.0119941	0.000217351	-0.00924396	-0.00143355
0.160986	-0.0119109	-1.95854e-05	-0.00902656	0.000773293
0.160664	-0.0110627	-0.00024896	-0.0072148	0.00331278
0.160387	-0.0102555	-0.000413369	-0.00555625	-0.00412643
0.160097	-0.0105058	-0.000577772	-0.00628433	-0.011487
0.159781	-0.0112847	-0.000788231	-0.00824806	-0.00494492
0.159458	-0.0117644	-0.00103906	-0.00963106	0.0127161
0.15914	-0.011061	-0.00129154	-0.00851224	0.0261291
0.158866	-0.0100095	-0.00148827	-0.00667645	0.0246985
0.158618	-0.00907771	-0.00164096	-0.00516238	0.0183057
0.158399	-0.00853883	-0.00176093	-0.00453383	0.0134193
0.158181	-0.00827237	-0.00187806	-0.00456485	0.0132928
0.157968	-0.00809025	-0.00199992	-0.00482122	0.0171371
0.157771	-0.007758	-0.0021195	-0.00476254	0.0225298
0.157563	-0.00712251	-0.00224395	-0.00416405	0.0259726
0.157375	-0.00633546	-0.00234747	-0.00327503	0.0267765
0.15722	-0.00559657	-0.00242151	-0.00246194	0.0257937
0.157079	-0.00492078	-0.00247882	-0.00185249	0.0246045
0.156954	-0.00431271	-0.00252183	-0.00138713	0.0244829
0.15685	-0.00376282	-0.00255311	-0.00104046	0.0249947
0.156759	-0.00320006	-0.00257517	-0.000674659	0.0259901
0.156679	-0.00254911	-0.00258699	-0.000188569	0.0265755
0.156623	-0.0019446	-0.00258541	0.00029483	0.0268587
0.156583	-0.00132841	-0.00257141	0.00080632	0.0264733
0.156555	-0.000634096	-0.00253968	0.00136316	0.0255326
0.156546	-1.18115e-05	-0.00249509	0.00180925	0.0245948
0.156553	0.000548536	-0.00244121	0.00216962	0.0241507
0.156577	0.00111632	-0.00237528	0.00253589	0.0237276
0.156615	0.00165811	-0.00230183	0.00290101	0.0231074
0.156669	0.00220648	-0.0022153	0.00327914	0.0220387
0.156733	0.00268458	-0.0021259	0.00359185	0.0210295
0.156815	0.00316727	-0.00202117	0.00389337	0.0197651
0.156899	0.0035612	-0.00192111	0.00411469	0.0187074
0.156997	0.0039439	-0.00181153	0.00432113	0.0176962
0.1571	0.00429046	-0.00170125	0.00450844	0.0165913
0.157216	0.00462542	-0.00158184	0.00468628	0.0154108
0.157355	0.00497102	-0.00144348	0.00487179	0.0139665
0.157483	0.00523271	-0.00132028	0.00499487	0.012474
0.157622	0.00546333	-0.00118957	0.00507475	0.0111065
0.157778	0.00567755	-0.0010469	0.00513578	0.00969604
0.157945	0.00584291	-0.000898362	0.00513005	0.00826728
0.158092	0.005952	-0.000770756	0.00509672	0.0071106
0.158248	0.00604347	-0.000639018	0.00505776	0.00606228
0.158382	0.0061077	-0.000528157	0.00503065	0.00488536
0.158548	0.00615596	-0.000393354	0.00496933	0.00375808
0.158727	0.00619665	-0.000249837	0.00494045	0.0024142
0.158906	0.00620594	-0.000107548	0.00489243	0.000307995
0.159085	0.00614371	3.19157e-05	0.00474086	-0.00139274
0.159235	0.00575162	0.000140732	0.00390866	-0.00253508
0.159394	0.00529026	0.000239411	0.00296851	0.00068111
0.159527	0.00535522	0.000316403	0.00320091	0.00495075
0.15967	0.00566569	0.000409923	0.00400386	0.00778684
0.159818	0.00614623	0.000525376	0.00520888	-0.00510747
0.159985	0.00577495	0.00066223	0.00461064	-0.014708
0.160122	0.00519086	0.000764032	0.00356157	-0.0139179
0.160249	0.00464417	0.000843837	0.00263472	-0.00995924
0.160365	0.00432555	0.000906327	0.00223202	-0.00657125
0.160489	0.00419381	0.000971226	0.00229723	-0.00600497
0.160605	0.00414211	0.00103896	0.00254985	-0.00846854
0.160719	0.00397623	0.00111059	0.00257759	-0.0121471
0.160829	0.00362123	0.00118025	0.00223146	-0.0146384
0.160914	0.00320294	0.00122917	0.00170627	-0.0150399
0.160997	0.00272981	0.00126841	0.00112412	-0.0138021
0.161063	0.00236624	0.00129255	0.000760403	-0.012414
0.161118	0.00209987	0.00130937	0.000599809	-0.0119396
0.161169	0.00185605	0.00132368	0.000510901	-0.0125136
0.161214	0.00159011	0.00133515	0.000377867	-0.0135363
0.16125	0.00128744	0.00134164	0.000149956	-0.0142677
0.161281	0.000896775	0.00134075	-0.000199992	-0.014231
0.1613	0.000562929	0.0013319	-0.000496835	-0.0137353
0.16131	0.000240981	0.00131551	-0.000754405	-0.0131292
0.161312	-6.31182e-05	0.00129235	-0.000962312	-0.0126732
0.161307	-0.000325965	0.00126624	-0.00112215	-0.0124323
0.161295	-0.00059346	0.00123491	-0.001285	-0.012302
0.161274	-0.00088262	0.00119625	-0.00147547	-0.0120057
0.161249	-0.00113532	0.0011572	-0.00164618	-0.0116592
0.161216	-0.00139142	0.00111207	-0.0018232	-0.0111595
0.161177	-0.00163303	0.00106257	-0.00198446	-0.0105284
0.161133	-0.00184648	0.00101135	-0.00211452	-0.00987304
0.161076	-0.00206631	0.000948426	-0.00222601	-0.00920945
0.161022	-0.00223625	0.000891918	-0.00229869	-0.00871143
0.160959	-0.00241076	0.000828835	-0.00237836	-0.00826261
0.160897	-0.00256552	0.000768453	-0.00245729	-0.00767604
0.160829	-0.00271354	0.00070367	-0.00253218	-0.00701161
0.160759	-0.00284008	0.000639711	-0.00259052	-0.00626868
0.160684	-0.00295319	0.000571865	-0.00263297	-0.00554619
0.160609	-0.00304274	0.000505882	-0.00265346	-0.004815
0.160529	-0.00311884	0.000436887	-0.00266025	-0.00415524
0.16045	-0.00317661	0.000370561	-0.00265504	-0.00348109
0.160357	-0.00322943	0.000293861	-0.00264491	-0.00280811
0.160276	-0.00326066	0.00022807	-0.00262799	-0.0020386
0.160191	-0.00327464	0.000160305	-0.00259247	-0.0013353
0.160109	-0.00327048	9.62699e-05	-0.00254116	-0.000653058
0.160025	-0.00325029	3.12176e-05	-0.0024749	-5.26437e-05
0.159934	-0.00321823	-3.69473e-05	-0.00240523	0.000535671
0.159853	-0.00302287	-9.48267e-05	-0.0019989	0.00122357
0.15978	-0.00281789	-0.000139261	-0.0015873	-0.000338593
0.159698	-0.00285332	-0.000186929	-0.0017262	-0.00207383
0.159622	-0.00299674	-0.000236925	-0.00210525	-0.000740464
0.159533	-0.00310574	-0.000303274	-0.0024525	0.0031971
0.159457	-0.00295131	-0.000361499	-0.00222177	0.00667939
0.159376	-0.00265667	-0.000418295	-0.00172277	0.00654626
0.159313	-0.00242661	-0.000456558	-0.00136055	0.00494014
0.159247	-0.00227124	-0.00049194	-0.00119261	0.00381341
0.159189	-0.00219987	-0.000522945	-0.00120773	0.00394697
0.159135	-0.0021396	-0.000553634	-0.00125062	0.00502721
0.159081	-0.00203022	-0.000585461	-0.00120344	0.00628403
0.159032	-0.00187111	-0.000613514	-0.00104957	0.00708611
0.158986	-0.00167442	-0.000637845	-0.000830038	0.00720538
0.158945	-0.00147821	-0.000656533	-0.000618858	0.00692806
0.158911	-0.00131008	-0.000669972	-0.000466075	0.00663277
0.158875	-0.00113878	-0.000681609	-0.000345677	0.00653602
0.158845	-0.000979742	-0.00069025	-0.000255982	0.00676636
0.158822	-0.000834794	-0.00069544	-0.00016371	0.00719119
0.158803	-0.000665253	-0.000697887	-2.78637e-05	0.00739654
0.158788	-0.000492515	-0.000696612	0.000123858	0.00733256
0.158778	-0.000316731	-0.000691358	0.000274252	0.00708987
0.158772	-0.000153521	-0.00068254	0.000399437	0.00681517
0.15877	-9.25745e-06	-0.000671315	0.000495284	0.00662426
0.158771	0.000132893	-0.000657286	0.000581934	0.00653064
0.158778	0.000289657	-0.000638965	0.000680735	0.00640919
0.158787	0.000433522	-0.000619303	0.000774814	0.00630664
0.158801	0.000571583	-0.000597893	0.000871309	0.00609104
0.158819	0.000714402	-0.000572102	0.000970949	0.0057425
0.158841	0.000844953	-0.00054377	0.00105355	0.00542013
0.158864	0.000956747	-0.000515585	0.00111836	0.0050814
0.15889	0.00105818	-0.000485831	0.0011718	0.00478056
0.15892	0.00115605	-0.000453565	0.00122103	0.00448774
0.158953	0.00124748	-0.00042001	0.00126768	0.00416898
0.158986	0.00132825	-0.000386565	0.00130801	0.00381106
0.159023	0.00140357	-0.000350805	0.00134328	0.00344227
0.159059	0.00146365	-0.000316981	0.00136608	0.00304618
0.159098	0.0015154	-0.000281365	0.00137802	0.00269267
0.159141	0.00156283	-0.000242746	0.00138622	0.00232531
0.159182	0.00159947	-0.000206697	0.00139023	0.0019699
0.159224	0.00162746	-0.000170655	0.00138749	0.00159662
0.159266	0.00164747	-0.000134735	0.00137943	0.00122352
0.159309	0.00165874	-9.91204e-05	0.00136432	0.000724248
0.159357	0.00165406	-6.02506e-05	0.00132371	-9.26559e-05
0.159403	0.00150781	-2.65427e-05	0.000986578	6.40663e-05
0.159442	0.00148574	-1.81652e-06	0.000933223	0.00168578
0.15948	0.00155921	2.35647e-05	0.00109767	0.00164232
0.15952	0.00163924	5.3392e-05	0.00128545	0.000207293
0.159568	0.00166154	9.18345e-05	0.00136151	-0.00144799
0.159608	0.00156246	0.000123524	0.00117914	-0.00260337
0.15965	0.00144199	0.000153358	0.000965342	-0.00211474
0.159691	0.0013537	0.0001792	0.000834414	-0.00145659
0.159725	0.00129914	0.000200028	0.000778853	-0.00129036
0.159757	0.00125927	0.000219193	0.000759563	-0.00148637
0.159792	0.00122494	0.000240512	0.000767945	-0.00186737
0.159823	0.00119182	0.000260597	0.000780036	-0.00252351
0.159857	0.00112388	0.000282467	0.000733492	-0.00316002
0.159884	0.00103942	0.000299632	0.000643071	-0.00355251
0.159909	0.00094147	0.000314213	0.00052803	-0.00357283
0.159935	0.000827839	0.000328089	0.000404306	-0.00340284
0.159955	0.000746214	0.000337249	0.000333588	-0.00328222
0.159972	0.000674048	0.000344944	0.000286359	-0.00333201
0.159989	0.000600013	0.000351775	0.000241941	-0.00350567
0.160003	0.000519859	0.000357313	0.000186215	-0.00370273
0.160017	0.000424458	0.000361385	0.000108062	-0.00379758
0.160026	0.000332619	0.000363126	2.93517e-05	-0.00380974
0.160033	0.000244772	0.000362889	-4.50704e-05	-0.00373565
0.160039	0.000161216	0.00036091	-0.000110433	-0.00364198
0.160042	7.93404e-05	0.000357258	-0.000168341	-0.003573
0.160043	6.7587e-07	0.000352179	-0.000220676	-0.00353249
0.160042	-7.37743e-05	0.000346026	-0.000270215	-0.00349772
0.160039	-0.000150797	0.000338296	-0.000323185	-0.0034431
0.160034	-0.000226705	0.000329187	-0.000376551	-0.00334937
0.160027	-0.000300043	0.000318722	-0.00042759	-0.0032227
0.160019	-0.000366582	0.000307477	-0.000471472	-0.00307819
0.160007	-0.000438822	0.000293161	-0.00051634	-0.00292089
0.159994	-0.000503751	0.000278181	-0.00055443	-0.00276313
0.15998	-0.000557484	0.000263959	-0.000583898	-0.00262522
0.159965	-0.000610118	0.000248419	-0.000612457	-0.00248452
0.159949	-0.000657754	0.000232795	-0.000638465	-0.00232359
0.159929	-0.000709264	0.000213886	-0.00066693	-0.00213673
0.159909	-0.000753886	0.000194916	-0.000690105	-0.00191626
0.159886	-0.000793876	0.000174668	-0.000707863	-0.001697
0.159866	-0.000822177	0.000156896	-0.000715827	-0.00148662
0.159843	-0.000847946	0.000136868	-0.000718519	-0.00130467
0.159821	-0.000867902	0.000118214	-0.000719089	-0.0011368
0.159796	-0.000886205	9.81163e-05	-0.000719648	-0.000955196
0.159773	-0.000899521	7.94536e-05	-0.000718662	-0.000753696
0.159747	-0.000908759	5.94504e-05	-0.000713464	-0.000545083
0.159724	-0.000912244	4.10623e-05	-0.000703971	-0.000334908
0.159696	-0.000910886	2.02177e-05	-0.000688894	-0.000145335
0.159671	-0.000905165	1.21171e-06	-0.000672322	6.15587e-05
0.159647	-0.000839824	-1.57926e-05	-0.000531651	0.000253282
0.159624	-0.000773406	-2.86106e-05	-0.000394068	-0.00033115
0.159601	-0.000793315	-4.07519e-05	-0.000450715	-0.000951169
0.159578	-0.000854822	-5.55257e-05	-0.000602991	-0.000375872
0.159557	-0.00088608	-7.17637e-05	-0.000692136	0.000805291
0.159532	-0.000833561	-8.98748e-05	-0.000606361	0.00173408
0.15951	-0.000757616	-0.000104915	-0.000475295	0.00159991
0.159492	-0.000701111	-0.00011562	-0.000387237	0.00118909
0.159474	-0.000666501	-0.000125138	-0.000352052	0.000901449
0.159456	-0.000648951	-0.000135035	-0.000360936	0.000977334
0.159437	-0.000633075	-0.00014575	-0.000379072	0.00135239
0.159422	-0.000603288	-0.000154999	-0.00036266	0.00179193
0.159407	-0.000552148	-0.00016363	-0.000304424	0.00198642
0.159393	-0.000491394	-0.000170794	-0.000229976	0.00193013
0.15938	-0.000434137	-0.000176306	-0.000167697	0.00178195
0.159369	-0.000390684	-0.00018017	-0.000132751	0.0017088
0.159359	-0.000348894	-0.00018366	-0.000109808	0.00172605
0.159349	-0.000309197	-0.000186442	-9.0231e-05	0.00184779
0.159342	-0.000268785	-0.000188351	-6.26086e-05	0.0019902
0.159336	-0.000220262	-0.000189413	-2.01849e-05	0.00203759
0.15933	-0.000165649	-0.000189242	3.05101e-05	0.00197871
0.159326	-0.000112844	-0.000187687	7.50921e-05	0.00188262
0.159324	-7.2133e-05	-0.000185439	0.000103599	0.00182379
0.159323	-3.25998e-05	-0.000182418	0.00012798	0.00179942
0.159323	9.24455e-06	-0.000178466	0.0001539	0.00177419
0.159323	4.76972e-05	-0.000174138	0.000178486	0.00176901
0.159325	8.53403e-05	-0.000169338	0.000205076	0.00173127
0.159328	0.000122264	-0.000163873	0.000231756	0.00166376
0.159332	0.000161419	-0.000157001	0.000259055	0.00156463
0.159337	0.00019844	-0.000149148	0.000282359	0.00146801
0.159342	0.000227189	-0.000141897	0.000297968	0.00139254
0.159349	0.000257365	-0.000133341	0.000313892	0.00130942
0.159356	0.000282302	-0.000125343	0.000326405	0.00124222
0.159363	0.000306008	-0.000117035	0.000338874	0.00116421
0.159372	0.000331969	-0.000107008	0.000353421	0.00105576
0.159381	0.000351349	-9.80686e-05	0.00036247	0.000926622
0.15939	0.000366682	-8.89801e-05	0.000365583	0.000714379
0.159399	0.000373894	-8.00029e-05	0.000353831	9.65021e-05
0.159409	0.000354374	-7.16568e-05	0.000285315	8.91769e-05
0.159417	0.000333532	-6.51847e-05	0.000216417	0.0011237
0.159426	0.000368242	-5.90792e-05	0.000272249	0.00149034
0.159437	0.000425208	-5.06148e-05	0.000378511	0.00112451
0.159448	0.000466854	-3.97514e-05	0.000454444	0.000344888
0.159461	0.000473805	-2.68989e-05	0.000457455	-0.000230249
0.159473	0.000431291	-1.62764e-05	0.00035688	-0.000400423
0.159483	0.000392562	-8.54631e-06	0.000266303	6.98933e-05
0.159493	0.000390232	-1.9629e-06	0.000261016	0.000516306
0.159504	0.000413833	5.50295e-06	0.000313305	0.000443301
0.159514	0.000435345	1.39755e-05	0.000363585	5.18673e-06
0.159526	0.000438212	2.36154e-05	0.000376173	-0.000445217
0.159536	0.000410981	3.23525e-05	0.000325525	-0.000695046
0.159548	0.000377599	4.08767e-05	0.000266123	-0.000557189
0.159558	0.000355448	4.78143e-05	0.000233686	-0.000374848
0.159568	0.00033972	5.43193e-05	0.00021845	-0.000338865
0.159577	0.000329394	5.9937e-05	0.000215114	-0.000411613
0.159585	0.000321852	6.53509e-05	0.000218938	-0.000540113
0.159594	0.000310316	7.16966e-05	0.00021948	-0.000709991
0.159602	0.000293446	7.70085e-05	0.000206665	-0.00089483
0.159609	0.000268285	8.20025e-05	0.00017839	-0.000976126
0.159616	0.00023904	8.63261e-05	0.000143838	-0.000965452
0.159622	0.000208941	9.0137e-05	0.0001123	-0.000915778
0.159627	0.000187666	9.27167e-05	9.5404e-05	-0.000894672
0.159632	0.000167679	9.50264e-05	8.33501e-05	-0.000924349
0.159636	0.000145558	9.71591e-05	6.98766e-05	-0.000981006
0.15964	0.000123707	9.86953e-05	5.38386e-05	-0.00104358
0.159642	9.83051e-05	9.97952e-05	3.17422e-05	-0.00106797
0.159645	7.30903e-05	0.000100292	9.02579e-06	-0.00105424
0.159646	4.49919e-05	0.000100195	-1.47169e-05	-0.00101982
0.159647	2.27023e-05	9.96132e-05	-3.10585e-05	-0.000993982
0.159647	1.74868e-06	9.86593e-05	-4.47186e-05	-0.000984445
0.159647	-2.21499e-05	9.7133e-05	-6.01326e-05	-0.000979991
0.159646	-4.52618e-05	9.52267e-05	-7.57207e-05	-0.000974336
0.159645	-6.94352e-05	9.27835e-05	-9.30823e-05	-0.000955794
0.159642	-9.21965e-05	8.99413e-05	-0.00010977	-0.000919614
0.159639	-0.000114545	8.65299e-05	-0.000125421	-0.000873763
0.159636	-0.000134461	8.28398e-05	-0.000138183	-0.000825414
0.159632	-0.000150687	7.92711e-05	-0.000147346	-0.000786
0.159628	-0.000166542	7.5329e-05	-0.00015591	-0.000753008
0.159623	-0.000182876	7.08406e-05	-0.000165044	-0.000714138
0.159618	-0.000197304	6.64422e-05	-0.000173409	-0.000670182
0.159613	-0.000210056	6.20228e-05	-0.000180426	-0.000619214
0.159607	-0.000223376	5.67012e-05	-0.000187177	-0.000566983
0.159601	-0.000233599	5.19683e-05	-0.000191871	-0.000510437
0.159594	-0.000243409	4.65564e-05	-0.000195383	-0.000458085
0.159588	-0.000250968	4.16516e-05	-0.000197564	-0.000405548
0.159581	-0.000258105	3.6111e-05	-0.000199	-0.000356276
0.159575	-0.000263492	3.11336e-05	-0.000199833	-0.000302133
0.159567	-0.000268469	2.53458e-05	-0.000200041	-0.000250313
0.15956	-0.000271765	2.01613e-05	-0.000199531	-0.000188404
0.159553	-0.000273289	1.52129e-05	-0.000197082	-0.000131663
0.159546	-0.000273381	1.03459e-05	-0.000193093	-8.46199e-05
0.159538	-0.000272609	4.82592e-06	-0.000188501	-4.49046e-05
0.159531	-0.000271387	1.67573e-07	-0.000184979	8.25983e-06
0.159525	-0.000254489	-4.04489e-06	-0.000148538	5.87809e-05
0.159519	-0.000235595	-7.35638e-06	-0.000109024	-9.39974e-05
0.159513	-0.000240701	-1.02543e-05	-0.000123065	-0.000276461
0.159506	-0.000255983	-1.38052e-05	-0.000160464	-0.000136221
0.159499	-0.00026675	-1.87231e-05	-0.000189963	0.000156727
0.159492	-0.000251371	-2.36831e-05	-0.00016395	0.000433386
0.159485	-0.000233899	-2.75444e-05	-0.000134259	0.000378033
0.159479	-0.000219183	-3.09716e-05	-0.000112677	0.000278848
0.159474	-0.000210633	-3.37674e-05	-0.000104873	0.000236924
0.159468	-0.000204172	-3.66738e-05	-0.000103531	0.0002602
0.159462	-0.000199047	-3.9713e-05	-0.000106697	0.000334649
0.159457	-0.00019241	-4.23596e-05	-0.000105488	0.000446038
0.159452	-0.000180953	-4.48511e-05	-9.45486e-05	0.000513705
0.159448	-0.000166317	-4.70825e-05	-7.80078e-05	0.000522744
0.159443	-0.000150862	-4.90236e-05	-6.16354e-05	0.000495031
0.15944	-0.000138655	-5.04872e-05	-5.1709e-05	0.000481467
0.159436	-0.000127756	-5.17386e-05	-4.51103e-05	0.000489005
0.159433	-0.000117375	-5.27892e-05	-3.93578e-05	0.000510191
0.15943	-0.000106324	-5.36818e-05	-3.24545e-05	0.000527961
0.159428	-9.42914e-05	-5.44157e-05	-2.43684e-05	0.000534803
0.159425	-8.17106e-05	-5.49549e-05	-1.60101e-05	0.000526132
0.159423	-7.02909e-05	-5.5283e-05	-9.63265e-06	0.000527516
0.159422	-5.81664e-05	-5.54589e-05	-3.23924e-06	0.000497766
0.15942	-4.86146e-05	-5.55123e-05	-1.08265e-06	0.000466212
0.159419	-4.1151e-05	-5.55602e-05	-2.79823e-06	0.000247797
0.159418	-4.48274e-05	-5.60513e-05	-3.19206e-05	0.000676736
0.159417	-2.41934e-05	-5.66236e-05	-7.95959e-06	0.00108813
0.159417	1.90455e-05	-5.57801e-05	6.63277e-05	0.00102063
0.159418	5.45944e-05	-5.33405e-05	0.000126488	0.000503373
0.159419	6.7232e-05	-4.98467e-05	0.000136708	0.000214042
0.159421	6.36572e-05	-4.67157e-05	0.000113134	0.000156779
0.159423	5.70008e-05	-4.41794e-05	8.3139e-05	0.000299346
0.159424	5.87829e-05	-4.20393e-05	8.04026e-05	0.000479205
0.159426	7.03666e-05	-3.99882e-05	8.22814e-05	0.000486798
0.159428	8.51934e-05	-3.72588e-05	9.96724e-05	0.000517463
0.159431	9.98153e-05	-3.45084e-05	0.00012003	0.000426243
0.159434	0.000112637	-3.0791e-05	0.000135785	0.000293218
0.159437	0.000118485	-2.69572e-05	0.000138053	0.000178462
0.15944	0.000118971	-2.30826e-05	0.000129647	0.000138071
0.159443	0.00011822	-1.99594e-05	0.000120974	0.000163186
0.159447	0.000119894	-1.65119e-05	0.000117736	0.000184921
0.15945	0.000123469	-1.35372e-05	0.000120665	0.000175515
0.159453	0.000127507	-1.04619e-05	0.00012559	0.00012572
0.159456	0.000130152	-7.16141e-06	0.000128385	5.90067e-05
0.15946	0.000130204	-3.97705e-06	0.000126664	-4.52513e-07
0.159463	0.000119706	-8.613e-07	0.000102781	-3.50423e-05
0.159466	0.000109256	1.5828e-06	7.9985e-05	6.25822e-05
0.159469	0.000112219	3.75501e-06	8.73707e-05	0.000161636
0.159472	0.000121122	6.30472e-06	0.000108573	7.93432e-05
0.159475	0.000126677	9.32624e-06	0.000123378	-9.53122e-05
0.159478	0.000119652	1.2259e-05	0.000111471	-0.000241571
0.159481	0.000110104	1.48256e-05	9.49297e-05	-0.000226817
0.159484	0.000101784	1.71132e-05	8.20808e-05	-0.000180944
0.159487	9.62126e-05	1.93188e-05	7.64949e-05	-0.000157418
0.159489	9.28015e-05	2.15313e-05	7.67148e-05	-0.000178963
0.159492	8.95112e-05	2.34467e-05	7.68097e-05	-0.000238057
0.159494	8.37203e-05	2.53837e-05	7.23674e-05	-0.000291556
0.159496	7.47158e-05	2.73311e-05	6.25688e-05	-0.000322026
0.159498	6.49698e-05	2.89182e-05	5.14476e-05	-0.000323941
0.1595	5.54273e-05	3.01348e-05	3.82338e-05	-0.000312285
0.159501	4.82039e-05	3.12251e-05	3.58584e-05	-0.000275676
0.159502	4.31541e-05	3.2108e-05	3.50901e-05	-0.000319304
0.159503	3.63744e-05	3.29313e-05	3.08075e-05	-0.000360057
0.159504	2.71033e-05	3.36439e-05	2.21813e-05	-0.000379471
0.159505	1.7691e-05	3.40728e-05	1.2565e-05	-0.000374259
0.159505	8.34811e-06	3.42777e-05	3.651e-06	-0.000356456
0.159505	4.04581e-07	3.42866e-05	-2.60443e-06	-0.000340967
0.159505	-6.67416e-06	3.4164e-05	-6.98151e-06	-0.000337137
0.159505	-1.46178e-05	3.38932e-05	-1.15443e-05	-0.000342685
0.159504	-2.17602e-05	3.35444e-05	-1.62245e-05	-0.000349488
0.159504	-3.02151e-05	3.29984e-05	-2.26254e-05	-0.0003492
0.159503	-3.90907e-05	3.22368e-05	-2.97606e-05	-0.00033853
0.159502	-4.63623e-05	3.14213e-05	-3.53361e-05	-0.000320191
0.1595	-5.36894e-05	3.0364e-05	-4.01288e-05	-0.000305146
0.159498	-6.07234e-05	2.91391e-05	-4.43065e-05	-0.000293412
0.159497	-6.73953e-05	2.77991e-05	-4.81738e-05	-0.000282648
0.159495	-7.31551e-05	2.65025e-05	-5.16007e-05	-0.000269868
0.159493	-7.83835e-05	2.5175e-05	-5.46434e-05	-0.000256217
0.159491	-8.40911e-05	2.35445e-05	-5.79466e-05	-0.000242782
0.159488	-8.87456e-05	2.20622e-05	-6.07181e-05	-0.000223802
0.159486	-9.33655e-05	2.0331e-05	-6.31067e-05	-0.000206716
0.159483	-9.70779e-05	1.87329e-05	-6.48771e-05	-0.000187029
0.159481	-0.000100825	1.68322e-05	-6.63654e-05	-0.000171137
0.159478	-0.000104219	1.48906e-05	-6.78038e-05	-0.000152187
0.159475	-0.000106704	1.31871e-05	-6.86706e-05	-0.000129303
0.159472	-0.000108517	1.14737e-05	-6.86188e-05	-0.000110659
0.159469	-0.000110232	9.49311e-06	-6.83187e-05	-9.73633e-05
0.159466	-0.000111609	7.58547e-06	-6.83019e-05	-7.99547e-05
0.159463	-0.000112546	5.8828e-06	-6.81516e-05	-5.69899e-05
0.15946	-0.000112887	4.12567e-06	-6.71945e-05	-3.73607e-05
0.159457	-0.00011268	2.40301e-06	-6.56247e-05	-2.02619e-05
0.159455	-0.000112115	7.88209e-07	-6.38558e-05	-5.66402e-06
0.159452	-0.000111299	-8.45432e-07	-6.20647e-05	7.76413e-06
0.159449	-0.000104629	-2.23657e-06	-4.79357e-05	2.29477e-05
0.159446	-9.63883e-05	-3.36314e-06	-3.09223e-05	-4.23653e-05
0.159443	-9.90664e-05	-4.33004e-06	-3.81885e-05	-0.000125477
0.159441	-0.00010608	-5.54371e-06	-5.52271e-05	-5.7896e-05
0.159438	-0.000110075	-7.06602e-06	-6.60286e-05	7.02652e-05
0.159435	-0.000103918	-8.77853e-06	-5.54118e-05	0.000164135
0.159432	-9.71115e-05	-1.00589e-05	-4.36693e-05	0.000137875
0.15943	-9.21392e-05	-1.10475e-05	-3.61968e-05	9.63587e-05
0.159428	-8.84301e-05	-1.18891e-05	-3.17927e-05	7.69547e-05
0.159425	-8.54235e-05	-1.26472e-05	-2.91898e-05	7.4825e-05
0.159423	-8.25144e-05	-1.34682e-05	-2.77377e-05	7.95507e-05
0.159421	-8.03619e-05	-1.41863e-05	-2.76954e-05	0.00010234
0.159419	-7.84075e-05	-1.50047e-05	-2.89165e-05	0.000124221
0.159417	-7.59632e-05	-1.57216e-05	-2.85542e-05	0.000164959
0.159415	-7.15958e-05	-1.64094e-05	-2.44142e-05	0.00018935
0.159413	-6.61428e-05	-1.69596e-05	-1.81045e-05	0.000191566
0.159411	-6.09132e-05	-1.73347e-05	-1.22186e-05	0.000179007
0.15941	-5.62891e-05	-1.7594e-05	-7.99213e-06	0.000166068
0.159408	-5.21881e-05	-1.77797e-05	-5.44886e-06	0.000158709
0.159407	-4.89958e-05	-1.78998e-05	-4.25666e-06	0.000169578
0.159406	-4.53239e-05	-1.79824e-05	-2.1051e-06	0.000181961
0.159405	-4.04512e-05	-1.79831e-05	1.84568e-06	0.000184555
0.159404	-3.59186e-05	-1.7883e-05	5.71074e-06	0.000184685
0.159403	-3.15533e-05	-1.76913e-05	9.48967e-06	0.000178105
0.159402	-2.74921e-05	-1.74128e-05	1.26776e-05	0.00016975
0.159401	-2.3639e-05	-1.70478e-05	1.52893e-05	0.000163402
0.159401	-1.99209e-05	-1.66043e-05	1.75221e-05	0.000159577
0.1594	-1.62949e-05	-1.61011e-05	1.97188e-05	0.000157078
0.1594	-1.26809e-05	-1.55368e-05	2.20768e-05	0.000153346
0.1594	-8.84474e-06	-1.4858e-05	2.47432e-05	0.000147088
0.1594	-5.43041e-06	-1.41579e-05	2.71232e-05	0.000137681
0.159399	-2.09386e-06	-1.33413e-05	2.92403e-05	0.00012421
0.159399	4.03684e-07	-1.25675e-05	3.03251e-05	0.0001178
0.159399	2.88325e-06	-1.17338e-05	3.14838e-05	0.000112374
0.1594	5.20741e-06	-1.08998e-05	3.27424e-05	0.00010519
0.1594	7.39591e-06	-1.00332e-05	3.39912e-05	9.60341e-05
0.1594	9.27504e-06	-9.17194e-06	3.49794e-05	8.55317e-05
0.1594	1.12096e-05	-8.11186e-06	3.58376e-05	7.22166e-05
0.159401	1.25323e-05	-7.14305e-06	3.60496e-05	6.36942e-05
0.159401	1.297e-05	-6.74676e-06	3.60119e-05	5.21578e-05
0.159401	1.38552e-05	-5.50621e-06	3.51529e-05	0.000799024
0.159402	5.78931e-05	-3.12436e-06	0.000130031	4.62519e-05
0.159404	6.4478e-05	8.43856e-07	0.00014403	-0.000571172
0.159405	3.50581e-05	3.75845e-06	8.02958e-05	-0.000711757
0.159406	-3.32311e-06	4.76952e-06	-2.34981e-06	-0.000372065
0.159405	-2.22845e-05	4.15774e-06	-4.24658e-05	0.000109576
0.159405	-1.47653e-05	3.24746e-06	-2.46769e-05	0.000357614
0.159405	4.55925e-06	3.19114e-06	1.88555e-05	0.000260837
0.159405	2.00789e-05	4.16667e-06	5.40021e-05	-5.81522e-06
0.159406	1.86587e-05	5.54189e-06	5.25235e-05	-0.000238516
0.159406	6.78044e-06	6.72011e-06	2.87955e-05	-0.000259822
0.159406	-4.98707e-06	7.15123e-06	5.34284e-06	-0.000138076
0.159406	-1.08748e-05	7.1386e-06	-4.95943e-06	-1.13626e-05
0.159405	-1.02457e-05	7.03516e-06	-1.18124e-06	4.50285e-05
0.159405	-5.76771e-06	7.1602e-06	1.09459e-05	1.64809e-05
0.159405	-2.30278e-06	7.58544e-06	2.10355e-05	-6.61369e-05
0.159405	-3.46831e-06	8.20058e-06	2.14568e-05	-0.000144201
0.159405	-8.83164e-06	8.67567e-06	1.27732e-05	-0.00016572
0.159405	-1.47673e-05	8.87333e-06	2.72988e-06	-0.000127501
0.159404	-1.90028e-05	8.85936e-06	-3.32248e-06	-8.05892e-05
0.159404	-2.04946e-05	8.764e-06	-3.49457e-06	-5.16439e-05
0.159403	-2.03555e-05	8.7159e-06	-3.44347e-07	-5.84995e-05
0.159402	-2.05261e-05	8.74998e-06	2.57867e-06	-8.7407e-05
0.159402	-2.2185e-05	8.80884e-06	1.91366e-06	-0.000113826
0.159401	-2.51115e-05	8.81133e-06	-1.63427e-06	-0.00011978
0.159401	-2.84808e-05	8.70942e-06	-6.05445e-06	-0.000107015
0.1594	-3.1226e-05	8.50927e-06	-9.15685e-06	-8.75872e-05
0.159399	-3.29979e-05	8.25577e-06	-1.02019e-05	-7.44316e-05
0.159398	-3.41654e-05	7.97609e-06	-9.80077e-06	-7.45576e-05
0.159397	-3.54065e-05	7.70435e-06	-9.6615e-06	-8.16073e-05
0.159396	-3.69377e-05	7.45197e-06	-1.05497e-05	-8.48488e-05
0.159395	-3.87721e-05	7.15765e-06	-1.20964e-05	-8.29343e-05
0.159394	-4.05973e-05	6.8217e-06	-1.37293e-05	-7.63714e-05
0.159393	-4.2108e-05	6.46399e-06	-1.48766e-05	-6.82949e-05
0.159392	-4.34656e-05	6.03896e-06	-1.55547e-05	-6.42474e-05
0.159391	-4.47373e-05	5.58004e-06	-1.6162e-05	-6.036e-05
0.159389	-4.58983e-05	5.11993e-06	-1.67536e-05	-5.60058e-05
0.159388	-4.69566e-05	4.64407e-06	-1.72906e-05	-5.10336e-05
0.159387	-4.7929e-05	4.13645e-06	-1.77613e-05	-4.56225e-05
0.159385	-4.86187e-05	3.69008e-06	-1.79967e-05	-3.75423e-05
0.159384	-4.90265e-05	3.2439e-06	-1.77591e-05	-3.28674e-05
0.159383	-4.93899e-05	2.73486e-06	-1.74238e-05	-3.28954e-05
0.159382	-4.98331e-05	2.29822e-06	-1.75735e-05	-2.79826e-05
0.15938	-5.02233e-05	1.7886e-06	-1.76539e-05	-2.49423e-05
0.159379	-5.05594e-05	1.32773e-06	-1.78602e-05	-1.63375e-05
0.159377	-5.05929e-05	8.33305e-07	-1.75365e-05	-1.17215e-05
0.159376	-5.0524e-05	3.31593e-07	-1.71625e-05	-7.04001e-06
0.159375	-5.03602e-05	-1.25264e-07	-1.67641e-05	4.2907e-07
0.159373	-4.72608e-05	-4.8273e-07	-1.00702e-05	5.17807e-06
0.159372	-4.39787e-05	-6.41425e-07	-3.05649e-06	-2.95281e-05
0.159371	-4.53443e-05	-7.63375e-07	-6.28713e-06	-6.91224e-05
0.15937	-4.88441e-05	-1.03293e-06	-1.42621e-05	-4.67964e-05
0.159368	-5.12026e-05	-1.46228e-06	-1.98364e-05	6.9452e-06
0.159367	-4.82112e-05	-1.90619e-06	-1.3846e-05	4.89335e-05
0.159366	-4.51351e-05	-2.18228e-06	-7.79253e-06	2.13044e-05
0.159365	-4.22376e-05	-2.31819e-06	-2.26058e-06	-1.18536e-05
0.159364	-4.3191e-05	-2.42344e-06	-5.24428e-06	-4.10542e-05
0.159362	-4.57437e-05	-2.64569e-06	-1.16973e-05	-1.54631e-05
0.159361	-4.71274e-05	-3.00589e-06	-1.56852e-05	2.99666e-05
0.15936	-4.44561e-05	-3.38023e-06	-1.09915e-05	6.03991e-05
0.159359	-4.17152e-05	-3.60676e-06	-6.91122e-06	4.38387e-05
0.159358	-3.95992e-05	-3.73898e-06	-2.91139e-06	2.57208e-05
0.159357	-3.78987e-05	-3.77835e-06	-4.06406e-07	8.20527e-06
0.159356	-3.6297e-05	-3.75802e-06	1.82915e-06	-2.6859e-06
0.159355	-3.72883e-05	-3.75651e-06	-1.61605e-06	-1.27268e-05
0.159354	-3.8694e-05	-3.84823e-06	-5.88581e-06	1.2109e-05
0.159353	-3.72635e-05	-4.00451e-06	-4.23229e-06	4.04713e-05
0.159352	-3.57934e-05	-4.08473e-06	-2.32543e-06	4.01383e-05
0.159351	-3.427e-05	-4.12434e-06	-5.35619e-07	3.10183e-05
0.15935	-3.30842e-05	-4.12089e-06	7.22126e-07	2.82904e-05
0.159349	-3.18271e-05	-4.08127e-06	1.92908e-06	2.18072e-05
0.159348	-3.08259e-05	-4.02138e-06	2.80475e-06	2.14242e-05
0.159347	-2.985e-05	-3.93754e-06	3.59648e-06	1.91663e-05
0.159347	-2.89278e-05	-3.83435e-06	4.3019e-06	1.71252e-05
0.159346	-2.80817e-05	-3.71859e-06	4.92676e-06	1.52052e-05
0.159345	-2.72671e-05	-3.58763e-06	5.52259e-06	1.33123e-05
0.159345	-2.64458e-05	-3.43579e-06	6.13329e-06	1.12316e-05
0.159344	-2.5644e-05	-3.26797e-06	6.75524e-06	8.72736e-06
0.159343	-2.48555e-05	-3.08361e-06	7.40766e-06	5.73486e-06
0.159343	-2.41044e-05	-2.88977e-06	8.08083e-06	2.11155e-06
0.159342	-2.33253e-05	-2.6695e-06	8.84622e-06	-2.10332e-06
0.159341	-2.39888e-05	-2.46945e-06	6.52064e-06	-7.39563e-06
0.159341	-2.49294e-05	-2.33892e-06	3.64381e-06	6.22948e-06
0.15934	-2.40539e-05	-2.22979e-06	4.7591e-06	2.4142e-05
0.159339	-2.30394e-05	-2.08576e-06	6.25179e-06	1.80686e-05
0.159339	-2.20698e-05	-1.90361e-06	7.70094e-06	8.92047e-06
0.159338	-2.11301e-05	-1.68384e-06	9.15233e-06	-7.3839e-07
0.159338	-2.05292e-05	-1.46115e-06	1.6428e-05	-1.12175e-05
0.159337	-2.22548e-05	-1.28436e-06	5.68798e-06	-7.72395e-05
0.159337	-2.63811e-05	-1.26412e-06	-3.77415e-06	6.53732e-06
0.159336	-2.4794e-05	-1.32252e-06	-7.32671e-07	6.50364e-05
0.159335	-2.16307e-05	-1.25646e-06	5.78254e-06	4.88062e-05
0.159335	-1.92399e-05	-1.04758e-06	1.06478e-05	9.40163e-06
0.159334	-1.80434e-05	-7.46114e-07	1.29772e-05	-2.23841e-05
0.159334	-1.91914e-05	-4.43362e-07	1.02574e-05	-4.04705e-05
0.159333	-2.12831e-05	-2.40175e-07	5.55464e-06	-2.81312e-05
0.159333	-2.26822e-05	-1.39026e-07	2.42244e-06	-2.4101e-06
0.159332	-2.27271e-05	-7.60238e-08	2.28433e-06	1.28059e-05
0.159332	-2.11108e-05	3.69252e-08	5.81932e-06	1.27683e-05
0.159331	-1.96763e-05	2.24141e-07	9.0056e-06	-8.09959e-06
0.15933	-1.97665e-05	4.58681e-07	8.92216e-06	-3.05944e-05
0.15933	-2.10387e-05	6.55577e-07	6.3205e-06	-3.41787e-05
0.159329	-2.2394e-05	7.77778e-07	3.58146e-06	-2.20705e-05
0.159329	-2.31096e-05	8.49515e-07	2.27708e-06	-8.07476e-06
0.159328	-2.3104e-05	9.18693e-07	2.62243e-06	-4.49234e-06
0.159328	-2.28113e-05	1.00617e-06	3.6144e-06	-8.7309e-06
0.159327	-2.27148e-05	1.11618e-06	4.21193e-06	-1.72692e-05
0.159326	-2.30463e-05	1.226e-06	3.89631e-06	-2.13822e-05
0.159326	-2.35518e-05	1.31431e-06	3.20091e-06	-2.24711e-05
0.159325	-2.41079e-05	1.38709e-06	2.43857e-06	-2.09127e-05
0.159324	-2.45904e-05	1.44727e-06	1.8972e-06	-2.12647e-05
0.159324	-2.50165e-05	1.48867e-06	1.44062e-06	-1.80787e-05
0.159323	-2.52736e-05	1.52337e-06	1.36691e-06	-1.7421e-05
0.159322	-2.54909e-05	1.56104e-06	1.43243e-06	-1.90219e-05
0.159322	-2.58179e-05	1.59591e-06	1.43217e-06	-2.1675e-05
0.159321	-2.61816e-05	1.62676e-06	1.00087e-06	-2.44162e-05
0.15932	-2.67008e-05	1.64486e-06	3.92651e-07	-2.34037e-05
0.15932	-2.71803e-05	1.64835e-06	-1.0112e-07	-2.1612e-05
0.159319	-2.75746e-05	1.64156e-06	-3.87181e-07	-2.03664e-05
0.159318	-2.7886e-05	1.62973e-06	-5.15944e-07	-2.02831e-05
0.159318	-2.81925e-05	1.61469e-06	-6.38636e-07	-2.10009e-05
0.159317	-2.85655e-05	1.59351e-06	-8.71393e-07	-2.41099e-05
0.159316	-2.90592e-05	1.56449e-06	-1.43958e-06	-2.17217e-05
0.159315	-2.94472e-05	1.52385e-06	-1.78735e-06	-1.93726e-05
0.159315	-2.97345e-05	1.47562e-06	-1.90922e-06	-1.81434e-05
0.159314	-2.99651e-05	1.42579e-06	-1.92332e-06	-1.81822e-05
0.159313	-3.01979e-05	1.37711e-06	-1.97702e-06	-1.88001e-05
0.159312	-3.04633e-05	1.32779e-06	-2.13608e-06	-1.9089e-05
0.159311	-3.0805e-05	1.26417e-06	-2.41224e-06	-1.86248e-05
0.159311	-3.11043e-05	1.20066e-06	-2.66671e-06	-1.7373e-05
0.15931	-3.13703e-05	1.12882e-06	-2.85511e-06	-1.60371e-05
0.159309	-3.15858e-05	1.05325e-06	-2.95767e-06	-1.49492e-05
0.159308	-3.1755e-05	9.78907e-07	-2.99747e-06	-1.42476e-05
0.159307	-3.1909e-05	9.03702e-07	-3.02808e-06	-1.38295e-05
0.159307	-3.20694e-05	8.24341e-07	-3.0867e-06	-1.33794e-05
0.159306	-3.22231e-05	7.46267e-07	-3.16749e-06	-1.26505e-05
0.159305	-3.23698e-05	6.62916e-07	-3.25009e-06	-1.16947e-05
0.159304	-3.24844e-05	5.81171e-07	-3.29841e-06	-1.05918e-05
0.159303	-3.25665e-05	4.98795e-07	-3.30213e-06	-9.61293e-06
0.159302	-3.26357e-05	4.03492e-07	-3.28273e-06	-1.12965e-05
0.159302	-3.28038e-05	3.18397e-07	-3.53327e-06	-7.93296e-06
0.159301	-3.2836e-05	2.16549e-07	-3.5022e-06	-7.89655e-06
0.1593	-3.27408e-05	1.28347e-07	-4.81458e-06	-4.28613e-06
0.159299	-3.27725e-05	3.30106e-08	-3.27623e-06	7.32568e-06
0.159298	-3.06878e-05	3.48857e-09	1.30023e-06	-2.99705e-06
0.159297	-3.05536e-05	4.02953e-08	1.60131e-06	-3.03817e-05
0.159296	-3.19533e-05	4.3313e-08	-1.4507e-06	-3.55123e-05
0.159295	-3.36644e-05	-5.13762e-08	-5.20245e-06	-1.69329e-05
0.159295	-3.43759e-05	-2.21209e-07	-6.81077e-06	7.53428e-06
0.159294	-3.24055e-05	-3.4477e-07	-2.58235e-06	2.26094e-05
0.159293	-2.98721e-05	-3.36689e-07	2.84196e-06	-3.39761e-06
0.159292	-2.98664e-05	-2.55525e-07	2.74202e-06	-3.633e-05
0.159291	-3.1719e-05	-2.38269e-07	-1.40901e-06	-3.66669e-05
0.15929	-3.36023e-05	-3.38958e-07	-5.64182e-06	-1.12604e-05
0.159289	-3.41316e-05	-5.06013e-07	-6.94438e-06	1.89829e-05
0.159288	-3.18971e-05	-6.25921e-07	-2.23658e-06	3.00032e-05
0.159288	-2.9582e-05	-6.16876e-07	2.61151e-06	1.31806e-06
0.159287	-2.74989e-05	-4.79556e-07	6.977e-06	-2.78046e-05
0.159286	-2.88887e-05	-3.21232e-07	3.7789e-06	-5.60994e-05
0.159285	-3.20179e-05	-3.15647e-07	-3.20018e-06	-3.85774e-05
0.159284	-3.40743e-05	-4.73438e-07	-7.85075e-06	4.41359e-06
0.159283	-3.17692e-05	-6.28901e-07	-2.99819e-06	3.582e-05
0.159282	-2.96918e-05	-6.46313e-07	1.3488e-06	1.17187e-05
0.159282	-2.77389e-05	-5.55389e-07	5.42619e-06	-1.38147e-05
0.159281	-2.83521e-05	-4.39093e-07	3.91915e-06	-3.94504e-05
0.15928	-3.04088e-05	-3.94916e-07	-7.41396e-07	-3.43842e-05
0.159279	-3.21781e-05	-4.71773e-07	-4.77174e-06	-3.53243e-06
0.159278	-3.23277e-05	-6.05119e-07	-5.28124e-06	2.26686e-05
0.159278	-2.94244e-05	-6.84217e-07	7.37754e-06	2.84484e-05
0.159277	-2.82909e-05	-6.5391e-07	3.13362e-06	-6.65077e-05
0.159276	-3.20414e-05	-6.87885e-07	-5.33267e-06	-2.33357e-05
0.159275	-3.33173e-05	-8.64106e-07	-8.38169e-06	3.21508e-05
0.159274	-3.10595e-05	-1.01194e-06	-3.73616e-06	5.47604e-05
0.159274	-2.81962e-05	-1.0298e-06	2.19544e-06	2.93073e-05
0.159273	-2.61599e-05	-9.03451e-07	6.30609e-06	-8.09389e-06
0.159272	-2.65992e-05	-7.61746e-07	5.07094e-06	-3.13846e-05
0.159272	-2.82453e-05	-6.81573e-07	1.21743e-06	-2.53001e-05
0.159271	-2.95608e-05	-6.9227e-07	-1.89905e-06	-2.38943e-06
0.15927	-2.97032e-05	-7.48523e-07	-2.44555e-06	1.74462e-05
0.159269	-2.7972e-05	-7.68942e-07	1.09294e-06	2.23815e-05
0.159269	-2.62461e-05	-6.94867e-07	4.63791e-06	1.96737e-06
0.159268	-2.45337e-05	-5.19562e-07	8.17718e-06	-2.00532e-05
0.159267	-2.55918e-05	-3.265e-07	5.70254e-06	-4.65568e-05
0.159266	-2.80407e-05	-2.44205e-07	2.29946e-07	-3.40058e-05
0.159266	-2.97267e-05	-2.90601e-07	-3.55654e-06	1.01276e-06
0.159265	-2.7978e-05	-3.36516e-07	1.75303e-07	2.50556e-05
0.159264	-2.59012e-05	-2.66137e-07	4.61742e-06	8.89304e-07
0.159264	-2.39476e-05	-6.82481e-08	8.83517e-06	-2.70796e-05
0.159263	-2.5259e-05	1.37618e-07	5.97173e-06	-5.58497e-05
0.159262	-2.81397e-05	2.14663e-07	-2.79041e-07	-4.16367e-05
0.159261	-3.02121e-05	1.41233e-07	-4.75662e-06	-4.80892e-06
0.159261	-3.02857e-05	1.74705e-08	-4.89142e-06	2.58668e-05
0.15926	-2.81319e-05	-4.38153e-08	-1.73362e-07	2.85811e-05
0.159259	-2.58669e-05	2.68657e-08	4.78765e-06	-1.61163e-06
0.159258	-2.56702e-05	1.67697e-07	5.25349e-06	-3.30858e-05
0.159258	-2.80076e-05	2.64316e-07	-2.18458e-06	-3.55969e-05
0.159257	-2.85554e-05	2.82414e-07	-9.09714e-07	1.51535e-05
0.159256	-2.64953e-05	3.18317e-07	3.70437e-06	-4.38791e-07
0.159255	-2.61134e-05	4.40521e-07	4.68394e-06	-3.20047e-05
0.159255	-2.74119e-05	5.26531e-07	2.0003e-06	-3.77162e-05
0.159254	-2.89373e-05	5.3541e-07	-1.17127e-06	-2.32652e-05
0.159253	-2.97435e-05	4.84605e-07	-2.77234e-06	-4.64706e-06
0.159253	-2.96123e-05	4.17348e-07	-2.33163e-06	5.39182e-06
0.159252	-2.74601e-05	4.16358e-07	2.53758e-06	9.01149e-07
0.159251	-2.53547e-05	5.47656e-07	7.31563e-06	-2.67392e-05
0.15925	-2.63116e-05	7.06154e-07	5.42091e-06	-5.83938e-05
0.15925	-2.92334e-05	7.72043e-07	-7.04821e-07	-5.27276e-05
0.159249	-3.14612e-05	6.93872e-07	-5.34993e-06	-1.46688e-05
0.159248	-3.18905e-05	5.30486e-07	-6.06708e-06	1.17783e-05
0.159247	-2.94e-05	4.31781e-07	-4.26205e-07	1.80812e-05
0.159246	-2.71999e-05	4.86737e-07	4.54651e-06	-1.28975e-05
0.159246	-2.74523e-05	5.95746e-07	4.16862e-06	-4.44758e-05
0.159245	-2.92901e-05	6.54886e-07	3.51056e-07	-4.4453e-05
0.159244	-3.11172e-05	6.14254e-07	-3.44786e-06	-2.28243e-05
0.159243	-3.19852e-05	4.94884e-07	-5.15518e-06	2.94266e-07
0.159243	-2.99201e-05	4.20148e-07	-4.78314e-07	1.19835e-05
0.159242	-2.76024e-05	4.79431e-07	4.75466e-06	-1.5719e-05
0.159241	-2.80593e-05	6.05544e-07	3.95727e-06	-5.16902e-05
0.15924	-3.0602e-05	6.4093e-07	-1.38095e-06	-4.94464e-05
0.159239	-3.26853e-05	5.49544e-07	-5.75406e-06	-1.55634e-05
0.159239	-3.31536e-05	3.85798e-07	-6.62147e-06	1.18937e-05
0.159238	-3.0797e-05	2.80574e-07	-1.34206e-06	1.92957e-05
0.159237	-2.66462e-05	3.13384e-07	9.21845e-06	-1.14735e-05
0.159236	-2.87674e-05	4.05002e-07	3.32537e-06	-8.06952e-05
0.159235	-3.30965e-05	3.62673e-07	-6.0183e-06	-4.52161e-05
0.159235	-3.34942e-05	3.36213e-07	-6.8724e-06	1.21814e-05
