0	0.5	5.5	0.4	0
-0.00260818	-0.119871	-0.309173	-0.424392	0.0198262
-0.00663997	-0.186562	-0.323616	-0.675478	5.2
-0.00983058	-0.053501	-0.338728	-0.497379	5.2
-0.00908141	0.104108	-0.348623	-0.274991	5.2
-0.00376987	0.268787	-0.353024	-0.049014	5.2
0.00654991	0.436986	-0.351016	0.17945	3.35312
0.0204437	0.514769	-0.345161	0.215396	2.44392
0.0342073	0.54148	-0.34031	0.157108	0.741206
0.0477174	0.494268	-0.338994	-0.0589051	5.2
0.0634538	0.641273	-0.338352	0.133978	4.59788
0.0818645	0.768803	-0.332666	0.294867	5.2
0.10396	0.925259	-0.32197	0.520677	5.2
0.129087	1.07971	-0.305998	0.750712	5.2
0.159404	1.24738	-0.283014	1.01163	5.2
0.192784	1.41816	-0.254152	1.29157	3.63851
0.235824	1.54604	-0.213954	1.47731	1.65522
0.279598	1.57717	-0.172631	1.47135	0.123877
0.324745	1.5337	-0.132187	1.31646	-0.0546462
0.365719	1.38506	-0.100294	0.94773	0.329336
0.400105	1.36856	-0.0775261	0.882035	2.19505
0.441062	1.46161	-0.049562	1.06121	2.32766
0.478894	1.56262	-0.0203743	1.27075	0.857218
0.520151	1.60463	0.0139986	1.36152	-0.860772
0.560571	1.4969	0.0466636	1.1358	-1.91754
0.597995	1.38939	0.0731755	0.920793	-1.07349
0.632883	1.3005	0.0947798	0.754833	-0.0495858
0.664446	1.22944	0.111999	0.633167	0.00296974
0.696737	1.25409	0.129716	0.728245	-0.00173406
0.728893	1.21116	0.148292	0.681866	-0.0495005
0.758527	1.16298	0.164584	0.627893	-0.056178
0.79155	1.11776	0.182228	0.595048	-0.541092
0.822328	1.08325	0.198755	0.589627	-0.802404
0.850139	1.05807	0.214253	0.605029	-1.22102
0.876337	1.03928	0.229758	0.636793	-1.75074
0.902828	1.00414	0.246244	0.64147	-2.39361
0.927157	0.946855	0.261668	0.600282	-2.92233
0.94982	0.870688	0.275622	0.523041	-3.16792
0.971322	0.786629	0.288044	0.43677	-3.1875
0.991374	0.702474	0.298706	0.358082	-3.15376
1.00923	0.623941	0.307465	0.295006	-3.16523
1.02446	0.55096	0.314411	0.242672	-3.25671
1.03872	0.470667	0.320355	0.185061	-3.37581
1.0499	0.392758	0.324362	0.126065	-3.50111
1.05902	0.31069	0.326757	0.0592272	-3.55798
1.06641	0.220636	0.327324	-0.0157849	-3.53461
1.0709	0.14174	0.326097	-0.0796189	-3.48192
1.07363	0.0559607	0.3229	-0.146343	-3.40891
1.07404	-0.0208833	0.318324	-0.203588	-3.34653
1.07259	-0.0927756	0.31256	-0.256034	-3.27943
1.06936	-0.162978	0.305507	-0.306949	-3.20346
1.06368	-0.239954	0.296107	-0.363438	-3.10092
1.05651	-0.30906	0.285985	-0.414126	-2.97109
1.04684	-0.379678	0.273681	-0.46463	-2.81335
1.03526	-0.445775	0.260038	-0.510147	-2.63974
1.02391	-0.497893	0.247394	-0.543507	-2.46406
1.01027	-0.549693	0.232863	-0.574202	-2.314
0.995337	-0.597764	0.217586	-0.601922	-2.15561
0.977912	-0.645845	0.200365	-0.629764	-1.9827
0.959882	-0.688539	0.183035	-0.654784	-1.78286
0.940055	-0.726996	0.16445	-0.674691	-1.5643
0.920749	-0.757131	0.146757	-0.687237	-1.34757
0.898393	-0.784207	0.126755	-0.694169	-1.15235
0.876143	-0.805158	0.107322	-0.6968	-0.952375
0.855011	-0.820091	0.0892402	-0.695779	-0.757372
0.833568	-0.829715	0.0712696	-0.689311	-0.576943
0.810259	-0.835804	0.0521484	-0.679824	-0.404749
0.786823	-0.838653	0.0332843	-0.670232	-0.22664
0.765038	-0.837456	0.0160314	-0.659076	0.0152486
0.74242	-0.772748	-0.00054615	-0.514296	0.214879
0.723893	-0.713268	-0.0116846	-0.385857	-0.463129
0.702822	-0.74122	-0.0238089	-0.453723	-1.07714
0.681069	-0.809682	-0.0388535	-0.615165	-0.464687
0.66038	-0.843422	-0.055401	-0.704488	0.81811
0.639059	-0.795927	-0.0726664	-0.622201	1.66468
0.619336	-0.725719	-0.0870723	-0.495558	1.50685
0.601906	-0.671885	-0.0982852	-0.407912	1.0594
0.585537	-0.641917	-0.107976	-0.375925	0.810006
0.569126	-0.622865	-0.117648	-0.372467	0.873664
0.55373	-0.609916	-0.127087	-0.384021	1.11741
0.538156	-0.588973	-0.137049	-0.382997	1.45281
0.523325	-0.553494	-0.146593	-0.353532	1.73848
0.510079	-0.50825	-0.154774	-0.303791	1.85868
0.496188	-0.452132	-0.162624	-0.241214	1.83104
0.484257	-0.402323	-0.168658	-0.192885	1.76202
0.474711	-0.363246	-0.173081	-0.163213	1.76235
0.464831	-0.31996	-0.177375	-0.134918	1.81315
0.457052	-0.280132	-0.180521	-0.108592	1.92482
0.4499	-0.232511	-0.183011	-0.070975	1.99128
0.444482	-0.185995	-0.184327	-0.0316883	2.01944
0.439882	-0.13309	-0.184558	0.0140498	1.98376
0.437035	-0.0877529	-0.183698	0.0505967	1.93838
0.43538	-0.0463691	-0.182034	0.0813309	1.89691
0.434735	-0.00676094	-0.179645	0.108852	1.86897
0.435068	0.031954	-0.176583	0.135314	1.84672
0.436364	0.0702758	-0.172859	0.162024	1.8173
0.438611	0.10807	-0.168465	0.188905	1.77218
0.441788	0.144772	-0.163412	0.214947	1.71098
0.44659	0.185621	-0.156772	0.243595	1.62845
0.451653	0.218336	-0.150413	0.264965	1.54634
0.457503	0.24869	-0.143561	0.283333	1.46923
0.464929	0.280759	-0.135362	0.302449	1.38545
0.472911	0.309615	-0.126972	0.319291	1.30444
0.481306	0.335424	-0.118486	0.334055	1.20937
0.490338	0.358778	-0.10965	0.346391	1.11116
0.499563	0.378759	-0.100883	0.355716	1.01275
0.509653	0.39703	-0.0915524	0.362999	0.920087
0.52019	0.413218	-0.0820518	0.368923	0.825288
0.530691	0.426689	-0.0727899	0.373097	0.726141
0.541499	0.43783	-0.0634506	0.375207	0.628577
0.553456	0.447769	-0.0533193	0.376337	0.532881
0.566104	0.455819	-0.0428052	0.376337	0.420929
0.579403	0.461462	-0.0319382	0.374485	0.305806
0.590959	0.463288	-0.022656	0.369517	0.189325
0.602982	0.461942	-0.0131886	0.360421	0.0972438
0.614943	0.458651	-0.00397289	0.350235	0.0170106
0.626346	0.454132	0.0046394	0.34038	-0.0737338
0.637378	0.426191	0.0124754	0.281867	-0.144648
0.648039	0.395948	0.0189503	0.220851	0.11794
0.658033	0.403772	0.024768	0.245088	0.350275
0.668813	0.425623	0.031881	0.302544	0.112022
0.679612	0.437688	0.0399388	0.340652	-0.428331
0.691786	0.406371	0.0489227	0.28878	-0.82073
0.701912	0.374137	0.055702	0.235835	-0.704006
0.7113	0.34986	0.0613535	0.202437	-0.551138
0.720186	0.335243	0.0664433	0.192027	-0.503572
0.72877	0.325783	0.0714551	0.194625	-0.586989
0.736761	0.314208	0.0762949	0.193304	-0.75101
0.74468	0.295506	0.0811283	0.178976	-0.891981
0.752565	0.268834	0.0857248	0.150972	-0.959137
0.758949	0.243036	0.0891285	0.122928	-0.961733
0.765564	0.214366	0.0922548	0.0943906	-0.928942
0.771206	0.189756	0.0946015	0.074562	-0.911499
0.775685	0.169518	0.0962883	0.0613148	-0.939527
0.77965	0.148563	0.0976323	0.0469945	-0.980704
0.783323	0.124381	0.0986431	0.0285525	-1.01159
0.786225	0.0998389	0.099111	0.00829871	-1.02156
0.788486	0.0750496	0.0990463	-0.0124243	-1.00906
0.790062	0.0519531	0.0984961	-0.0308299	-0.985507
0.791075	0.0300177	0.0975162	-0.0469408	-0.963792
0.791575	0.00649698	0.0959689	-0.0631491	-0.941168
0.791428	-0.0161518	0.0939859	-0.0780908	-0.925951
0.790731	-0.0367942	0.0917736	-0.0918249	-0.916011
0.789379	-0.0590914	0.0889785	-0.107671	-0.886737
0.787654	-0.0782132	0.0861173	-0.12102	-0.853105
0.785069	-0.0994271	0.0823945	-0.135626	-0.807115
0.782012	-0.118346	0.0784294	-0.147707	-0.756224
0.778451	-0.135589	0.0741582	-0.157618	-0.708953
0.774272	-0.152152	0.069458	-0.16674	-0.665142
0.769799	-0.167007	0.0646827	-0.174785	-0.617032
0.764747	-0.181155	0.0595132	-0.182286	-0.566109
0.760077	-0.191949	0.0548939	-0.187649	-0.513808
0.754341	-0.203445	0.0493913	-0.192727	-0.458011
0.749148	-0.211841	0.044541	-0.195798	-0.403964
0.743104	-0.219822	0.0390385	-0.198006	-0.349828
0.736855	-0.226515	0.0334861	-0.199407	-0.2943
0.730899	-0.23154	0.0283011	-0.199922	-0.239803
0.724833	-0.235148	0.023124	-0.199087	-0.184892
0.719166	-0.237211	0.0183781	-0.197088	-0.132883
0.712269	-0.238527	0.0127185	-0.194062	-0.0860254
0.705347	-0.239025	0.00714212	-0.191364	-0.0312155
0.698671	-0.238137	0.00184822	-0.187743	0.169068
0.692281	-0.218342	-0.0027977	-0.144497	0.0959104
0.686433	-0.200564	-0.00628229	-0.107159	-0.0979153
0.681355	-0.206466	-0.00913019	-0.122589	-0.266065
0.6751	-0.224986	-0.0133309	-0.167396	-0.128662
0.668625	-0.237105	-0.0184833	-0.199729	0.23872
0.662171	-0.223493	-0.0237764	-0.177571	0.535262
0.656037	-0.200244	-0.0283084	-0.136424	0.508694
0.651263	-0.18257	-0.0313331	-0.107373	0.364457
0.646149	-0.171304	-0.0342332	-0.0950417	0.267797
0.641261	-0.166818	-0.0370152	-0.0986427	0.277949
0.636965	-0.163854	-0.0396615	-0.105111	0.385903
0.632501	-0.155454	-0.0425486	-0.101671	0.503116
0.628212	-0.14091	-0.0452621	-0.0863641	0.573816
0.624889	-0.125599	-0.0471782	-0.0678429	0.57778
0.621944	-0.110673	-0.048648	-0.0507195	0.54341
0.619345	-0.0979308	-0.0497553	-0.0388029	0.512002
0.616777	-0.0859828	-0.0507255	-0.030931	0.503441
0.61468	-0.0757798	-0.0514584	-0.0258635	0.530226
0.612862	-0.064506	-0.052033	-0.0186722	0.563354
0.611205	-0.0502545	-0.0524013	-0.00715855	0.578854
0.610008	-0.0357885	-0.052419	0.00543284	0.575162
0.60919	-0.0210944	-0.0520744	0.0179002	0.557626
0.608817	-0.00928583	-0.0515098	0.0269151	0.540431
0.608736	0.00307675	-0.0506345	0.03538	0.524646
0.608948	0.013493	-0.0496666	0.0418756	0.5194
0.60952	0.0255589	-0.0483359	0.0498042	0.510596
0.610291	0.0358232	-0.0470023	0.0567726	0.500711
0.611506	0.0475857	-0.0452346	0.0651225	0.481017
0.612993	0.0583531	-0.043307	0.0725656	0.455111
0.614566	0.0671508	-0.0414244	0.0780432	0.431288
0.616426	0.075634	-0.0393312	0.0829515	0.409671
0.618414	0.0832156	-0.037207	0.0870962	0.387673
0.620676	0.090572	-0.0348939	0.090999	0.366084
0.623026	0.0971937	-0.0325771	0.0945148	0.342143
0.62595	0.104344	-0.0297831	0.098393	0.314442
0.62907	0.110752	-0.0268865	0.101718	0.28183
0.632246	0.116011	-0.0240121	0.103948	0.247663
0.635675	0.120432	-0.020987	0.105122	0.216108
0.638724	0.123467	-0.0183602	0.105352	0.187709
0.642346	0.126333	-0.0153121	0.105257	0.161757
0.645914	0.128564	-0.0123741	0.10508	0.1325
0.649144	0.129904	-0.0097604	0.104397	0.102647
0.65253	0.130607	-0.00706785	0.103072	0.0754862
0.656319	0.130765	-0.00411112	0.10129	0.0479568
0.659972	0.130283	-0.0013113	0.0992256	0.0176841
0.663213	0.129129	0.00113188	0.0966504	-0.0160889
0.666476	0.121046	0.00344702	0.0796922	-0.0364138
0.669728	0.11183	0.00539814	0.0610894	0.0376451
0.672661	0.113882	0.00706991	0.0676874	0.110147
0.675586	0.120059	0.00896609	0.0838279	0.10203
0.679178	0.127563	0.0116953	0.104158	-0.106386
0.68228	0.120922	0.0141613	0.0937925	-0.28455
0.685148	0.10903	0.0162278	0.0726562	-0.274356
0.688122	0.0966473	0.0180175	0.0519682	-0.195106
0.690538	0.0899602	0.0192408	0.0436075	-0.122325
0.692838	0.0875863	0.0203803	0.0451024	-0.111741
0.695361	0.0865433	0.0217678	0.0507637	-0.156175
0.69774	0.0835314	0.023209	0.0523511	-0.235365
0.699976	0.0765131	0.0245757	0.0456694	-0.292459
0.702046	0.0665077	0.0257151	0.0332272	-0.300542
0.703594	0.0577021	0.0264035	0.0224028	-0.274694
0.704941	0.0504257	0.026866	0.0151192	-0.247036
0.706304	0.0439081	0.0272408	0.011046	-0.235126
0.707339	0.0390696	0.0274937	0.00934659	-0.249381
0.708278	0.0334295	0.0276957	0.00632392	-0.269703
0.709031	0.0270685	0.0277902	0.00141023	-0.282741
0.709676	0.019263	0.0277285	-0.00557772	-0.280089
0.710116	0.0113447	0.0274628	-0.0125118	-0.267782
0.710323	0.00486748	0.0270705	-0.0174767	-0.255494
0.710366	-0.00174377	0.0265002	-0.0218501	-0.245211
0.710254	-0.00701334	0.0259154	-0.0248665	-0.242262
0.710011	-0.0122644	0.0252534	-0.0280448	-0.240326
0.709582	-0.0182319	0.0244117	-0.0320664	-0.233729
0.708987	-0.024085	0.0234559	-0.0361642	-0.223367
0.708291	-0.0292242	0.0224699	-0.0396496	-0.211561
0.707399	-0.0343804	0.021314	-0.042963	-0.196475
0.70633	-0.0392028	0.0200294	-0.0457197	-0.182109
0.705302	-0.0429584	0.0188636	-0.0476145	-0.170065
0.704183	-0.0464471	0.0176525	-0.0493109	-0.158934
0.70293	-0.0498429	0.0163495	-0.050991	-0.147105
0.701645	-0.0528473	0.0150578	-0.0524568	-0.133354
0.70029	-0.0555211	0.0137334	-0.0536235	-0.119151
0.698639	-0.0582579	0.0121655	-0.0547228	-0.103742
0.697158	-0.0602573	0.0107914	-0.0553603	-0.0878217
0.695568	-0.061948	0.00934991	-0.0556479	-0.0731312
0.694004	-0.0632056	0.00796195	-0.055578	-0.0584576
0.692155	-0.0643356	0.0063567	-0.0553414	-0.0441881
0.690343	-0.0651059	0.00481577	-0.0549833	-0.0280406
0.688516	-0.0654682	0.00328964	-0.05429	-0.0116768
0.686619	-0.065412	0.00173516	-0.0532081	0.0061778
0.684853	-0.0602544	0.000396104	-0.0415063	0.0268769
0.683356	-0.0552926	-0.000531752	-0.0306455	-0.0294264
0.681958	-0.0565135	-0.0013338	-0.0336204	-0.0810904
0.680496	-0.060509	-0.00228984	-0.0429636	-0.0496842
0.678689	-0.0639308	-0.00366521	-0.0515793	0.025539
0.676951	-0.0601049	-0.00501662	-0.0447372	0.103082
0.675449	-0.0557076	-0.00607275	-0.0369972	0.0880753
0.673942	-0.0521907	-0.0070268	-0.0316694	0.0642862
0.672666	-0.0501342	-0.00778592	-0.0295668	0.0558001
0.671433	-0.0486204	-0.00851426	-0.0288964	0.0626937
0.670234	-0.0474377	-0.00923856	-0.0291885	0.0781569
0.669068	-0.0458876	-0.00996324	-0.0289108	0.0999736
0.667779	-0.0431341	-0.0107692	-0.0267841	0.118638
0.666622	-0.0396518	-0.0114657	-0.0231993	0.130577
0.66564	-0.0360361	-0.0120152	-0.0192438	0.133176
0.664655	-0.0320442	-0.01251	-0.0151206	0.129611
0.663895	-0.0289388	-0.0128522	-0.0124384	0.12772
0.663131	-0.0257206	-0.0131658	-0.0101243	0.128691
0.662525	-0.0229116	-0.0133945	-0.00828771	0.135004
0.661913	-0.0194056	-0.0135958	-0.00569681	0.139711
0.661422	-0.0158258	-0.0137134	-0.0028269	0.142726
0.661069	-0.0125339	-0.0137484	-7.97147e-05	0.143328
0.660789	-0.00910247	-0.0137117	0.00279438	0.140913
0.660586	-0.00555167	-0.0135928	0.00560008	0.136156
0.660483	-0.00249126	-0.0134184	0.00773587	0.133413
0.66046	0.000798187	-0.0131617	0.00992666	0.130573
0.660527	0.00387573	-0.0128552	0.0119285	0.128401
0.660659	0.00658228	-0.0125341	0.0137275	0.126665
0.660897	0.0097242	-0.0121034	0.0159605	0.122224
0.661223	0.0127332	-0.0116098	0.0180764	0.115935
0.661573	0.0151307	-0.0111384	0.0196267	0.109695
0.66205	0.0177139	-0.0105467	0.0211915	0.103106
0.662539	0.0198434	-0.00998102	0.0223811	0.0973573
0.663081	0.0218181	-0.00938602	0.0234282	0.0915549
0.663649	0.0235856	-0.00878943	0.0243409	0.0855408
0.66426	0.0252159	-0.0081714	0.0251504	0.0793484
0.66499	0.0268977	-0.00745666	0.0259838	0.0721869
0.665793	0.0284752	-0.00669274	0.0267654	0.0642972
0.666609	0.0297783	-0.00593695	0.0273149	0.0554085
0.667365	0.0306985	-0.00525268	0.0275065	0.0474493
0.668268	0.03156	-0.00445562	0.0275572	0.0402771
0.669161	0.0322254	-0.00368617	0.0275267	0.0326936
0.670005	0.0326868	-0.00297302	0.0274064	0.0253711
0.670924	0.0329949	-0.00221132	0.0271319	0.0177094
0.671849	0.0331214	-0.00145905	0.0267353	0.0100041
0.672676	0.0330566	-0.000798472	0.0262213	0.000166867
0.673497	0.0325953	-0.000158875	0.0250501	-0.00631224
0.674379	0.0302429	0.000477255	0.0199478	-0.00763197
0.675162	0.0278913	0.000944686	0.0150395	0.0137939
0.675955	0.0287618	0.00139788	0.0173716	0.0360251
0.676699	0.0307568	0.0018932	0.0222779	0.0182869
0.677615	0.0323514	0.00260473	0.0266176	-0.0274075
0.678402	0.0306219	0.00323332	0.0237724	-0.0676213
0.679161	0.0278513	0.00378559	0.018883	-0.0634097
0.679826	0.0255264	0.00420709	0.015084	-0.0465789
0.680469	0.0240581	0.0045722	0.0133487	-0.0347648
0.681061	0.0233976	0.00490452	0.0134408	-0.0348111
0.681708	0.0228789	0.00529025	0.0141594	-0.0448313
0.682269	0.0220355	0.00564238	0.0140358	-0.0611234
0.682819	0.0203839	0.00598587	0.012433	-0.0711902
0.683321	0.018328	0.00627588	0.00999946	-0.0732039
0.683753	0.0163368	0.00649564	0.00771143	-0.0696024
0.684153	0.0145287	0.00667188	0.00597533	-0.065768
0.684536	0.0128868	0.00682202	0.00483477	-0.06448
0.684852	0.0114886	0.00693734	0.0040977	-0.0679034
0.68512	0.0100201	0.00702734	0.0031507	-0.0722942
0.685358	0.00830694	0.00709099	0.00178441	-0.0748771
0.685549	0.00648053	0.00711588	0.000185067	-0.0749071
0.685702	0.00452396	0.00709638	-0.00151316	-0.0725094
0.685794	0.00289816	0.00704197	-0.00277592	-0.0703208
0.685847	0.00137942	0.00695884	-0.00382618	-0.0688087
0.685862	-0.000133436	0.0068462	-0.00480525	-0.068022
0.685835	-0.00174233	0.0066966	-0.00586255	-0.0668767
0.685764	-0.00332628	0.00651738	-0.00692493	-0.065557
0.685643	-0.00494491	0.00630004	-0.00805184	-0.0635551
0.685496	-0.00634375	0.00607797	-0.0090218	-0.0610381
0.685297	-0.00777514	0.00581184	-0.00999055	-0.0575223
0.685052	-0.00913543	0.00551011	-0.010833	-0.0539684
0.684809	-0.0102042	0.00523199	-0.0114259	-0.0509096
0.684542	-0.0111936	0.00494016	-0.0119373	-0.0481255
0.68425	-0.0121226	0.00463604	-0.0124134	-0.0453278
0.683883	-0.0131485	0.00426826	-0.0129788	-0.0419127
0.683502	-0.0140551	0.00389845	-0.0134752	-0.0376792
0.683082	-0.0148788	0.00350222	-0.013881	-0.0332507
0.682656	-0.0155392	0.0031109	-0.0141208	-0.028666
0.682214	-0.0160654	0.00271527	-0.0142062	-0.0245726
0.681758	-0.0164958	0.00231769	-0.0142332	-0.0209065
0.681274	-0.0168619	0.00190566	-0.0142357	-0.017106
0.680798	-0.017126	0.00150861	-0.0141899	-0.0128754
0.6803	-0.0172894	0.00110013	-0.0140528	-0.00865301
0.679868	-0.017277	0.000753596	-0.0137217	-0.00451656
0.679437	-0.0171535	0.000417143	-0.0132583	-0.00180122
0.678977	-0.016983	6.63872e-05	-0.0127972	0.000309464
0.678565	-0.0158897	-0.000226357	-0.0104244	0.00296748
0.678168	-0.0146896	-0.000462284	-0.00790841	-0.00674775
0.677751	-0.0151054	-0.000699088	-0.00903008	-0.0182867
0.677361	-0.0161088	-0.000955492	-0.0114976	-0.00724155
0.676934	-0.0167254	-0.00127837	-0.0132254	0.0135338
0.676527	-0.0158328	-0.00158992	-0.0117334	0.0302103
0.676147	-0.0146438	-0.00185611	-0.00968574	0.0276573
0.67578	-0.0136245	-0.00208588	-0.00811685	0.0214445
0.675448	-0.0130048	-0.00227887	-0.00746748	0.0179109
0.675115	-0.0126287	-0.0024715	-0.00744577	0.0192811
0.674804	-0.0122937	-0.00265856	-0.00754511	0.0245694
0.674504	-0.0117596	-0.00284356	-0.00726849	0.0306037
0.674209	-0.0109477	-0.00302194	-0.00648026	0.0345882
0.673938	-0.00997206	-0.00317545	-0.00538944	0.0357344
0.673674	-0.00891257	-0.00330944	-0.00424812	0.0346518
0.673438	-0.0079657	-0.00341568	-0.00339765	0.0335485
0.673249	-0.00721248	-0.0034935	-0.00287037	0.0341074
0.673072	-0.00643435	-0.00356108	-0.00235819	0.0355669
0.672905	-0.0055419	-0.00361757	-0.00171001	0.0369045
0.672772	-0.0046817	-0.00365287	-0.00104567	0.0381089
0.672652	-0.00363592	-0.00366934	-0.000144447	0.0381138
0.67257	-0.00272071	-0.00366273	0.000620812	0.0374401
0.672511	-0.00184448	-0.00363734	0.00130592	0.036497
0.672476	-0.00104793	-0.00359732	0.00187444	0.0357078
0.672459	-0.000285027	-0.00354388	0.00238431	0.0351968
0.672464	0.00058468	-0.00346611	0.00296685	0.0345031
0.67249	0.00134491	-0.00338226	0.00347372	0.0340028
0.672535	0.00210001	-0.00328501	0.0039999	0.0330986
0.672605	0.00289099	-0.00316517	0.00455731	0.0315257
0.672696	0.00362808	-0.00303078	0.00504283	0.0298048
0.672795	0.00423626	-0.00290003	0.00540999	0.0283791
0.672913	0.00482975	-0.00275492	0.00575295	0.0269747
0.673046	0.0053876	-0.00260135	0.00606825	0.0254588
0.673187	0.00588898	-0.0024463	0.00634487	0.023822
0.673347	0.00637342	-0.00227802	0.00660611	0.0221384
0.673512	0.00679716	-0.00211037	0.00681974	0.0202704
0.673715	0.00724218	-0.00190972	0.00703501	0.0182589
0.673924	0.0076173	-0.00171083	0.00719609	0.0160386
0.674141	0.0079351	-0.00150806	0.0073047	0.0138749
0.674351	0.00817513	-0.00131773	0.00735137	0.01189
0.674557	0.00835515	-0.00113433	0.00734571	0.00999028
0.674776	0.00846994	-0.000945015	0.00724418	0.00827436
0.674997	0.00854977	-0.000758568	0.0071296	0.0068782
0.675238	0.00862003	-0.000560671	0.00704186	0.00531392
0.67548	0.00866733	-0.000364908	0.00697558	0.00272651
0.675705	0.0086398	-0.000185786	0.00682085	0.000228974
0.675919	0.00853348	-1.89528e-05	0.00655481	-0.000838367
0.67615	0.00790678	0.000146851	0.00520192	-0.00172806
0.676347	0.00731975	0.000265089	0.00398392	0.00421724
0.676533	0.00755733	0.000372434	0.00460784	0.00953987
0.676729	0.00809826	0.000504478	0.00593566	0.00307143
0.676969	0.00841112	0.000690279	0.00684576	-0.00735782
0.677197	0.00791965	0.000870329	0.00605177	-0.016549
0.677387	0.00727449	0.00100694	0.00494198	-0.015484
0.677568	0.00670342	0.00112298	0.00404981	-0.0119444
0.67775	0.00632711	0.00122989	0.00365306	-0.00950575
0.677906	0.00615022	0.00132103	0.00367985	-0.010226
0.678063	0.00597609	0.00141764	0.00376104	-0.0130779
0.678226	0.00565978	0.00152043	0.00360255	-0.0164211
0.678383	0.00517995	0.001618	0.00314262	-0.0187304
0.678506	0.00467237	0.001689	0.00256761	-0.0194001
0.678616	0.00415304	0.00174554	0.0019877	-0.0187263
0.678728	0.00361314	0.00179521	0.00147236	-0.017749
0.678813	0.00321612	0.00182825	0.0011915	-0.0175882
0.678891	0.00282649	0.00185602	0.00096077	-0.0182065
0.678957	0.00243187	0.00187665	0.000703036	-0.0191382
0.679018	0.00194689	0.00189085	0.000326541	-0.0196345
0.679067	0.00142383	0.00189385	-0.000105531	-0.0196709
0.679099	0.000919508	0.00188485	-0.000522218	-0.0192796
0.679116	0.000489144	0.00186748	-0.000854875	-0.0188314
0.679123	7.82487e-05	0.00184224	-0.00115174	-0.0183966
0.67912	-0.000315351	0.00180998	-0.00141999	-0.0180268
0.679104	-0.000758827	0.00176441	-0.00171702	-0.0175679
0.679077	-0.00117213	0.00171262	-0.0019891	-0.017085
0.679037	-0.00158873	0.00165087	-0.00226674	-0.0165277
0.678993	-0.00193365	0.00159133	-0.00249481	-0.0158908
0.678938	-0.00227677	0.00152351	-0.00271935	-0.0151517
0.678877	-0.00258589	0.00145313	-0.00291209	-0.0142995
0.678806	-0.00288449	0.00137514	-0.00308747	-0.0134674
0.678727	-0.00315975	0.00129296	-0.00323874	-0.0125987
0.678645	-0.00340284	0.0012105	-0.00336368	-0.0117252
0.678557	-0.00362656	0.00112508	-0.00347347	-0.0108718
0.678452	-0.00385705	0.00102635	-0.00358591	-0.009904
0.678337	-0.00405825	0.000921417	-0.00365857	-0.00882461
0.678221	-0.00422077	0.000818638	-0.003697	-0.00780972
0.678101	-0.00435843	0.000715033	-0.00371853	-0.00688248
0.677987	-0.00446914	0.000618259	-0.00373492	-0.00597667
0.677874	-0.00455527	0.000525017	-0.00373706	-0.00499707
0.677754	-0.00462192	0.000428247	-0.00372119	-0.00404113
0.677629	-0.00466985	0.000328379	-0.00369262	-0.00303578
0.677507	-0.00469508	0.000233039	-0.00365228	-0.0020249
0.677385	-0.00469417	0.000139141	-0.00358668	-0.00101771
0.677254	-0.00466831	4.02404e-05	-0.00349665	-8.33659e-05
0.677138	-0.00462781	-4.59255e-05	-0.00340823	0.000858287
0.677021	-0.00434365	-0.000127689	-0.00281416	0.00170398
0.6769	-0.00400414	-0.000198641	-0.00213113	-0.000577829
0.676787	-0.00406983	-0.000261383	-0.00235854	-0.00348799
0.676665	-0.0043331	-0.000339838	-0.00304858	-0.000906687
0.676556	-0.00445717	-0.000421194	-0.00344396	0.00520981
0.676443	-0.00421485	-0.000505347	-0.00306941	0.00920805
0.676342	-0.00386376	-0.0005743	-0.00247463	0.00879875
0.676246	-0.00354378	-0.000631757	-0.00197685	0.00693634
0.67616	-0.00334507	-0.000678004	-0.00175408	0.00557805
0.676068	-0.00322118	-0.00072659	-0.00173819	0.00556358
0.67598	-0.00312193	-0.000775937	-0.00179418	0.00698675
0.675904	-0.00297621	-0.000819944	-0.00173418	0.00895068
0.675824	-0.00271755	-0.000864649	-0.00147395	0.0100036
0.67575	-0.00240655	-0.000902149	-0.00112555	0.0100916
0.675687	-0.00211249	-0.000929071	-0.000814544	0.00962752
0.67563	-0.00184737	-0.000949199	-0.000587859	0.00921756
0.675586	-0.00164754	-0.000962192	-0.000460771	0.00933499
0.675547	-0.00144788	-0.000972087	-0.000337826	0.00970794
0.675509	-0.00119999	-0.000979237	-0.00016277	0.00998721
0.675478	-0.0009399	-0.000980946	3.73092e-05	0.0101574
0.675458	-0.000708962	-0.000977579	0.000224809	0.0101803
0.675443	-0.000477098	-0.00096948	0.000416177	0.00996678
0.675434	-0.000246186	-0.000956224	0.000596352	0.00965064
0.67543	-3.85135e-05	-0.000939423	0.000742994	0.00934398
0.675432	0.000180588	-0.000916597	0.000884828	0.00904134
0.67544	0.000373808	-0.000892026	0.00100212	0.00892284
0.675454	0.00058872	-0.000860934	0.00114207	0.00866329
0.675472	0.000775488	-0.00082963	0.00126516	0.00839955
0.675496	0.000970919	-0.00079236	0.00139767	0.00794589
0.675522	0.00113172	-0.000756167	0.00149791	0.00752318
0.675554	0.00128668	-0.00071607	0.00158816	0.00710164
0.675588	0.00142484	-0.000675439	0.00166431	0.00666791
0.675625	0.00155135	-0.000633065	0.00174446	0.00624139
0.67567	0.00168399	-0.000583789	0.00179705	0.00560964
0.675719	0.00179557	-0.000532983	0.00183775	0.00521486
0.675765	0.00188851	-0.00048663	0.00187526	0.00482334
0.675816	0.00197926	-0.000437375	0.00191748	0.00431882
0.675866	0.00205401	-0.00038914	0.00194651	0.0034733
0.675924	0.00210611	-0.000335006	0.00192839	-0.000535106
0.67598	0.00183545	-0.000290755	0.00122077	1.07932e-05
0.676031	0.00171075	-0.000261309	0.000843036	0.00659041
0.676085	0.00199301	-0.000229172	0.00136891	0.00872257
0.676146	0.00239879	-0.000179214	0.00218362	0.00530852
0.676209	0.00260833	-0.000119183	0.00259407	-0.000318435
0.676271	0.00238205	-6.08662e-05	0.00206831	-0.00359352
0.676328	0.00216038	-1.57478e-05	0.00156957	-0.00120594
0.676387	0.00195642	2.26993e-05	0.00112354	0.0011519
0.676439	0.00200871	5.35217e-05	0.00125088	0.00319741
0.676498	0.00219291	9.4633e-05	0.00168139	0.00193016
0.676564	0.00232933	0.000148578	0.00202597	-0.0014193
0.676629	0.00218851	0.000204093	0.00178357	-0.00452451
0.676687	0.00198027	0.000248492	0.0014093	-0.00413653
0.676742	0.00180307	0.000284878	0.00112133	-0.00282553
0.676786	0.00172232	0.000311618	0.00104121	-0.00198964
0.67683	0.00167664	0.00033864	0.00105096	-0.00223154
0.676872	0.0016487	0.000365542	0.00110415	-0.00305449
0.676917	0.00158451	0.000396354	0.0011021	-0.00413932
0.676955	0.00148353	0.00042278	0.00101388	-0.00505165
0.67699	0.00134424	0.000446012	0.000849766	-0.0053482
0.677025	0.0011845	0.000466304	0.000659524	-0.0051625
0.677056	0.00103612	0.000482504	0.00050739	-0.00481025
0.677084	0.000909817	0.000495753	0.00041512	-0.0046777
0.677105	0.000813295	0.000505469	0.000366409	-0.00491598
0.677126	0.000696376	0.000514685	0.000296002	-0.005247
0.677143	0.000574619	0.000521153	0.000204373	-0.0055544
0.677157	0.00042829	0.000524982	7.42675e-05	-0.0056141
0.677166	0.000280647	0.000525137	-5.79652e-05	-0.00546822
0.677172	0.000137141	0.000521688	-0.000174887	-0.00525292
0.677174	2.4673e-05	0.000516305	-0.000252476	-0.00511631
0.677174	-8.59753e-05	0.000508808	-0.000321479	-0.00507242
0.67717	-0.000191132	0.000499921	-0.000387777	-0.00505954
0.677164	-0.000301819	0.000488842	-0.000462996	-0.00501252
0.677155	-0.000408346	0.000476293	-0.000539371	-0.00488653
0.677142	-0.000524109	0.000460018	-0.00062236	-0.00467694
0.677125	-0.000632522	0.000441564	-0.000695553	-0.00443154
0.677105	-0.000736421	0.000420448	-0.000760432	-0.004191
0.677085	-0.000821856	0.000400058	-0.00080871	-0.00397242
0.677064	-0.000898194	0.000379347	-0.000849077	-0.00377247
0.677057	-0.000917879	0.000373367	-0.000857896	-0.00356213
