0.0	0.0	0.0
0.0015102082794978076	-0.0001909152081149357	1.5897869750972822
0.0015102834344482875	-0.0001921515929765071	1.58989673629739
0.0015103587059036325	-0.0001933884054189077	1.5900064650798567
0.001504311897522117	-0.00010256725664842346	1.5906279288153693
0.0014439272719190873	0.0035727425288961732	1.5655941882131654
0.0015436511575691646	0.007981135503391985	1.5304040744320604
0.001857108373762464	0.014142764931161133	1.5111428998243446
0.002464311394756373	0.021565164971179832	1.4914181649805747
0.003993239222554819	0.03529834331907206	1.417433035819333
0.007028277024822794	0.05002599805598222	1.3149493448910126
0.01210750888500288	0.06577034743271325	1.196250028404659
0.021181005812353295	0.0843649307828476	1.0307752385455087
0.030109156538702872	0.09740101067697564	0.8982218840309066
0.05260338084615992	0.11946742465932422	0.6324090388029199
0.06603675068135006	0.12803260549160037	0.4983817675030869
0.09543825034889106	0.13937444499995827	0.23282227851999043
0.11114345730923812	0.14203863152025248	0.0988273930608999
0.14253256820824847	0.14122653497232482	-0.1379863479819594
0.15755159970737884	0.13868641167113402	-0.19543126093505336
0.179300783290892	0.13409018446869292	-0.21543972559131555
0.20029572276899232	0.12968718515251318	-0.1895412357599166
0.23146603989964026	0.12563866037300386	-0.04965971023277708
0.2558495851943301	0.12537027838105702	0.09910247268547244
0.2708458000189371	0.12748928360630896	0.20724696159241005
0.2958729072673536	0.1343707444998681	0.29616683260350407
0.308379175908553	0.1379976171743523	0.25747850875051287
0.33616168575748095	0.14253119687174087	0.046702724327955955
0.3509037417289569	0.14260180025865887	-0.07058816628954225
0.3752283872102885	0.13913381393787722	-0.19508430726134446
0.38446772322971057	0.13729736507838192	-0.18777729079778493
0.3978893132124388	0.13535397571146787	-0.08791465097514427
0.41423626736118346	0.13505904178292122	0.057862907737832724
0.4314580535681785	0.13739872691898844	0.21816096503207646
0.4503348993982548	0.14348764533500635	0.40613174494939425
0.4735101292038417	0.15555983131659507	0.5576078942435502
0.48975385350942213	0.16604118264732684	0.6327852756405129
0.5065722564641043	0.17847703061766296	0.621891511938227
0.5248649233028007	0.19029899214818846	0.5082091275678856
0.5374405900584301	0.19646333088149953	0.3971694028279552
0.5674096277540503	0.2047405293587708	0.136346936392353
0.5833923697833621	0.20591871033646578	0.007301496443251737
0.6083868475698369	0.2043952572005732	-0.11314634733496251
0.6325288661964551	0.20143420166811085	-0.10858610637917766
0.6537881414876145	0.20016618076121814	0.013287953705560318
0.6732179480655064	0.20221837963901465	0.2038093597654571
0.6925938803873088	0.20823280070931902	0.39588161988446996
0.7122953359155836	0.2179667375978799	0.510909708426155
0.7380215575461999	0.2333916252326046	0.541542078361117
0.7497233469552426	0.24014971116655598	0.49584286527803967
0.7680891742611972	0.24847422760476004	0.34364978628289833
0.7909505708911819	0.25426305973862023	0.15256137897165106
0.823571598678684	0.25650211753417745	0.005740501952988754
0.8389511608896958	0.25650904110466444	0.005109014473270849
0.8586427375704841	0.25728313105986567	0.09536502937400007
0.876364581719362	0.26042172997915186	0.2632220596424552
0.8953394676151172	0.2675671721664552	0.4552023591186149
0.9144767573511379	0.2785581440972488	0.5762425261865265
0.9381375003736996	0.29495733102370975	0.6101028692845996
0.9537033136558183	0.3050630690720282	0.5177805294497245
0.9730770948667609	0.3140875039930655	0.3487688021790974
0.9963624305806416	0.3202366732248609	0.17480813898665087
1.0128819959372544	0.3225443962517234	0.11004446220553288
1.042724557552104	0.3258056593068905	0.14281721869350844
1.0548112623816541	0.3279864999231981	0.2281856107146355
1.0730915539629264	0.33399406070118753	0.41136490030768014
1.0910082682774345	0.3438731158413771	0.5961708232682658
1.1139995567501697	0.3623352178440324	0.7256991518684043
1.1293659800626636	0.3757896061230373	0.6948108987276714
1.1443129399178713	0.38685466978027827	0.5655411178463672
1.1636780659875259	0.3970506016222191	0.4131642372152759
1.1781001689448638	0.4027718785057957	0.343414548176136
1.2080134414538577	0.4123908284455175	0.30288709808247
1.221214976947925	0.4166997986640647	0.3379024209590262
1.2455473162020454	0.4275188814642202	0.5023661678872932
1.2575975791579346	0.4347820762408875	0.5800475160575009
1.2828830152568778	0.45242022595714465	0.6150731970929285
1.2958721489017626	0.4614197755784574	0.5924351812861819
1.3211723423436552	0.47711449264633443	0.5240543679158639
1.3341225574804734	0.48440730784123304	0.5073866605455208
1.3530158761192237	0.4951349016740213	0.528994945124519
1.3711293248553922	0.5061676062192537	0.566842362860474
1.3933094762168257	0.5209122763021707	0.6021154425284873
1.4038993459026718	0.5282621772341627	0.6097712611206342
1.4237312537215505	0.5421983826400828	0.6169266089216467
1.437506377360798	0.5520603677235357	0.6273403501441328
1.4461888797341642	0.5584111558999328	0.6371129418941489
1.4621163801871055	0.5704485900648745	0.6590407128018647
1.4696370727107402	0.5763404456209275	0.6698782328762224
1.4800759142456863	0.5847403018635783	0.6865437778061949
1.489761893763524	0.5928286029607945	0.7060326143659359
1.4987035714242691	0.600601275984726	0.7261985773573993
1.5069749201361176	0.60808816134135	0.7463251261659352
1.5146223010941982	0.615295101060354	0.7666115319144995
1.521627596026011	0.6221680641372999	0.7863620571472104
1.5301025184975505	0.6308830096513642	0.8143270440674303
1.5358663958580534	0.6371108838980564	0.8349687447808603
1.5411530196099452	0.6430614731393018	0.8558496343791165
1.5459863008516883	0.6487433885724267	0.8782971388475772
1.5489901305527105	0.6524152947754318	0.8941453884068421
1.5544105143101927	0.6593835187306216	0.9290173216252928
1.5568881837567892	0.6627559182792792	0.9475773438020081
1.5613624042192988	0.6692117120852914	0.985708070030257
1.5633828222174986	0.6723228392187393	1.0062690657217368
1.567111898393402	0.6784513652335905	1.0462509288244541
1.5687707424958661	0.6813758168962623	1.0656868066201977
1.5710867645749602	0.685692350823125	1.0955655417229262
1.5732121151797758	0.6899861929749876	1.131073244960331
1.5757230952464318	0.695652440763186	1.1806036303303054
1.5768918901813094	0.6985826143518211	1.2052847654873493
1.5790041992326496	0.7044942988841372	1.2556477121292056
1.5799557814399385	0.7075294749486642	1.282001290999028
1.5816293590951298	0.7137061168816224	1.3362159281473676
1.5826907477504533	0.718561254898348	1.3783312631320939
1.5833106038237046	0.7219612134234281	1.4067697880650516
1.5842613997480948	0.728871277751555	1.467130684171546
1.5845876622476045	0.7324954624182171	1.498334150303286
1.5848765033229428	0.7380865245801841	1.5441277895900056
1.5849099580798973	0.7435352039400498	1.588973139948638
1.584488930332096	0.7517690736160207	1.659090787375988
1.5837134037976426	0.7585561494437447	1.7122835110523735
1.5824878944055192	0.7658464174037329	1.7655370472275675
1.5807683143229356	0.7735197017627601	1.8200285618423317
1.5784949555991319	0.7815578927111113	1.8757054274070293
1.5756067742995798	0.7899387866614547	1.932365235876062
1.573319413823161	0.7956796042531894	1.9700800830278775
1.567926064443267	0.8072630054486296	2.046843249735345
1.5646600291937987	0.8133057022148118	2.0876436039092257
1.5590238434095967	0.8225888425487018	2.148237343794857
1.5525648683868822	0.8318722558127919	2.2113726156525977
1.5425081544917265	0.844259196690808	2.296170673213707
1.5339881528212267	0.8532862623310725	2.3624500349297084
1.5278758272521509	0.8590771199300078	2.405272213675977
1.5136061332704662	0.871015296934413	2.484824218275294
1.5057054132502894	0.8768695369978657	2.523992810190049
1.4887547198192344	0.8879931276828551	2.5997707230211833
1.4796586922949588	0.8932422424504649	2.6375662166113387
1.465511935352704	0.9005696422054407	2.6905739391376713
1.4506198987056045	0.9072990325128377	2.7454463423989726
1.4404188390596682	0.9113593529483272	2.7818053405515175
1.4188222589706165	0.9186169337434432	2.8551118695343707
1.3964602405959654	0.9243335732627109	2.9265145236291477
1.3791045245230178	0.9277036944547078	2.9736095617239
1.3672385372297367	0.9295350340789327	3.0043179474714248
1.3433029236683216	0.9321225559808266	3.0647932973922383
1.3311150168227315	0.9328835502764915	3.0943371149596595
1.3068215193773425	0.9333647261743884	-3.133426661804502
1.29454770998337	0.9331024890159554	-3.106290889959222
1.2701336916128254	0.9316041110510362	-3.0534168790880507
1.257857382886447	0.9303637500597708	-3.0278098807090417
1.2335873111422495	0.9270013949412247	-2.9791725421616575
1.2214029922643832	0.9248586006215236	-2.9550997926469744
1.1975251442068224	0.9198146475286165	-2.911013198680474
1.1856246449274985	0.9168904176695808	-2.8897441126640513
1.1624356102562656	0.9104156693653241	-2.847941664357837
1.150848382938749	0.90679132818198	-2.8285051445744984
1.133814078995601	0.9010250146472851	-2.801543077136278
1.1169119334258166	0.8947984520900845	-2.7752839307481856
1.0948457013385244	0.8859205168329486	-2.742619785017036
1.0786896886576134	0.8788971665059735	-2.7201234515897976
1.0680735353417419	0.8740492747890238	-2.7057950135246456
1.047341584393345	0.8640420557751023	-2.6785501685337416
1.037032946954887	0.8588150379793948	-2.665787207756016
1.0169276796865647	0.8481589767388402	-2.642420572030896
1.0069678329005765	0.8426590767495749	-2.6314173116641344
0.9875279143005924	0.8315243502220281	-2.6112446614735547
0.977892090573351	0.8258139271627578	-2.6017033742642943
0.959236319146302	0.8144130384749533	-2.583656687566869
0.949933053868515	0.8085559590829451	-2.57558432516277
0.9362514116297795	0.7997585834343504	-2.5645492845267857
0.9226591303320301	0.79081284654493	-2.554348990864193
0.904872639590859	0.7788192509996098	-2.542280112259094
0.8918125094872407	0.769821702569996	-2.5343309889572985
0.8832194256422077	0.7638228276992816	-2.5299101496711986
0.8663353990971779	0.7518537469190213	-2.5202703935347106
0.8578888710087741	0.7457824510527381	-2.5164003041004306
0.8413008946080441	0.7337252490840638	-2.5097772030055965
0.8330264229829948	0.7276510267506916	-2.506883548233432
0.8208002935543732	0.7186132129904417	-2.503161277569717
0.8085877701341113	0.7095208978959062	-2.500078346457953
0.7965257453601475	0.700494751547678	-2.498180566082623
0.7846079316106974	0.6915257523548481	-2.4951030291106604
0.7688186943592294	0.6795811609131741	-2.492875327835918
0.7571372736210358	0.6707134345849348	-2.491718726376405
0.7493847264633794	0.664817974319696	-2.4911674687385297
0.7339890733050939	0.6530952891751541	-2.4905231577176354
0.7262799906131003	0.6472204761847806	-2.490469803192078
0.7111574956824163	0.635717623704947	-2.491713223828435
0.7035768221416344	0.6299516944538689	-2.491292225349483
0.6885341732144078	0.6185122955907467	-2.491601032512811
0.6809905203002885	0.6127789651489144	-2.491839939710559
0.6697955663995877	0.6042765340575584	-2.492278769804525
0.6585570495785347	0.5957494283058263	-2.4927767981312705
0.6436893076323861	0.5844829488669767	-2.4935467201735
0.6326905388053965	0.5761647321239968	-2.4944736322110868
0.6254223594411366	0.5706697825984788	-2.4939951545528025
0.6108798006802892	0.559671217052361	-2.4941853777448144
0.6035796448950471	0.5541518856351428	-2.4942415790524683
0.5891464845854553	0.5432397956418638	-2.494172442362126
0.5819037244959886	0.5377627475712883	-2.4940267384263066
0.5711524453836899	0.5296285374612576	-2.493665620327452
0.5603662483073651	0.5214601653389558	-2.493203951498962
0.5461827287639842	0.510717838011014	-2.4928598619247095
0.5356614171241738	0.5027224695688467	-2.491012097640102
0.5251900526237622	0.4947407743087371	-2.489469215855007
0.5147641449570635	0.4867661286751497	-2.4876584349573223
0.5078042976664872	0.48142507856321015	-2.486292172787792
0.493966690587725	0.47075753802621423	-2.483201875616016
0.4870285910430156	0.46538210363400945	-2.4814689289682086
0.4767721972520186	0.45739956563947437	-2.479223967621019
0.46652744158285964	0.4494003975063779	-2.477359703658345
0.4529922165035779	0.4387378713406839	-2.471545980399918
0.44291426318280913	0.43072220636871517	-2.4675875657107813
0.43293333197176315	0.4227168361059771	-2.463367239201325
0.42627678749116693	0.4173383865195643	-2.4603977651533597
0.41634753724715234	0.4092531099822538	-2.4557579953244066
0.40312910484838615	0.3983667844047296	-2.4492745421284727
0.39657049428279173	0.39291099697965937	-2.446221753155801
0.38362822255577345	0.38204366730014105	-2.4395496724981958
0.37718814326572514	0.37657363514553477	-2.4352708973857724
0.36759493849121594	0.36834397661102863	-2.429550319262946
0.35799049976055497	0.3600071383281216	-2.4236411094303207
0.34531577524741475	0.34884971288040934	-2.4156286467661396
0.33901254258305874	0.343233064110776	-2.4115518257150232
0.32659190146995204	0.33202845465453446	-2.403500886273598
0.3173846235470101	0.3236109277670035	-2.3982398713595274
0.31125115835535655	0.31795139566333286	-2.394238143745648
0.2991708158327595	0.3066630908680146	-2.3850137871010966
0.2931348240797162	0.3009383015704457	-2.380386451434351
0.28117147942014536	0.28944992023349114	-2.372303900931517
0.27518510640417276	0.283631591432366	-2.368319785000991
0.26338000832085523	0.27202249006798945	-2.3606365282175514
0.2574726675370887	0.26614677250580154	-2.3569086997106226
0.2487920731824832	0.2574379536395542	-2.3530110164609614
0.24004493263114324	0.2486014675101771	-2.3486514284344318
0.22845065753981134	0.23675678763077046	-2.3422794544458307
0.22271529392114478	0.23083923523849587	-2.3386852247465417
0.21135415151955167	0.21900186545313893	-2.3326516316701293
0.20287740271648633	0.21008053166413168	-2.328526409984674
0.1972434501318643	0.20411122206926452	-2.3259555144957265
0.186043235378517	0.19215719827080735	-2.3213724541874896
0.18044752692903632	0.1861463822109644	-2.3198040249515275
0.16935024909663385	0.17417733808206215	-2.3167904146356078
0.16376726890071736	0.16812772731192596	-2.3153225470125802
0.15547834634600838	0.15911358431621986	-2.313313368867333
0.14719937252594292	0.1500679482376808	-2.310820845986432
0.1361643457528601	0.1379606365145882	-2.3090335589974926
0.12795055567680008	0.1289248840242651	-2.3081460324992302
0.11977985967465597	0.11992408631722887	-2.3076913454641113
0.11165341784765079	0.11096864713135693	-2.308519040185981
0.10622121291825957	0.10500083215013838	-2.3097579585040084
0.09526907269195539	0.09299294237556069	-2.3108585414335874
0.08974791993866688	0.08695098494384122	-2.3116000806710284
0.08158385988117318	0.07803031854679669	-2.311895821798653
0.07333534994292072	0.06902037449176775	-2.312827227233312
0.062298106354669085	0.05700964958395406	-2.3152956107429308
0.056759471944092234	0.051006420911324096	-2.316759729714384
0.05132856329527257	0.045138045792247686	-2.318326559458227
0.03741542611649001	0.03021088060031059	-2.3254089868830357
0.03179173923059213	0.024243792712824713	-2.327758739469526
0.020646823606235584	0.01249759963809902	-2.332276044219867
0.015017641961182465	0.00660443800603594	-2.3345939569789067
0.006665979992331556	-0.0020965348489734026	-2.3372958006953
-0.001827652523802211	-0.010887213679760265	-2.3408667161472048
-0.01035724519634152	-0.01965113064844724	-2.344588792866455
-0.018919822272474737	-0.02838272022958229	-2.34842230006649
-0.030347862891839304	-0.039931063193972285	-2.3538804613393816
-0.036062291798936365	-0.04565006976802027	-2.3580591024663593
-0.04759612753238875	-0.05707714550654663	-2.3636800539589125
-0.05622973718352035	-0.06555081227234297	-2.3676044646914143
-0.06195577462469933	-0.07113944657312916	-2.369398733072351
-0.07352478225656507	-0.0823525538538264	-2.3742889479688754
-0.07937641406450005	-0.08798320857130289	-2.3767132990340616
-0.09103590057410746	-0.0991224843137341	-2.3813840868934113
-0.09692957186590878	-0.10471435639565817	-2.383661923894091
-0.10861532696479136	-0.1157243461980634	-2.3890416789871898
-0.11449656825857299	-0.12121209744264895	-2.39227903546558
-0.12336011748946915	-0.12943274614398168	-2.395354556357951
-0.13227595931051392	-0.13765694674281617	-2.39747977534619
-0.14416680981388208	-0.14857919677815412	-2.4000653596874733
-0.15307794196759364	-0.15672456306083385	-2.4020694693043882
-0.1590349956504283	-0.16215220957987	-2.4032795917721
-0.17095672269977602	-0.17297792109580906	-2.4053638956610808
-0.17697189437051372	-0.17842394885631324	-2.4062700970243984
-0.18882457057317995	-0.1891199128304766	-2.4098088511614515
-0.19483341529829065	-0.19450828477354618	-2.4110199242303882
-0.2038290329644427	-0.20256239310202961	-2.4116388142456127
-0.21284300512895768	-0.21063384612694422	-2.411055885536483
-0.22490229153349978	-0.22143839208643565	-2.4108775225926107
-0.23389813393901082	-0.22950333989581478	-2.4104504567279057
-0.24285971961840022	-0.23754620987881472	-2.409790086684954
-0.25182408692282565	-0.24560370552304958	-2.408911905897572
-0.2578288657064811	-0.2510100938786026	-2.408239045779138
-0.26971416516650865	-0.2617153687414031	-2.4088402448035153
-0.27575903956428605	-0.2671587559615109	-2.4080112127923874
-0.2876326910919438	-0.2778912881032913	-2.404370545614713
-0.2936383122729984	-0.2833525847347079	-2.4029665313851463
-0.30557574264722775	-0.2942495623714932	-2.400381867068245
-0.31158468269299977	-0.29975650042533714	-2.399032271156011
-0.3235038820567625	-0.3107248141896589	-2.396300301678617
-0.32950249487405503	-0.31626747833584457	-2.394928484438968
-0.34130073071451017	-0.3272059105349486	-2.3942053152119613
-0.34727473046033325	-0.3327445621310285	-2.3934098932658503
-0.35915946583743263	-0.3438030330933224	-2.390877794814203
-0.3650875270261318	-0.3493455138687169	-2.3888536477106936
-0.3769343915136576	-0.3604698664764752	-2.3863622787161307
-0.38289823064517564	-0.366090567135105	-2.3851944162735865
-0.39473386740823474	-0.3772820649711978	-2.383120760843302
-0.40069539851472646	-0.38293559253154374	-2.382219488879103
-0.40956572397533847	-0.39136551755514415	-2.381266246979937
-0.41844374611846374	-0.3998034931560342	-2.3820239969147794
-0.4274070085603796	-0.40831904015116083	-2.3816013103795273
-0.43635130592611504	-0.41682403640226073	-2.3810870375593427
-0.44524979274284415	-0.4253027726508992	-2.3801789332523744
-0.4542102118930645	-0.43384177741270497	-2.380440327631013
-0.4631858533545375	-0.44238779294275093	-2.381078039939556
-0.47218037893625714	-0.4509375639911285	-2.3821219974741044
-0.4841727090153097	-0.4623024409156528	-2.384255663261181
-0.4931017549826688	-0.4707201710820753	-2.387325966667118
-0.4991085674740892	-0.4763549765050193	-2.3890749269369778
-0.5111330582184153	-0.4875745003171244	-2.392688517064502
-0.5171803514065847	-0.49318948438949783	-2.3942828230953133
-0.5262700263722665	-0.5015840482161589	-2.3977486191634454
-0.5354840756999542	-0.510030809496853	-2.4017290189319187
-0.5478202218986709	-0.5212276799618557	-2.4077255904405197
-0.5540330481007308	-0.5268139074223451	-2.4110534205270233
-0.566400623886011	-0.5378147172357215	-2.4191024625300366
-0.5757437799184822	-0.5459913370997304	-2.4260416017474924
-0.5851489284350863	-0.5541179170463139	-2.4322144975714424
-0.5945502281911816	-0.5621497834331441	-2.4377332381211727
-0.6009355806427721	-0.5675469873476697	-2.4423174978467777
-0.6137911533208495	-0.5782585998440999	-2.45188286124079
-0.6203204774398282	-0.5836186580143815	-2.4569249159060846
-0.6301146557488327	-0.591554223825627	-2.464707524671034
-0.6400689155338122	-0.5994896342075213	-2.472812564479469
-0.6466786735378497	-0.6046856558859144	-2.4783565153828424
-0.6635482610741326	-0.617654043616806	-2.4936494647275045
-0.6736739227667535	-0.6252607864473381	-2.5017342271616188
-0.6838393559157567	-0.6327610021176635	-2.5105000349227446
-0.6940922340293602	-0.6401870285260803	-2.519373098542933
-0.7044336738697005	-0.6475375593579726	-2.528322342800409
-0.7149467110864454	-0.6548686596919883	-2.5373229320403086
-0.7220244136130862	-0.6597256755206413	-2.5433558605409314
-0.7361722306790305	-0.66924758702563	-2.555364283205171
-0.7467914460848866	-0.6762305156627553	-2.564309557465624
-0.7539553540091571	-0.6808695300610378	-2.569965154605147
-0.7683889594166714	-0.6900410064300552	-2.5813413897168176
-0.7757118405405486	-0.694607584843187	-2.5869647382974
-0.7866830291866346	-0.7013436885096808	-2.5952057852246146
-0.7978172779159374	-0.7080556753175318	-2.603251039654482
-0.8090231296552602	-0.7146901007454496	-2.611061062823154
-0.8202885802287526	-0.7212435578866966	-2.618567397770179
-0.835204771748581	-0.7297593046282377	-2.6276723722844237
-0.8464660787091355	-0.7360627069255499	-2.6348173282726717
-0.857765098531051	-0.7422890659577207	-2.641240365085531
-0.8691243432904325	-0.7484561426672086	-2.647337424125229
-0.8805423399025012	-0.7545675994799815	-2.653104569877222
-0.89201707248461	-0.7606268644364282	-2.6585377724043977
-0.9035438914159404	-0.766636148765664	-2.6636058069805704
-0.9150998441051585	-0.7725898548741529	-2.6681012108502595
-0.9266395637262197	-0.7784867256890573	-2.6709641416945042
-0.9382752625840332	-0.7843702567832931	-2.675598654597385
-0.9460933054590331	-0.7882903973568921	-2.6781050356711726
-0.9617671843695458	-0.7960793405207306	-2.6827194597260817
-0.9696921677203868	-0.799984477902077	-2.6848689184433385
-0.9854790802313793	-0.8077033366462587	-2.6888182347506886
-0.9934572732006094	-0.8115757877942977	-2.690648588659441
-1.0053371246794005	-0.8173109515487504	-2.6927893262771505
-1.0172271616147694	-0.8230360596861753	-2.6934201703978213
-1.0292176221840696	-0.8287812452752463	-2.6963035344009367
-1.0412940084439724	-0.8345290845882195	-2.6984472980360135
-1.0534086365033617	-0.8402642081136471	-2.7005195424383324
-1.0655593408595396	-0.8459856981014545	-2.702591575274608
-1.0817755891336636	-0.8535732090539325	-2.705412240681902
-1.089915659791636	-0.8573607082087135	-2.7068462683364802
-1.1019718137833128	-0.8629471722281936	-2.7078810996413414
-1.1141336834253999	-0.8685776579695896	-2.7089691003822
-1.1304475519129544	-0.8760706414964659	-2.7130407988293497
-1.1426949306108751	-0.8816457287621113	-2.7159733793451464
-1.1508932937227079	-0.8853525863198676	-2.718114335819
-1.167332448939557	-0.8927183251766081	-2.7228333854922058
-1.1756473713605933	-0.8964070909950174	-2.7254652583360546
-1.1880622987778542	-0.9018643993593202	-2.729577046448206
-1.200523006879557	-0.9072867934574652	-2.7329034291718703
-1.2172559065690352	-0.9144693228380925	-2.740166323011669
-1.22568066113685	-0.9180268209493652	-2.7441034111768285
-1.2382929280559896	-0.9232787774576998	-2.7502599308541584
-1.2510748462990555	-0.9285052643011396	-2.756996867243892
-1.2681841559990417	-0.9353368426371796	-2.766854239485202
-1.2810184533506435	-0.9403286426163177	-2.774827073118691
-1.2937423838775606	-0.9451685767878819	-2.7818360215120554
-1.306656503336719	-0.9499627177933696	-2.790856278229405
-1.315341759974338	-0.953111463186152	-2.7974473487150107
-1.3327900880844217	-0.9592286895698282	-2.8115597126361895
-1.341654440985117	-0.9622316936891225	-2.818860267728548
-1.3593721797270903	-0.9680126059339983	-2.834104455242374
-1.3683553904441432	-0.9708282942724318	-2.8421196459508353
-1.3816874348928498	-0.9748634522750005	-2.8530551318175026
-1.3952432847587595	-0.9788078689030333	-2.864907343368996
-1.4135076760168956	-0.9838270518023022	-2.8825254822072424
-1.4227219309048567	-0.98622745390663	-2.8915865970843173
-1.436497927886176	-0.9896446583024052	-2.9058051616583356
-1.4504771075273348	-0.9929000247001437	-2.920380827540023
-1.4645401892843384	-0.9959574104351266	-2.93520596593155
-1.478565540661965	-0.9987949768600748	-2.948919429131913
-1.4927637599272707	-1.0014588465384757	-2.963928342977956
-1.507046890650591	-1.0039154235906005	-2.979143862382082
-1.5214050953692253	-1.006159612428081	-2.9944943788343865
-1.535811868591223	-1.008184507734115	-3.0102306672999632
-1.5550835189072345	-1.0105315666447392	-3.0309864530448514
-1.5694412095627037	-1.0120217377876668	-3.0453976075610236
-1.5790278431404763	-1.0129061974309714	-3.0546715519202374
-1.5983888192110056	-1.0144044152585863	-3.0744311595752483
-1.6081790003741068	-1.0150170280777344	-3.0842431249126716
-1.6276784972756442	-1.015952806589764	-3.1033742797126473
-1.637529496463575	-1.0162850647561739	-3.1128290475678098
-1.6570837565353262	-1.0166678230486406	-3.131641236990187
-1.6669294514515351	-1.0167256108338607	-3.1401531273646586
-1.6816393680795316	-1.0166578206595567	3.1304611778868936
-1.6965228605106093	-1.016402234483144	3.1180815211427646
-1.7163625250240673	-1.015781734852077	3.1023430470544713
-1.73118639557486	-1.0151182601059048	3.091092977240902
-1.7410900993167298	-1.014582931458753	3.083822151160428
-1.760762798775466	-1.0133153389584135	3.0683832944606104
-1.770584883486017	-1.0125723852346031	3.0598499326161877
-1.7854440362835005	-1.011286530364093	3.0505213131625837
-1.800448792649953	-1.0098510304269157	3.041728271734818
-1.8154744151171796	-1.008283728925744	3.0334245192108846
-1.8305183553916442	-1.0065915096160678	3.025578223155352
-1.8505500776482913	-1.004158745120525	3.015820477236341
-1.8654985131214774	-1.0022162336955278	3.0085917863286693
-1.880224078464926	-1.0001804460599533	3.0000161187281065
-1.8951200706386417	-0.9980113409606357	2.993829674610981
-1.9051161790577886	-0.9965037559602018	2.9898159059711147
-1.9251142455045047	-0.9933667971146312	2.9820544881700886
-1.935205216795279	-0.9917241230340396	2.978211427561433
-1.955255188119967	-0.9883430395456156	2.9707073788062583
-1.9653494355141896	-0.9865830912880228	2.9670399617212744
-1.9802354541559153	-0.9839074970319333	2.9590858879305952
-1.9953627775446614	-0.9810612064651666	2.952444609467267
-2.0155857020382917	-0.9771065347560058	2.944217051671461
-2.030687275225887	-0.974037405141711	2.9376594004396024
-2.0407725219900215	-0.9719289142337577	2.9330458331564797
-2.0609163993976707	-0.9675687575922961	2.9234066817999547
-2.071051437846328	-0.9652968906671034	2.9183573655499755
-2.0909706392006617	-0.9606391745773903	2.9042459909694323
-2.1011112180916345	-0.9581557871671946	2.898179390306507
-2.121251093849525	-0.9530208854187489	2.885199113958824
-2.131397642134414	-0.950325219648193	2.8781580179522526
-2.1465007433298213	-0.9461657799457818	2.867079866469219
-2.1616748022659946	-0.9418025199616262	2.8556169820493937
-2.1716916247299363	-0.9388150120510576	2.84749878381466
-2.196910390131955	-0.9308513652197282	2.821902952374404
-2.207032045437463	-0.9274493223335356	2.812129216581243
-2.2269539316967033	-0.9204159812801072	2.79156641337474
-2.2369611990244436	-0.9167045750592046	2.780667117507296
-2.2517515739355978	-0.9109891715002595	2.7646585377624904
-2.2666582499274477	-0.9049432579967924	2.7471686504201975
-2.286382971296209	-0.8964575142582958	2.7225582575181217
-2.300926103164422	-0.8898071259576845	2.70200665657431
-2.3106316822798756	-0.8851676418459261	2.688625692355151
-2.3298740046067006	-0.8754840338017885	2.661340360890339
-2.3394735918162817	-0.8704041351437602	2.647543971023932
-2.3583938165872436	-0.8598745146720987	2.6192699464860154
-2.3678399075037317	-0.8543500446145009	2.604781362866097
-2.3863988801715563	-0.8429440773639607	2.5755508322812273
-2.395624269438387	-0.8369901183218124	2.5603197777139264
-2.4092046066518815	-0.8278464203499577	2.53739853014718
-2.422711087040414	-0.8183123779901106	2.5157015618787915
-2.4404371002072995	-0.8051082904779879	2.486427349397633
-2.453438452723079	-0.794898292289104	2.464686115633829
-2.46619415406336	-0.7844275759622937	2.443254698937964
-2.478748623518923	-0.7736671644812949	2.4221696081720165
-2.490991324200119	-0.7627211100333545	2.4006753962066707
-2.503079684123542	-0.7514415525811561	2.3805641878170483
-2.511080622379196	-0.7437249754980539	2.3675227648480703
-2.526789244132399	-0.7279823844440597	2.3424134923772604
-2.534567256803338	-0.7198924680419748	2.330216897308315
-2.54973569669519	-0.7035421119390393	2.307011717946757
-2.557247408078076	-0.6951620487845663	2.2957461463548885
-2.5717523171859584	-0.6784270221406729	2.2725996922652767
-2.578964950424487	-0.669807428986823	2.2623280116659257
-2.589571919083093	-0.6568089374609023	2.2478795269555145
-2.6000952918574303	-0.6435355973186331	2.2341663299978554
-2.6138316238077732	-0.6256487848623296	2.217119776750361
-2.62058133231776	-0.6166326064066979	2.2094355274357755
-2.633804464695402	-0.5985407331585891	2.1942291502186895
-2.640347609951698	-0.5893669527992067	2.1864201144625564
-2.6531935803637063	-0.5709373623261338	2.172484135275402
-2.6626833168325135	-0.5569703989895233	2.1624602248738793
-2.6720032594811736	-0.5429584939166706	2.1528443828447075
-2.678140803646891	-0.5335793764348666	2.1473896402617862
-2.6903184273158467	-0.5146050242169268	2.1351470936856902
-2.6993134359945468	-0.5002545909488009	2.1257753391624803
-2.705245336388619	-0.49062192356827083	2.1194137800404995
-2.7169184904126884	-0.47124908870737425	2.1064103809700536
-2.7227074262278554	-0.4614236656807794	2.0996786998530936
-2.733951049268481	-0.4419202684216395	2.087386580235991
-2.7395551885439873	-0.43197586529473614	2.0801601456880374
-2.7477707261691626	-0.4170766470211174	2.0687567453019513
-2.755852827151251	-0.40198858025941003	2.0558304771465927
-2.766337273654658	-0.3816801179801369	2.038242180106655
-2.7714491513107373	-0.37144153919369216	2.028975822369879
-2.781285512436725	-0.3510521544463565	2.0104885572546705
-2.7884425044478793	-0.3355340833254547	1.9946593121747012
-2.7953283197547663	-0.31993861756232234	1.977770637231305
-2.801938183953271	-0.30422933097364485	1.9593435162530908
-2.808270995277682	-0.28834699680913606	1.940280050910986
-2.814270443206733	-0.27242476117586417	1.9214720522480357
-2.8181437444390918	-0.2616174413211142	1.9076282345672768
-2.8254310485748992	-0.23983665624752662	1.878828220908679
-2.828867891394612	-0.22876089321539822	1.863703764544935
-2.833676981141896	-0.21214104718074153	1.840392605927152
-2.838122527512008	-0.19528612210024135	1.8158891437518012
-2.8421496384993485	-0.17836160026473824	1.7919714839103855
-2.845777831925103	-0.16125037460391387	1.7666712294361422
-2.8499308913668346	-0.13831128323126085	1.7322580498837727
-2.852514563681529	-0.12107433559126062	1.70603374198006
-2.85398746319183	-0.10952101565426109	1.688381651281229
-2.85631741142639	-0.08652857835403346	1.6549129167636873
-2.857201520797163	-0.07484954993434895	1.6370703465660001
-2.8583453157468575	-0.051582333325555146	1.6021155261160986
-2.858615016670875	-0.03983825623303643	1.5846647301738863
-2.8585465856243775	-0.016503699953455468	1.5505370984595717
-2.8582141416582436	-0.00476372461260351	1.5338528326253942
-2.857004246230155	0.018431289140337308	1.5025314488350716
-2.8561140759334855	0.03014226899133277	1.4866717856856257
-2.853802463055074	0.053271802534126014	1.4551868972796886
-2.852364648307349	0.06492167039148213	1.440279035403793
-2.84901128115439	0.08796261357572654	1.411996958368134
-2.8470850783708967	0.0995104630593621	1.398566642456124
-2.8428157829774454	0.12234248275401637	1.3731714408742013
-2.8404523656295586	0.13379544095702087	1.3610362256234056
-2.835397976495568	0.15622785101186676	1.3354411269536546
-2.8326231046239276	0.16750041738432522	1.3236295528026054
-2.8267453487395366	0.18985512543930594	1.303760553993116
-2.8236217954325595	0.20107019350369912	1.2943478326129825
-2.8171295875239775	0.22322095028024339	1.2769823637111934
-2.813719392486968	0.23433186382011326	1.2687927222327695
-2.8084836053888402	0.250804027016073	1.2569953353720618
-2.803041160432336	0.2672345606471515	1.2444193921013524
-2.795488719871148	0.2890681206690726	1.2310407545329134
-2.789676141216701	0.30527174666686363	1.2215241933390064
-2.785715906006314	0.31604573066818253	1.215367112046436
-2.777615833989711	0.3374801330638347	1.203431837692213
-2.773441703483269	0.34823544638159337	1.197482419921181
-2.767153748864041	0.364072988983278	1.1868854620819758
-2.7606466479262846	0.37996186097553214	1.1775684130776742
-2.7517365768259343	0.40109002104177727	1.165515128814978
-2.744930051650624	0.4167589687325545	1.1560907402332241
-2.74030787844294	0.4271706016710446	1.1495215231698321
-2.7308747221562517	0.44785137026994565	1.1357013175413548
-2.7260198697640825	0.4582037148193307	1.1283186934328486
-2.7162114194724207	0.4784967600867982	1.1125749657437036
-2.711130989391361	0.4886964083724363	1.1042431964464758
-2.7007910924713294	0.5087983609481919	1.086525170193383
-2.695446625669656	0.518848573785076	1.076974150212628
-2.6845502812159325	0.5386254099540795	1.0567241685592326
-2.6789182358839247	0.5484821108581395	1.0460415985024911
-2.6675403699174147	0.5676338924950975	1.02138286454302
-2.6615648179860187	0.5772692617441453	1.0092457087043913
-2.6493452146545047	0.5961737955142095	0.9838495438950271
-2.643004573570373	0.6055771598769423	0.9704307820851008
-2.630040117021178	0.6239759346937775	0.9426753229924867
-2.6233241389341244	0.6330934575965057	0.9283216856822841
-2.6130789318562324	0.6464836713931758	0.9062210843040167
-2.602506374231872	0.6596639273707093	0.8819872854786343
-2.587878806521639	0.6768860843057034	0.8504989806245703
-2.576609612242442	0.6894294067429875	0.8263441938983974
-2.5689244638035684	0.6976423199879733	0.8100457891967321
-2.553256405568279	0.7136020251234471	0.7783005302392759
-2.545150042402293	0.7214698691642726	0.761872267375793
-2.528694723713616	0.7366728406672677	0.729036798208472
-2.5202542385298394	0.7440873279387722	0.7119173616419286
-2.507413660793457	0.754903223561282	0.6874685007224992
-2.494243062462307	0.7654628320762352	0.6635807133821483
-2.480869931789078	0.7756807576047345	0.6404751273989252
-2.467260522812528	0.7855890607104389	0.617575625543316
-2.448854536669499	0.7982641374907374	0.5880902576586362
-2.4349281424252505	0.8073428166409268	0.5666926059286802
-2.420955064902191	0.8160283453317428	0.5454001943616009
-2.4068509887337504	0.8244117238147822	0.5265679658099631
-2.3972991323017943	0.8298874614856327	0.514087626468252
-2.3780629029043703	0.8404563037616918	0.4905335676318846
-2.368300701189071	0.8456022068032757	0.4793188526030655
-2.353685854806843	0.8530536441485499	0.4634374711206779
-2.338877679152696	0.8603186593989066	0.4485522825668567
-2.3241131001249746	0.8673021743064254	0.4348969572690199
-2.3092151531521754	0.8741092742477813	0.4221222057092299
-2.2893325449844997	0.88285516936335	0.4066255982718978
-2.2744620438439207	0.8891670069065836	0.3960334711948665
-2.264522651183348	0.8932853891684124	0.38942794223030053
-2.2446452202838048	0.9013032179556095	0.37744694315937705
-2.2346710390068436	0.9052296863753707	0.37235209089698246
-2.2148250316325213	0.9128575990397221	0.3617182107697362
-2.20480060179214	0.9166243281195183	0.3570022161441639
-2.1949783179881197	0.9202641540908177	0.35253899021053
-2.1696932892103935	0.9294181192710114	0.34212216898971887
-2.1595844844226897	0.9329961978669667	0.3381175757275071
-2.1398344191918595	0.9398693079688939	0.33237656451371644
-2.1298283092656245	0.9433064734945188	0.3291344449987122
-2.1149428560477515	0.9483459696897386	0.32361299553054734
-2.099935709243272	0.9533344412695783	0.3179973906838177
-2.079977413690824	0.9598209516025598	0.3101894251369309
-2.0650955835930698	0.964542457682591	0.3039759749590656
-2.0503096895522037	0.9691310176217556	0.2977607325418977
-2.0355878852387366	0.9736067590298493	0.29173910604086534
-2.0256881791583963	0.9765553320947405	0.2866952353781024
-2.005900998763122	0.9822771161521302	0.275918303645331
-1.9959229037113109	0.9850731663259151	0.27008414039719225
-1.9761009955451738	0.9904328631197925	0.257540349595585
-1.9661080152717485	0.9930311236045855	0.2507512201117238
-1.951321067325727	0.9967424069518157	0.24123206377376732
-1.936386059456685	1.0003414038806868	0.23064686469480739
-1.9164220318545204	1.004864483377907	0.21411139623113726
-1.9064084025580743	1.0069988971616974	0.2052766715520521
-1.8865076693437193	1.010955757450024	0.18656012300692656
-1.8764649441088876	1.0128030395145777	0.17661036985643597
-1.8666220012042911	1.0145114592186149	0.1666144769046094
-1.8414476807539468	1.0184364586879702	0.14155178263656767
-1.8313140262956695	1.0198266414079762	0.13042611654744887
-1.8113160586115884	1.0222234808392836	0.10733036470391542
-1.8012433134624979	1.0232501643406795	0.09514147467512009
-1.7862144875860353	1.024550058081618	0.07670514829576135
-1.7710667887947473	1.0255761045370968	0.05787326018244885
-1.7510302629864596	1.0265017181426626	0.03358675891245871
-1.736027195415071	1.0268670526596133	0.014386232453791373
-1.721092547108417	1.0269426443888379	-0.004937190532222092
-1.7061737253388576	1.0267293526797716	-0.024329269128082403
-1.6961940675394724	1.0264250908566908	-0.03735224234873831
-1.6763270890693873	1.0254304445265874	-0.06317653283645921
-1.6663723674125999	1.02474112134023	-0.07569467550576374
-1.6466653405923546	1.0230091129341379	-0.10025199529312386
-1.6367653057324572	1.0219551171232943	-0.11245530397256516
-1.6171914288073828	1.0195142801927028	-0.13605503061271151
-1.6073728332708774	1.0181149692842089	-0.1475878077353429
-1.592809794441474	1.0158284009563412	-0.16430952229435364
-1.5782427439175428	1.0132964661591755	-0.1806850681524175
-1.559141486761618	1.0096044833981217	-0.20279453913208462
-1.549562594823438	1.0075890072552087	-0.2123500197587738
-1.5306556086074992	1.0033374363458383	-0.23017644543921717
-1.516560210876736	0.9999442272267255	-0.24255991163451676
-1.5026013447250535	0.9964068915917074	-0.25401379436559673
-1.4887216856582204	0.9927266671598969	-0.2645056019476421
-1.4794670252219773	0.9901890176393812	-0.27102810648544856
-1.4613273352715686	0.9850227449279804	-0.2855075888292143
-1.4521763578808433	0.9823066398748318	-0.29131344793329356
-1.4340187232972468	0.9767706106649745	-0.3004786555114538
-1.4249103165397483	0.9739285797904929	-0.3044975136983774
-1.4069037137961546	0.9682010374797677	-0.3113093769537019
-1.3978660242277152	0.965278585755323	-0.3141941674725707
-1.380056120073279	0.9594483016001586	-0.31813819470588034
-1.3711096181006441	0.956493574299522	-0.31997139772950906
-1.3580190393944325	0.9521230884264641	-0.3251318924348447
-1.3446769699211583	0.9476096773259615	-0.3269306563814973
-1.3313430075535218	0.9430804695706917	-0.3278839911537832
-1.3180380755394174	0.9385505619300791	-0.32835096245742995
-1.3003856927755733	0.9325353723803376	-0.32833166640588957
-1.291570455170534	0.9295329999347149	-0.32802811732865
-1.2784880089743182	0.9250868287661982	-0.32709560034104657
-1.2653893005342933	0.9206468272323309	-0.3272753125603739
-1.2523072842119427	0.9162019607276887	-0.32723113538417997
-1.2391875246308488	0.9117550878035307	-0.326329201490102
-1.2217678244180297	0.9058703785644812	-0.32524393474277896
-1.2130589249983579	0.9029355533017119	-0.32481207899333847
-1.1958057739036283	0.8971315607923387	-0.32420035936884484
-1.1871157575989093	0.894212111414505	-0.32425846358540694
-1.1700246383992245	0.8884664857280286	-0.32516061318358036
-1.157283956743745	0.8841535831697891	-0.3270754778135576
-1.1445343995929356	0.8798208025584582	-0.328255302947555
-1.1360042359882825	0.8769111963829556	-0.3293451799402361
-1.119002100399245	0.8710746376967905	-0.33229504786596076
-1.1062793398758222	0.8666648632112561	-0.33524347405193117
-1.093652544805957	0.8622429214633143	-0.3387525316597905
-1.0811036098626456	0.8577978853574214	-0.34251342642085797
-1.06864222181767	0.8533210339031881	-0.3484539155518545
-1.0562296471059416	0.8487623909755296	-0.3552298407498288
-1.0478856241090595	0.8456486816756494	-0.35946571096350716
-1.0312762524845314	0.8393225214142475	-0.3688610140844513
-1.0229396618369648	0.8360769961682255	-0.37408748400344893
-1.0064640589560911	0.8295063200633844	-0.3853804540285242
-0.9982012466551251	0.8261277736779009	-0.39152706796398146
-0.9819171051338524	0.8192893823500361	-0.4042164121900282
-0.973762451677978	0.8157702570679186	-0.4112845956632285
-0.9618898863064629	0.8104992498649913	-0.42564626685177565
-0.9498062198715732	0.8049350762284114	-0.43761855468184796
-0.9338003876948585	0.7972943851810261	-0.4537649346066613
-0.9219527976321991	0.7914277899125094	-0.46638476211913105
-0.9140975153113619	0.7874337447749568	-0.47498774265179683
-0.8985946269655337	0.7793045634740513	-0.4915932794852564
-0.8908166027511604	0.7750981748646164	-0.5004619657154962
-0.8793090425928579	0.7687077521270055	-0.5139156127027662
-0.8678594268023422	0.7621440570661078	-0.5283973390718515
-0.8528380331602554	0.7531695217838722	-0.5483394584328032
-0.8416880540312384	0.7462566717967052	-0.562188535714364
-0.8306956626946917	0.7392301699053788	-0.5758437135212643
-0.8198619484940328	0.7321017463746502	-0.5886237741020905
-0.8126372218116816	0.7272351649951605	-0.5974013057758629
-0.7983536293645254	0.7173420697964428	-0.6144523745424426
-0.7912315002860406	0.7122745250837863	-0.6228194837767669
-0.7772521524059042	0.7020660103905156	-0.6391012167640986
-0.7703509908362368	0.6968922378814857	-0.6481355212791661
-0.7566940787932098	0.6863866769338499	-0.6633445914838367
-0.7498894099686007	0.6810321560827305	-0.6704059571767734
-0.7366012695286882	0.6703745603668902	-0.6822569801738522
-0.7299276662055298	0.6649201666724978	-0.6884094631745862
-0.7200624190532136	0.6567341925683398	-0.6970282226616215
-0.7102034653250288	0.6484145643497876	-0.7049583219255866
-0.700428007833761	0.6400375319194113	-0.7121872949491952
-0.69074303824364	0.6316218434669811	-0.7188814636641628
-0.6812294582143231	0.623231514121601	-0.7263805670135173
-0.6717176598373708	0.6147397375870493	-0.731248478744551
-0.6591850551195766	0.6034440892546594	-0.7359692204100428
-0.6529268036509033	0.5977638372677345	-0.7380607806346653
-0.640554055278441	0.5864728759099088	-0.7411995941481333
-0.6343412130534679	0.5807797299020158	-0.7422840535952743
-0.6220391666609667	0.5694792287556598	-0.7434864996938443
-0.6158550602235137	0.5637912055721095	-0.7436668532147235
-0.6037441706652649	0.552632903805457	-0.7456440778661982
-0.5946193894950398	0.5442168996663099	-0.743889953164749
-0.5855168734420078	0.5358604646465086	-0.7415706920255958
-0.5763786774628066	0.5275096264983677	-0.7390132321378028
-0.5672208889467947	0.5191879952263838	-0.7359424412633774
-0.5580387432642296	0.5108992897625498	-0.7324113316366393
-0.5488285837195398	0.5026474066407947	-0.7284803253704762
-0.5426423733937322	0.4971423974477639	-0.7256789608661028
-0.5303842630067448	0.48631441830200184	-0.7221770488487963
-0.521081472451788	0.4781546110611532	-0.7175949875029584
-0.5148968927069598	0.4727763385309642	-0.7136156208421297
-0.502424727425195	0.4620543556539439	-0.7064657870928142
-0.49611071014376595	0.45668416227739245	-0.7028842421221242
-0.4835239335550291	0.44609481376404586	-0.695767204715745
-0.4771572486367865	0.44079604640179687	-0.6922185318775577
-0.4644738406273433	0.43035204003832467	-0.6854147255455654
-0.4580917720631735	0.4251494568698347	-0.6826470165121794
-0.4453707511225583	0.4148614941062849	-0.6770221790929668
-0.4389360537533686	0.40970473128277235	-0.6740454314588316
-0.4294172721786859	0.40214261724954403	-0.6685130179644134
-0.4197036724592738	0.3945006052700006	-0.6645889609096364
-0.4067505854261534	0.38439990070381175	-0.6600130453709332
-0.3970699633975671	0.37690854274968166	-0.6571449178641121
-0.3906034290265445	0.3719274414065831	-0.6555465924625192
-0.3777764510423412	0.36208361931290745	-0.654909710340571
-0.37132319891756066	0.3571250441283004	-0.6550598638018185
-0.3616392974936784	0.3496906245548332	-0.6544695876863617
-0.3519130417978632	0.3422318245546653	-0.6539559979956348
-0.33898768728834594	0.3323291742237086	-0.6541374326490647
-0.33250703491288613	0.32735692594962235	-0.6548823252914668
-0.31965816164520766	0.3174682647356021	-0.6572679200320135
-0.3100352746300988	0.3100240731389091	-0.6598511308788446
-0.300480715097812	0.302588231195556	-0.6632559319850455
-0.2910613259327327	0.2951862363312726	-0.6691537362675612
-0.28470307520384697	0.29014308236849007	-0.6722377170339947
-0.27207273434208923	0.280026225372441	-0.6787724863651494
-0.26576420280109747	0.27492348766988095	-0.6819964047417623
-0.2532329749603598	0.2646686935878471	-0.6900426709505542
-0.24694949331310045	0.25946081283755557	-0.6944585991972767
-0.23454105110910148	0.24903125798378203	-0.7038907726748186
-0.22832543034129807	0.24372939505128904	-0.7089582728123788
-0.21607985083164943	0.23311673748698314	-0.7198709982700848
-0.2100219996868652	0.22777004226612305	-0.726815413035944
-0.20096842611183072	0.21965127905449963	-0.7355888072108115
-0.1919871354592635	0.21146290331549297	-0.7432913544087255
-0.18300087644055468	0.20313149900653987	-0.7522883817789453
-0.17408968496373423	0.19471828745775077	-0.7614344339239273
-0.16525517680214202	0.18622230887123417	-0.770695005585684
-0.15649920907187898	0.17764377281978747	-0.7800123550046542
-0.14782405387588185	0.16898438525987133	-0.7893365688454269
-0.13923539184582	0.16025003592843395	-0.7986522306294799
-0.13081484509089802	0.1515202203116632	-0.8092482031847928
-0.12250614412238323	0.14273511403672773	-0.8172960432555428
-0.11147143774539772	0.13084116218002045	-0.8286456953149615
-0.10333357575827677	0.12189668165701305	-0.8368024506015562
-0.09530398497152798	0.1129282480573731	-0.8445892586403954
-0.08734510728614493	0.10390176235510498	-0.8519636929887594
-0.07945353919074047	0.09482134122837763	-0.8588750619758506
-0.07420297473024162	0.0887106233897671	-0.8632227471008284
-0.06381306213671976	0.07646546238950448	-0.8711422270939919
-0.056170554422543074	0.0673359605198133	-0.8765438142043701
-0.05105627528395578	0.06117370539848784	-0.8796048818635851
-0.040897166741918525	0.048827521499363	-0.8848665418887
-0.03580523235157855	0.04259280931835896	-0.8870596601594476
-0.028247747726460673	0.033292255631960505	-0.8897471069869947
-0.020654655212045143	0.023902976070615495	-0.8917177619679147
-0.013080766905516522	0.014506236061553336	-0.8929563726830745
-0.005522723827623579	0.005112164559364902	-0.8934309384625847
0.0020164853512610443	-0.004260633423184197	-0.8930260571439629
0.00943096618868627	-0.013458201919991912	-0.8923547366299187
0.01945813463852775	-0.02586894307894485	-0.8897450997842744
0.02696262524926071	-0.03510513496569134	-0.8869132375297144
0.031987132451025045	-0.04125661007055781	-0.8846134035682949
0.042073828126230985	-0.053509622240292404	-0.879132235980928
0.047185551756060526	-0.059664128910264	-0.8759248766820584
0.05740161461302047	-0.07183596117759387	-0.868707402505232
0.06258343174421882	-0.07793949716650626	-0.86466426756585
0.0727927864028986	-0.0898178223014953	-0.8567614665489434
0.07800370589837646	-0.095799421866478	-0.8514431825781482
0.08589281754742106	-0.10474041438817101	-0.8437803669763531
0.09392564772865629	-0.11370087542692203	-0.8356539556431994
0.10474040569571334	-0.1255307130212117	-0.8242604008387459
0.11024637329358795	-0.13144928018858051	-0.818306391175143
0.12129498030595906	-0.14311264832196247	-0.8061394720430144
0.12963793869275272	-0.1517323220139532	-0.7968135783452138
0.13522819895987362	-0.15741855228940452	-0.7909689859302104
0.14642103295739262	-0.16861337812324184	-0.778456982829592
0.15213840558275848	-0.17421185070474388	-0.7713119690825468
0.16079423667323617	-0.18254884236319835	-0.7615854931869032
0.16961218382085516	-0.19087868890953405	-0.7519267077281633
0.18148039889041245	-0.20184223973805904	-0.7393320458735758
0.19043182414370946	-0.20993263829729977	-0.7301398910102604
0.19645042656510875	-0.21528982013860043	-0.7241685693534609
0.2084689910448341	-0.22580860585059784	-0.7146970176819405
0.2145696893264437	-0.23108072260904577	-0.7100112628763741
0.22679948600391533	-0.24148176747600447	-0.6990003588839296
0.23298957951544283	-0.2466550420549834	-0.6934343089139189
0.24232235605080796	-0.2543575606060502	-0.6863752267180847
0.25179357329582613	-0.2620666458554703	-0.6798590588663782
0.26447876030973483	-0.27224123681648865	-0.672113544949162
0.27086308326681774	-0.27730382445504226	-0.6686416382051414
0.2835081614491047	-0.2872370056924445	-0.6641421835305982
0.293025435476301	-0.29467235128489805	-0.66160870713234
0.2994335055119139	-0.2996521177593043	-0.6595844807800882
0.3121745771042366	-0.3094909981104623	-0.6549440479806248
0.3186383006643143	-0.3144456910669231	-0.653340848702353
0.3283168627635948	-0.3218430934382364	-0.6519396792043924
0.338096127974367	-0.3293010069331517	-0.6512420159834358
0.3478919326257726	-0.3367659970992521	-0.6512358747802452
0.3576938590577148	-0.34424048234720245	-0.6519678518664722
0.3706166014211079	-0.35413908332824795	-0.655918971136121
0.3803196465197615	-0.36162312983336814	-0.658256352906818
0.389967150597372	-0.36910253594235387	-0.6609108375792903
0.39637012395954435	-0.3740854926809595	-0.6621165340489005
0.4092635261432441	-0.3841819412301257	-0.6667784657531086
0.4189280903794332	-0.3918181033276573	-0.6708600044368128
0.4285383115551711	-0.3994785642760549	-0.6753587089887658
0.4381280348205015	-0.40719651365380466	-0.6802613643932486
0.44764466466207814	-0.41493719934386813	-0.6863830512984498
0.45710010083259894	-0.42273992734072885	-0.693144201984377
0.46345734711768927	-0.42803971986532	-0.6969571073819708
0.4760121764932431	-0.43861518163397384	-0.7031016341442633
0.4823625498443272	-0.4440172598765123	-0.7068776312286736
0.4949248190828418	-0.4548266051267206	-0.714386697859496
0.5012295658772508	-0.4603135409685652	-0.7181324212024252
0.51059131164935	-0.4685376937611114	-0.7236336520537271
0.5199907304574041	-0.4768858309895294	-0.7289984433987153
0.5293040071213817	-0.4852473318297926	-0.735020574340088
0.5385461895838791	-0.49365613913643736	-0.7409489318628966
0.5507870744459277	-0.5049100490785847	-0.7458119493984461
0.5599168964515062	-0.513374800647223	-0.749425814145688
0.5689878148870309	-0.5218420629706227	-0.7525605234139155
0.5750546945861745	-0.5275332013577293	-0.7543481715270816
0.5871529220755615	-0.5389356208495498	-0.7571046528096319
0.596217791506335	-0.5475138077925534	-0.7584357783376012
0.6022599960965078	-0.5532422373347963	-0.7589844502391685
0.6141963974885577	-0.5645930707989791	-0.7612220543878037
0.6202576408855537	-0.5703652758441814	-0.7607056606863646
0.6292745120576468	-0.5789318400024404	-0.75886945214637
0.6384022305203103	-0.5875690028194717	-0.7564133446581489
0.6475616918439087	-0.5961865675872741	-0.7531041243749662
0.6567599127019317	-0.6047763343936016	-0.7489343766467653
0.6660054549357795	-0.6133313232751569	-0.7439036829288184
0.6753029815282814	-0.6218411484437016	-0.738073448420134
0.6845583554576447	-0.6302182092606528	-0.7332257474382581
0.693956743435719	-0.6386244420184871	-0.7257227379592124
0.7065200130754048	-0.6496354875434158	-0.713271941613911
0.7160447868400418	-0.6578013509427751	-0.7036063698345321
0.7224588014044819	-0.6632084538026389	-0.6966996378289236
0.7354137439533576	-0.6738937883381807	-0.6820249988510653
0.7420173609308063	-0.6792164966441501	-0.6741819637297426
0.7519137572129017	-0.6870319288397396	-0.6626939653638427
0.7618877497028216	-0.6947433616072218	-0.6524983863046222
0.7755227734242259	-0.7049802116501552	-0.6347742150417716
0.7858209275133516	-0.7124582854171109	-0.6205161944262946
0.7962164252430434	-0.7197770403295465	-0.6058599587538861
0.8067616259390933	-0.726972242094775	-0.5910186059633247
0.8174483762504471	-0.7340321997457525	-0.5759538730307864
0.8282650832746802	-0.7409447008639806	-0.5609269632129205
0.8391130797784596	-0.7476648997075415	-0.5474784541235337
0.8501921410444339	-0.7543093597635362	-0.532405867264514
0.8614049555292387	-0.760806829266085	-0.5174074592786703
0.8727413362214963	-0.7671513646849142	-0.5025011210917144
0.8803685192129783	-0.7712948075265309	-0.49214900747022683
0.8957889403953311	-0.779366497128749	-0.4722560842366687
0.9036497823756162	-0.7833370999847935	-0.4627257911694318
0.9192254551357742	-0.7909474818242317	-0.44713797440889286
0.9272078659574798	-0.7947355451399984	-0.438509869798869
0.9432066719412505	-0.8020791843311754	-0.42190842764428
0.9513299764860266	-0.8056885093812507	-0.4139727434932032
0.9675701932484934	-0.8126819232559191	-0.3990923154723064
0.9758028717242424	-0.8161209470058765	-0.3920344812414855
0.9880600419093573	-0.8211125858444983	-0.3813180768403744
1.0005118001586513	-0.8260394745856698	-0.37255760788966474
1.0171092770073273	-0.8324427160390816	-0.36309909272771734
1.025507119795116	-0.8356106497766062	-0.35821410504627876
1.0422596410330682	-0.8417997981994221	-0.3496334187979577
1.0548977921065035	-0.8463690210394531	-0.3441775500575985
1.0633601564462953	-0.8493874110771813	-0.34099098887129026
1.0803191722711292	-0.8553529342032117	-0.33565449200289554
1.0888706060739461	-0.858324282098807	-0.3334051137501359
1.1014699348764077	-0.862681374182975	-0.3333549881005439
1.1143608821920297	-0.8671349943990638	-0.3317811365122772
1.131599961255874	-0.8730585462301838	-0.3303383321537791
1.144709442761925	-0.8775502373865786	-0.3299664918886253
1.157691809581224	-0.8819970765039877	-0.33015466212217687
1.1705851225915844	-0.8864194544552679	-0.3307746652848779
1.1835012412046062	-0.8908542026813944	-0.3305785963499083
1.1964190830811823	-0.8952972394224032	-0.3326794544052486
1.2094377991507315	-0.8998100093105943	-0.3345702676823774
1.2224465888728813	-0.9043447764624196	-0.3363730908935887
1.2311394651717913	-0.9073901124559152	-0.3376381023968364
1.2485262135198463	-0.9135187526908891	-0.3401999009479656
1.2572961317023574	-0.9166289687545293	-0.34144839660590104
1.2746969216547515	-0.9228336331124662	-0.3434462471968347
1.2834403776404963	-0.9259618659527629	-0.34401102456138116
1.3006418097806844	-0.9321595588275333	-0.3483485243875989
1.3094118932029193	-0.9353469786139013	-0.34875223435028596
1.3268450538037881	-0.9416888216106567	-0.34885442438358705
1.3356388449862362	-0.9448862590949781	-0.3484935939554033
1.353121059740337	-0.9512250692345898	-0.34687307290105296
1.3619425480263205	-0.9544087493559649	-0.3455422624877872
1.3794074676173878	-0.9606563925894672	-0.3410076836595591
1.3882084730438167	-0.9637685345026835	-0.33892126411091805
1.4057090138440806	-0.9698951557643196	-0.3335360553006057
1.4145851984288649	-0.9729532395732635	-0.32965454893145774
1.4322678168015632	-0.9789192037453359	-0.32056604548604484
1.4412122320538907	-0.9818650255211082	-0.3152666118504336
1.4590441147608462	-0.9875695914934978	-0.3032819920122972
1.4680667295864123	-0.9903625581804046	-0.29647611338543656
1.4814366048027534	-0.9943701595377774	-0.2863239841561489
1.494894432359424	-0.9982731966000298	-0.2766435531880324
1.5131528046020746	-1.003287881521216	-0.25858908538894776
1.5268798858836157	-1.0068160717726442	-0.24377668610693431
1.5360951682327433	-1.0090604156525644	-0.23328244870460005
1.554624909919758	-1.013255528769177	-0.2111530181417414
1.564025480617326	-1.0152168023229544	-0.19940867796455422
1.5779493534620903	-1.0179118066501376	-0.18342074879832904
1.5921153728668926	-1.0204105526056884	-0.16463532696376582
1.6064667094405207	-1.0226541483103824	-0.14470097679171987
1.620916515434218	-1.0246142828051212	-0.12414004381241202
1.6402829905067777	-1.0267634471140918	-0.0960457799624172
1.6548360490849663	-1.0280142433710677	-0.07459887546855554
1.6692843743424495	-1.0289499673207951	-0.054815881970991236
1.6839072097536858	-1.0296029942188727	-0.033477007375574665
1.6986195424951032	-1.0299408103587415	-0.011825200047887617
1.713367067111475	-1.029958472617083	0.010012447163801614
1.7232804289476575	-1.0297907953184458	0.02449138471963479
1.743136594560309	-1.0290279442100723	0.05282139026772724
1.753148016443892	-1.0284313029585797	0.06653547596631774
1.7729428167545962	-1.0268775771375918	0.09129182782217841
1.7830002862340202	-1.0258935925248127	0.1043033868468499
1.8029806233008336	-1.0235531537268527	0.1292645830176638
1.8130243170566536	-1.0221873332024702	0.14159817427883958
1.8329260914253922	-1.0191060033005357	0.1653109125749236
1.8429829939227196	-1.0173734194585062	0.1762007093383903
1.857943941448159	-1.014594391815818	0.19130396342800515
1.8730350924106185	-1.0115620003838468	0.20549095281043087
1.8931046227457895	-1.0071992731060746	0.22265109164902175
1.9080638497185651	-1.0037224331038634	0.23426211517672196
1.922888758999867	-1.0001001414973656	0.24556700744200227
1.9376990640047644	-0.996303644765499	0.25585814199985146
1.9526474272416778	-0.9923302090094652	0.2638025449429485
1.967586245433408	-0.9882359331851848	0.27121616154661915
1.982597616740048	-0.9840092941525918	0.27767893002093974
1.9975656447461354	-0.9796978221064309	0.2832210575983495
2.012487230480102	-0.9753166710421931	0.2879742753441918
2.02733564280557	-0.9708813933953683	0.2930582130009832
2.0373034636890353	-0.9678564404689679	0.2958498715163412
2.0572790460135995	-0.9617268686879032	0.2996819133252926
2.067365809925672	-0.958600662186586	0.30142785048248366
2.0874184546784176	-0.9523325521747352	0.3044760056036766
2.097534649731434	-0.9491461159512755	0.30588106352484534
2.112615242235227	-0.9443678902144378	0.30795473742844054
2.127752591880938	-0.9395331145094814	0.3109831245142594
2.147904401521594	-0.9330197104209956	0.3141797254156955
2.1629686597344744	-0.9281023422762511	0.31705013889127737
2.17797340869038	-0.923152925182334	0.3204145587954104
2.192978023999898	-0.9181427655305475	0.32439940451516874
2.2079759347828216	-0.91306259114271	0.32914828974760607
2.2229320802731385	-0.9079094444854523	0.33505264329722617
2.2328363619244853	-0.9044332105822767	0.3397267220539188
2.252750783843129	-0.8972945532738887	0.3494695415404399
2.262774734105243	-0.8936111614295137	0.3553063293140631
2.2826179186835907	-0.8861068954136255	0.3685068953064694
2.2925853712013726	-0.8822184158078349	0.3760079561163979
2.3122908099411954	-0.8742581356948699	0.3926741857339479
2.3221668535057125	-0.8701205500051334	0.402066449604246
2.341509886531233	-0.8616606962877316	0.4236981852459481
2.351264636429381	-0.8571995969656159	0.434938085295336
2.37051329771629	-0.8479844249673858	0.45901734463303545
2.380146546059145	-0.8431503695936832	0.4720249663446158
2.399118300386498	-0.8331466894892958	0.49945445207046707
2.408582682185671	-0.8278984905214848	0.5138911792615135
2.4271242366360624	-0.8170706688721594	0.5447362487182729
2.436336822532766	-0.8113865209021456	0.5614404267082934
2.4499886677416325	-0.8025705735076332	0.5862464932463846
2.463565145074663	-0.7933101256059929	0.6119038856201756
2.4769463573619968	-0.7836644092194315	0.6381604637744368
2.490067183237946	-0.7736734440955344	0.6640060002557965
2.507222843756056	-0.7597583599454973	0.6998148523974712
2.519714752372813	-0.7489561910047597	0.7272255586222143
2.5318564376749064	-0.737846320455518	0.7551469944225485
2.54378112308002	-0.7263235137152919	0.782120424323393
2.551601083408638	-0.7184206005720498	0.7996135690923983
2.566850310735853	-0.702201232179573	0.8336735817461832
2.5743581880212907	-0.6937937939839879	0.8506962460764902
2.5888802255742895	-0.6766887244803289	0.8835103871710319
2.59599638236039	-0.6678813524958004	0.899580843767145
2.6062884604452954	-0.6546007970413069	0.9237132189606333
2.616387706696255	-0.6409390019967285	0.9449369276616636
2.629454059672402	-0.6223308879384842	0.9724705279486718
2.638895536758567	-0.6081954778378359	0.9916786895648109
2.6450574563147202	-0.5986498184137546	1.0038105447498926
2.6570492047917673	-0.5793404293718838	1.0263920618596742
2.6629381006052903	-0.5694999689098509	1.0371386932405213
2.6743123079106828	-0.549815546832433	1.0565104534912018
2.6799181045694316	-0.5397913667967159	1.0654929504013504
2.69080987037142	-0.519717715751312	1.0818012236539054
2.6961869318892053	-0.5095223722343623	1.0893115480931512
2.706656738414007	-0.4891490565753454	1.1028323356669163
2.7118185111043003	-0.47886527638451265	1.1085296941643974
2.7193971526384524	-0.463475444903841	1.1177853242378137
2.726928704296038	-0.4478423161441405	1.126007916461382
2.734344149125059	-0.4321320627854534	1.1336980451719567
2.7416476503116094	-0.4163543589097323	1.1409946001828775
2.7488405006198176	-0.4005196760788535	1.147986529432479
2.75589184270374	-0.3847321871195469	1.1535573174208567
2.76286518795661	-0.36884898066914146	1.1608265909620372
2.76972652568729	-0.3529066975208722	1.1682202089915057
2.778661316709985	-0.33162914537822885	1.178650845997901
2.7830487088544973	-0.32094165435083416	1.1842353412161735
2.7915274175791613	-0.2997859957642243	1.1943823632004469
2.7957173464775305	-0.28911317343487875	1.1999201617101742
2.8038317655486544	-0.2678001582125041	1.2147557458900076
2.8097115680250475	-0.25170843251222397	1.226826706437035
2.815363349615896	-0.2356134968423216	1.240024918245744
2.8207918468328645	-0.21944615115833838	1.2543753906623332
2.8242757743921025	-0.20863611276051042	1.2637134880234233
2.8309337429765806	-0.1868959110602436	1.2849178418943201
2.834114390929639	-0.17584551581350105	1.2967136818847744
2.8400030337987143	-0.15385539338962495	1.3225676787325078
2.842749097334298	-0.1427161194104021	1.3364830344108702
2.8465430846813504	-0.12605573914499377	1.3580743524022438
2.849987542080553	-0.10926115150777603	1.3797236068477021
2.8539950119555813	-0.0866655886217054	1.4118719458706763
2.856503379334561	-0.06969824409917202	1.4371896645625455
2.8579322170855885	-0.05834713523216579	1.4548980956232662
2.860180290724895	-0.035570203915247754	1.4908857932683903
2.8609997748625573	-0.024102508998046397	1.5086929643003302
2.8620077878266392	-0.0011655245794749448	1.5459617448311371
2.862190575487149	0.010426258099346733	1.564982945289243
