-2.32204e-05	0.000189276	-0.00064507
-1.86512e-05	0.000156539	-0.000696112
0.0134068	0.0078582	-0.000230536
0.0515096	0.0354508	0.135327
0.0952894	0.0817519	0.422305
0.131568	0.134031	0.713387
0.166925	0.164686	0.981602
0.225595	0.181751	1.15122
0.30335	0.205876	1.14741
0.354015	0.224795	1.02043
0.426301	0.247645	0.746977
0.500849	0.257603	0.523923
0.560516	0.253547	0.477742
0.634224	0.23715	0.694455
0.69413	0.226578	0.957482
0.762103	0.227692	1.26037
0.827176	0.246373	1.57255
0.883922	0.28183	1.82816
0.927943	0.318537	2.00509
0.957169	0.345614	2.10152
0.974934	0.361788	2.1517
0.9785	0.36535	2.14313
0.973595	0.365293	2.14677
0.963338	0.365589	2.19252
0.950923	0.368937	2.27642
0.938318	0.375817	2.39794
0.925504	0.386389	2.55555
0.915665	0.397317	2.67536
0.904078	0.412999	2.79839
0.895046	0.426674	2.88313
0.884888	0.444618	2.95726
0.877324	0.461583	3.03471
0.871625	0.47611	3.09816
0.865923	0.493774	-3.09975
0.861881	0.509559	-3.01882
0.858939	0.521613	-2.9438
0.854798	0.533621	-2.843
0.849701	0.542582	-2.76259
0.838728	0.557043	-2.64243
0.825534	0.569718	-2.54311
0.813974	0.581759	-2.43042
0.802945	0.593767	-2.31319
0.794025	0.604429	-2.21782
0.784094	0.616958	-2.12891
0.773281	0.630624	-2.03454
0.763302	0.643208	-1.9468
0.753112	0.655979	-1.84799
0.743322	0.667973	-1.74397
0.733461	0.679304	-1.64029
0.724061	0.689579	-1.56252
0.71184	0.701715	-1.46919
0.700095	0.71254	-1.37698
0.688461	0.723186	-1.27368
0.675511	0.735106	-1.16719
0.663533	0.745214	-1.08767
0.653001	0.753895	-1.05576
0.640316	0.765033	-0.998774
0.629271	0.77531	-0.931089
0.616923	0.787379	-0.803148
0.607067	0.796526	-0.669062
0.593686	0.806359	-0.51714
0.582126	0.814071	-0.418067
0.567857	0.822599	-0.306433
0.554031	0.829951	-0.216808
0.541095	0.836679	-0.137487
0.527798	0.844997	-0.0443215
0.513936	0.853131	0.0326671
0.498269	0.862008	0.126245
0.484994	0.871035	0.228708
0.471429	0.880007	0.329509
0.457958	0.888511	0.434938
0.444544	0.896385	0.544791
0.431151	0.903306	0.651464
0.416071	0.910175	0.764571
0.402019	0.91573	0.856775
0.389916	0.920308	0.921546
0.375154	0.925848	0.996424
0.364449	0.92967	1.04529
0.34791	0.934719	1.13647
0.33152	0.940191	1.25496
0.316428	0.945617	1.36023
0.300695	0.95037	1.47929
0.289256	0.953266	1.55386
0.270369	0.958344	1.65682
0.256917	0.962726	1.73708
0.241115	0.967803	1.82944
0.222082	0.973074	1.94393
0.210377	0.976301	2.02173
0.192174	0.979693	2.13868
0.177216	0.982907	2.23863
0.162787	0.986238	2.32058
0.149462	0.989382	2.38981
0.134514	0.992143	2.47768
0.117169	0.994536	2.58397
0.0987293	0.995438	2.7032
0.0815273	0.996246	2.81599
0.0667055	0.99662	2.90163
0.0499267	0.996362	2.99545
0.035863	0.996024	3.07737
0.0226241	0.996323	-3.13065
0.00519495	0.998755	-3.04796
-0.0109891	1.00167	-2.96568
-0.0278148	1.00286	-2.85127
-0.0408208	1.0027	-2.75573
-0.0544616	1.00203	-2.667
-0.0694436	1.00063	-2.57158
-0.086168	0.998183	-2.46694
-0.101762	0.994755	-2.38042
-0.116746	0.990983	-2.30612
-0.13174	0.987117	-2.22625
-0.145017	0.984518	-2.16257
-0.164344	0.981927	-2.05222
-0.180002	0.979553	-1.97209
-0.196227	0.977414	-1.85157
-0.21087	0.975313	-1.72908
-0.225255	0.97212	-1.64388
-0.242277	0.967664	-1.5417
-0.255679	0.964082	-1.4542
-0.270531	0.959542	-1.36225
-0.286034	0.954746	-1.26044
-0.299142	0.951193	-1.17449
-0.315988	0.945572	-1.07208
-0.330984	0.940065	-0.96827
-0.344632	0.935372	-0.874891
-0.361586	0.93019	-0.790995
-0.37529	0.925624	-0.727016
-0.392208	0.919865	-0.61317
-0.406781	0.914146	-0.499627
-0.420744	0.907505	-0.379912
-0.433878	0.899987	-0.259265
-0.448157	0.891626	-0.155074
-0.460257	0.884707	-0.0812043
-0.475312	0.875877	-0.00385953
-0.486743	0.868248	0.0382694
-0.499079	0.858205	0.0980132
-0.513659	0.849275	0.210618
-0.52813	0.841967	0.34489
-0.540847	0.83571	0.463325
-0.555203	0.826974	0.61096
-0.567441	0.818499	0.705523
-0.579542	0.808849	0.786352
-0.593135	0.798479	0.855925
-0.602501	0.791321	0.903854
-0.617818	0.780546	0.991376
-0.628827	0.772142	1.06107
-0.642676	0.761569	1.17694
-0.654178	0.752714	1.2822
-0.666455	0.742926	1.38148
-0.675783	0.735244	1.45916
-0.687453	0.725169	1.5591
-0.701561	0.712708	1.6909
-0.712637	0.700986	1.78979
-0.722645	0.688125	1.88592
-0.73317	0.674196	1.98981
-0.741527	0.663421	2.06279
-0.753206	0.650725	2.14946
-0.763027	0.640991	2.22667
-0.773951	0.63005	2.31924
-0.784978	0.61831	2.41327
-0.797003	0.604268	2.52172
-0.806394	0.591147	2.62791
-0.813667	0.580134	2.71561
-0.823419	0.566281	2.82541
-0.832061	0.551772	2.93058
-0.839276	0.539051	3.00204
-0.848699	0.523445	3.10345
-0.856925	0.511661	-3.11313
-0.866928	0.500255	-3.0483
-0.877894	0.488146	-2.96722
-0.885888	0.474195	-2.87084
-0.892961	0.460808	-2.74613
-0.898664	0.44774	-2.63737
-0.90406	0.433334	-2.5362
-0.908776	0.416168	-2.4196
-0.912506	0.404912	-2.34667
-0.918424	0.388604	-2.25429
-0.924113	0.374382	-2.17108
-0.930286	0.35997	-2.07137
-0.936361	0.345313	-1.97488
-0.941334	0.330218	-1.88056
-0.946702	0.314946	-1.79417
-0.952204	0.299982	-1.70724
-0.957527	0.284775	-1.61449
-0.96213	0.269593	-1.51211
-0.966017	0.254516	-1.4177
-0.969269	0.240974	-1.3348
-0.973103	0.221731	-1.2224
-0.975213	0.208094	-1.15916
-0.978017	0.191102	-1.07431
-0.980847	0.178246	-0.98858
-0.983943	0.162	-0.887625
-0.986379	0.147324	-0.808746
-0.988901	0.132445	-0.689521
-0.991431	0.117632	-0.583191
-0.993719	0.100881	-0.464512
-0.994922	0.085377	-0.349174
-0.995279	0.0731801	-0.27211
-0.996322	0.0556559	-0.174747
-0.997356	0.0401872	-0.114612
-0.997642	0.0217027	-0.0383558
-0.997399	0.00539557	0.0469358
-0.997569	-0.0108507	0.157849
-0.997858	-0.0265178	0.281452
-0.997748	-0.0381862	0.389911
-0.996913	-0.0576238	0.575555
-0.995317	-0.0724059	0.711467
-0.992854	-0.085538	0.798333
-0.989709	-0.100566	0.827801
-0.987018	-0.11767	0.856801
-0.985973	-0.130046	0.888106
-0.984946	-0.149612	0.97033
-0.984249	-0.165829	1.07007
-0.982339	-0.181488	1.19084
-0.979444	-0.195107	1.30186
-0.976193	-0.211961	1.42184
-0.972361	-0.227142	1.53748
-0.967663	-0.241546	1.63805
-0.962319	-0.256206	1.72467
-0.957309	-0.272417	1.82137
-0.953241	-0.285838	1.89413
-0.948502	-0.30225	1.98745
-0.945944	-0.313386	2.05805
-0.940261	-0.331472	2.17373
-0.935296	-0.346555	2.28547
-0.929076	-0.36124	2.38025
-0.923417	-0.376141	2.47133
-0.917257	-0.391835	2.57239
-0.91224	-0.40286	2.6465
-0.904843	-0.417401	2.74358
-0.896571	-0.433935	2.86357
-0.890219	-0.44646	2.96351
-0.881745	-0.463398	3.0529
-0.875374	-0.477135	3.11796
-0.869392	-0.492392	-3.09408
-0.867187	-0.507431	-3.0297
-0.864803	-0.520427	-2.96097
-0.86027	-0.531953	-2.88023
-0.850714	-0.545753	-2.74951
-0.839502	-0.557535	-2.62252
-0.82688	-0.568431	-2.50372
-0.814614	-0.579799	-2.40876
-0.801391	-0.593002	-2.30263
-0.792004	-0.603867	-2.21518
-0.78151	-0.616629	-2.12857
-0.772966	-0.627668	-2.05619
-0.761006	-0.643098	-1.95232
-0.75147	-0.656166	-1.86056
-0.74148	-0.6682	-1.76111
-0.731313	-0.680188	-1.66048
-0.721356	-0.691239	-1.56432
-0.712336	-0.700953	-1.48254
-0.69976	-0.712386	-1.37468
-0.688211	-0.722429	-1.26684
-0.677651	-0.731185	-1.18292
-0.662707	-0.743729	-1.1062
-0.651737	-0.753064	-1.07838
-0.638897	-0.765199	-1.01781
-0.628401	-0.776382	-0.924074
-0.61754	-0.787264	-0.787858
-0.606581	-0.797128	-0.628266
-0.593447	-0.806753	-0.447998
-0.582238	-0.813215	-0.333551
-0.567567	-0.820824	-0.254021
-0.553829	-0.828577	-0.21158
-0.539902	-0.837233	-0.16059
-0.528211	-0.845562	-0.0936108
-0.513432	-0.856032	0.0115859
-0.499517	-0.864024	0.117625
-0.485255	-0.872042	0.224012
-0.471716	-0.879513	0.333975
-0.458047	-0.886736	0.465388
-0.444426	-0.894003	0.570426
-0.430275	-0.899951	0.668985
-0.416176	-0.90578	0.757605
-0.403603	-0.91085	0.813915
-0.386631	-0.918087	0.894628
-0.372521	-0.924211	0.965257
-0.358423	-0.930015	1.05661
-0.346683	-0.934629	1.14569
-0.331362	-0.939875	1.25262
-0.318697	-0.943623	1.35018
-0.302575	-0.947762	1.48931
-0.28588	-0.951761	1.5992
-0.271632	-0.955595	1.68011
-0.254684	-0.961116	1.76233
-0.239276	-0.967384	1.83255
-0.224969	-0.97367	1.9174
-0.212522	-0.978644	2.00392
-0.200338	-0.982623	2.10357
-0.183738	-0.986218	2.22703
-0.166897	-0.989129	2.33868
-0.148672	-0.991695	2.45348
-0.132055	-0.993232	2.54761
-0.115501	-0.994682	2.61865
-0.0985254	-0.99559	2.69291
-0.0836861	-0.996316	2.75241
-0.0652325	-0.99736	2.8425
-0.0480156	-0.99926	2.96367
-0.0337903	-1.00027	3.06466
-0.0184673	-1.00131	-3.11637
-0.00345672	-1.00139	-3.01892
0.0120687	-1.00161	-2.94201
0.0259195	-1.00144	-2.86012
0.0400067	-1.00067	-2.78298
0.0561449	-0.999222	-2.67309
0.0692958	-0.998026	-2.58307
0.0866554	-0.996043	-2.47615
0.100182	-0.994416	-2.39884
0.116995	-0.991377	-2.31853
0.132164	-0.988381	-2.26029
0.147914	-0.986969	-2.16753
0.165307	-0.986112	-2.04064
0.180696	-0.985324	-1.91523
0.192808	-0.984131	-1.81735
0.210318	-0.979293	-1.7288
0.223634	-0.974479	-1.68539
0.240577	-0.968538	-1.58551
0.256176	-0.963731	-1.48976
0.269815	-0.959689	-1.39267
0.2867	-0.954123	-1.26339
0.300901	-0.949029	-1.15057
0.316338	-0.944032	-1.04357
0.331524	-0.938959	-0.944509
0.34487	-0.934418	-0.874654
0.36156	-0.928528	-0.820716
0.378036	-0.922956	-0.742069
0.389745	-0.919297	-0.663661
0.407214	-0.912778	-0.507488
0.419711	-0.907887	-0.39325
0.435218	-0.900648	-0.258023
0.446895	-0.894163	-0.15504
0.459674	-0.886105	-0.0635553
0.473966	-0.876651	-0.00734589
0.48669	-0.867627	0.0412676
0.498852	-0.857489	0.0884539
0.514164	-0.848886	0.191884
0.528631	-0.842903	0.327548
0.543136	-0.837145	0.466086
0.557364	-0.829724	0.588502
0.570185	-0.820996	0.691546
0.582265	-0.811507	0.771802
0.595494	-0.800662	0.85488
0.605902	-0.791861	0.925014
0.618068	-0.782148	1.00471
0.629847	-0.772568	1.08661
0.641793	-0.763009	1.17516
0.653588	-0.753118	1.26465
0.66666	-0.742129	1.3651
0.678606	-0.731916	1.48864
0.688969	-0.72302	1.57728
0.70121	-0.711054	1.687
0.711533	-0.700304	1.77869
0.721116	-0.689524	1.8657
0.732181	-0.676561	1.96341
0.742397	-0.664631	2.05075
0.752745	-0.652103	2.14766
0.763144	-0.640738	2.24504
0.773996	-0.629153	2.33215
0.786138	-0.616083	2.4338
0.795147	-0.604985	2.52034
0.804731	-0.591785	2.62511
0.815254	-0.576518	2.75283
0.823198	-0.565351	2.84951
0.83139	-0.551839	2.94094
0.839012	-0.538206	3.02029
0.84737	-0.525016	3.08889
0.857383	-0.512009	-3.12556
0.86913	-0.500146	-3.04958
0.879062	-0.488807	-2.94872
0.886771	-0.476453	-2.83863
0.892969	-0.465324	-2.74191
0.899468	-0.449823	-2.61979
0.904257	-0.435468	-2.51766
0.908422	-0.42077	-2.42408
0.913404	-0.40536	-2.34678
0.917534	-0.393508	-2.28497
0.923411	-0.376945	-2.20083
0.930714	-0.359526	-2.09733
0.937522	-0.342361	-1.97754
0.942402	-0.328253	-1.88465
0.947728	-0.313586	-1.77911
0.952326	-0.297554	-1.67848
0.956787	-0.282576	-1.58316
0.960256	-0.271465	-1.51363
0.96515	-0.253521	-1.42005
0.968547	-0.238455	-1.33209
0.972336	-0.223219	-1.2246
0.975676	-0.208186	-1.13488
0.978276	-0.193369	-1.05221
0.980609	-0.18047	-0.981955
0.983409	-0.165744	-0.905053
0.986637	-0.148757	-0.837648
0.989857	-0.131568	-0.727768
0.992314	-0.118175	-0.597248
0.994396	-0.100215	-0.426876
0.995567	-0.0883513	-0.348594
0.996906	-0.0705927	-0.244353
0.997973	-0.0531295	-0.158483
0.998697	-0.0374048	-0.0693186
0.998802	-0.0264119	-0.0174796
0.996018	-0.00582589	0.0633168
0.995794	0.00788005	0.143016
0.995972	0.0242414	0.259738
0.996167	0.0413157	0.403652
0.995852	0.0573495	0.546201
0.994405	0.0730931	0.657215
0.992857	0.0882447	0.750739
0.990474	0.103207	0.804464
0.988203	0.118362	0.857236
0.987097	0.131743	0.907582
0.985943	0.148565	0.984536
0.984492	0.164036	1.09111
0.982052	0.179783	1.19194
0.979076	0.195801	1.30594
0.975415	0.212639	1.44032
0.97183	0.22583	1.52778
0.967429	0.241028	1.61945
0.963966	0.254107	1.69668
0.958955	0.272386	1.81069
0.954843	0.285693	1.90562
0.950091	0.300703	1.99873
0.944491	0.316685	2.09634
0.938881	0.331489	2.17824
0.933299	0.346588	2.26173
0.927331	0.36141	2.34848
0.922271	0.373997	2.43683
0.917099	0.390317	2.54853
0.911299	0.407075	2.67674
0.904515	0.421639	2.78253
0.896366	0.436386	2.86822
0.888606	0.450969	2.95037
0.881501	0.465327	3.02565
0.874767	0.479884	3.10703
0.869307	0.493922	-3.09007
0.867263	0.506681	-3.01917
0.865223	0.519264	-2.9445
0.861308	0.529651	-2.85796
0.852627	0.542957	-2.7437
