0.0	0.0	0.0
-0.006914267851218626	0.008037342630830465	0.11267886917481933
-0.007010003473823813	0.008153299091045554	0.11400064065079794
-0.016223768354679844	0.0181707236881401	0.23042935597473413
-0.016285706025015813	0.017156322087585232	0.2719752352781113
-0.011999764723285596	0.004839396173226702	0.3313107541379402
-0.001790705166512574	-0.007873513259073293	0.3705927017999624
0.0390188365653143	-0.01115317039403086	0.4201309261161757
0.08808389373896355	-0.011599664433656655	0.4816253486294207
0.13575285265974585	-0.012152569809902284	0.5442962579530048
0.1805211628362516	-0.013197902604072866	0.6085239546700743
0.22150713826404983	-0.015537458345697079	0.6815440299818827
0.25965392325580006	-0.018887266646407917	0.7583718029639569
0.29559057025750113	-0.02311464787400582	0.8359439275870978
0.32983435556718915	-0.02839859702700427	0.9118932887835036
0.36287704417735595	-0.03447231626190895	0.9947708287618826
0.39504999938721813	-0.0410389547333491	1.0725959507446654
0.4297527339267384	-0.04830710048066009	1.1645252624402673
0.4614602844163186	-0.05489571626167611	1.2501660129301957
0.4930611477710649	-0.06146034207975349	1.3324181101450816
0.5244040207779345	-0.06804765857741829	1.4083434563318933
0.5550173998824839	-0.06937191078805213	1.4924351268431524
0.5882088015224944	-0.03912925074582913	1.570395726606743
0.6222860352181002	0.0035346191389837092	1.6681403527863259
0.6530242287359322	0.0468311946783644	1.7664408442907737
0.6794448369075764	0.08825409999018459	1.8587336813675681
0.7023468109820086	0.12691448399676789	1.9495290736285655
0.7220973206973542	0.1628834510423936	2.044554321806666
0.7403309852879997	0.19923829209112043	2.144573208852783
0.7545494717289364	0.2304357951360818	2.2352417657292984
0.7663718874591504	0.2593910634458759	2.325809326302908
0.7760616977872035	0.28620895453708073	2.4174392372364424
0.7839882033562082	0.3112261914789119	2.5040545093700555
0.7902134149825006	0.33510486083284086	2.6002201668552694
0.7949460909702837	0.3574015888538298	2.6863284376252197
0.7983270498361991	0.3784414156188349	2.778342179404154
0.8001872761490709	0.39886941984891955	2.871630684121057
0.8011415971462246	0.41793802853842044	2.961776242869925
0.8013562367761004	0.43653576610933165	3.047841038581963
0.8003820632680555	0.4557231151302449	-3.131699704850278
0.7977947052351726	0.47310228535386006	-3.040851298527322
0.7946840999288151	0.48980366880580145	-2.9408361203883517
0.7912654398717909	0.5054603421493465	-2.851894505193505
0.7871568129025268	0.5209890418269595	-2.7625255138135016
0.7826199911588161	0.5360123212273676	-2.669547553171951
0.777903197978624	0.5503484494702484	-2.580023192290494
0.772121143363808	0.5649903442018924	-2.4931162916672154
0.7658831725538069	0.579026830721756	-2.4036250694510404
0.7593789561233534	0.5927476963151643	-2.3102296617124307
0.7526582168961338	0.6061122232946637	-2.2089103033467645
0.744158671502248	0.6202207511014124	-2.112764934043873
0.7354003058234725	0.6333129487916883	-2.021544994502956
0.7265697660215081	0.6457924612357067	-1.9281960536151979
0.717418614557182	0.6574809928498493	-1.8321222428481474
0.7078739401824166	0.6688659516947141	-1.7361341882103565
0.698315538125036	0.6806245400139488	-1.648839634810611
0.6886984937024044	0.692257040570083	-1.5564633472967633
0.6784544962674995	0.7032721414484716	-1.4599373611210873
0.6682430583441976	0.7136840050454425	-1.366285642266516
0.6572789124576683	0.7246144610106032	-1.2757082276151712
0.6460901712054805	0.7350379135720564	-1.186021158636718
0.6337097898705993	0.7458223000317667	-1.0865146439402031
0.6222804301900176	0.7564657032887806	-0.9878573183918119
0.610633539417245	0.7664806285697192	-0.8884771065611364
0.5990409621606632	0.7757345913212264	-0.8003660185755993
0.5869622795558668	0.7851424486059609	-0.7080323593017236
0.5755417595545937	0.794532641997216	-0.6108182940078918
0.563166035625267	0.8032638760206653	-0.5206053000558926
0.5507355882297745	0.8121545609773031	-0.42396068353731203
0.5387507153245409	0.820715989606817	-0.3352162115992794
0.5258401805968431	0.8291051395259643	-0.24148996941897558
0.5127975574154978	0.836972302044654	-0.14172318673345588
0.49878396504175987	0.8455593260629889	-0.03695840416206124
0.48545018621179253	0.8532606290789281	0.05229039050147354
0.4722437665179484	0.8612048573209421	0.14744159867940188
0.45969563040628136	0.8688217956926634	0.2382066291449713
0.44628190115315197	0.8762035428751143	0.322317546699849
0.4327411111095595	0.8834877701889828	0.4113674559454788
0.4193418516148053	0.8904890036106741	0.5015445058693242
0.40581003285482636	0.8974522103219006	0.6013562994284547
0.3921792637766824	0.9039627550931244	0.7057405134689702
0.3783322380531986	0.9100612507077912	0.7957810855790101
0.36384110008949255	0.9152851437798601	0.8894915439634398
0.3479142435711259	0.9205974918267329	0.9824122637970785
0.33293059837985206	0.9258217461547066	1.068103795247918
0.31787386384208083	0.9306001222310759	1.1600960513929237
0.3036947474308673	0.9352054762473634	1.2575457702686441
0.2890922476369202	0.9403561966070559	1.354378451871934
0.2744930673427796	0.9450633917421933	1.4525526508883375
0.25989072436453575	0.9488836782956362	1.553062897739797
0.2449857611998434	0.9524889907667984	1.6387120239254673
0.2299435638784115	0.9560543382092375	1.7356308761008687
0.21545341356954312	0.9597394534902848	1.8296839474246451
0.20013101162793312	0.9626231306166323	1.9228359673481046
0.18386524769578313	0.9658382513076714	2.031183446998309
0.16879471950320948	0.9685133080453927	2.118726912721376
0.15322872500579385	0.9706683545698872	2.2201429950196365
0.13838635658998047	0.9729180846894712	2.316259918820544
0.12326215046646533	0.9751243507870131	2.4032787994047973
0.10830939039052748	0.9774875007555663	2.490088923915146
0.09342722652434524	0.978996716847369	2.590919167929536
0.07804927135777909	0.9795162170982588	2.68544475424144
0.06265226586157836	0.9801317849737834	2.788404995567257
0.04779326358922292	0.9805976532261163	2.8936608830019757
0.03294100834288153	0.980975184048068	2.99335154143752
0.016086258691312916	0.9806366229776068	3.0950068837260036
0.0003699149902867373	0.9808741242883211	-3.106152208905303
-0.015390020809704546	0.9815412313301323	-3.017303714656172
-0.03078863852331469	0.9815821621738311	-2.9245697109349607
-0.0459509902740941	0.9810458867919944	-2.8355880663592083
-0.06106879512259359	0.9800083118926488	-2.736217219700787
-0.07640435865090539	0.9789228136845463	-2.653833344341732
-0.091857099477389	0.9779232784124753	-2.5626685115074728
-0.10720583877195553	0.976254794887858	-2.4659278611546323
-0.12235855772374163	0.9743338243276751	-2.3832348742622878
-0.1378789270103735	0.9721820512445285	-2.290323845658347
-0.1542151850106855	0.9703356687801641	-2.1786952789256673
-0.16975870410133195	0.9678053136358121	-2.0859996680238444
-0.184661532547168	0.964849551182235	-1.9980948827536673
-0.1996308240984485	0.9616792531627143	-1.8962597300430726
-0.21469304230779582	0.958449671890113	-1.8041792004535995
-0.22917691005852348	0.9552277885850494	-1.7134284110340923
-0.24410519801841302	0.951509508438103	-1.616217733959735
-0.25888358668237393	0.9474655889132554	-1.526082307156178
-0.2734262715426063	0.9437668882333133	-1.4265036384828513
-0.28799973610668395	0.9396806507312326	-1.3463467592593783
-0.3026954905002048	0.934891048708598	-1.2453597092812971
-0.3186102732793252	0.9290518711395631	-1.126773146961404
-0.33129170891117277	0.9241512943945398	-1.0456369848884097
-0.3470554985049504	0.9182421969423777	-0.9423733695049914
-0.3611818601645108	0.912649858530793	-0.8443578307070388
-0.3751241425398927	0.9072699536569007	-0.7369874017550223
-0.38876794582868174	0.901365796718762	-0.6422362613290584
-0.40256985383554916	0.8948769106497027	-0.5599011817987686
-0.41704655752413666	0.8884604568336639	-0.4755730423713887
-0.4312621159819338	0.8820143071219454	-0.38835171215229075
-0.4452852268591335	0.8751635336960711	-0.2999969917877024
-0.45879197859574644	0.8678711060083717	-0.2007940923721412
-0.4723856058628793	0.8606348462295225	-0.1173557669103882
-0.48613968659191165	0.8529617446989913	-0.027585538508796314
-0.49933123436297716	0.8448716127346074	0.06522353554020376
-0.5137240035492868	0.8363905327184051	0.16702324818647019
-0.5273236155340547	0.8284442018607142	0.26966406524941805
-0.5399691297140558	0.8203650413663187	0.36747463076313225
-0.552529148141356	0.8116304946577179	0.452844795722639
-0.565462841817748	0.8029045172976348	0.5504892375586241
-0.5778400719410423	0.7942869884046331	0.6442835297197583
-0.5900866206836988	0.7849224888262244	0.7338652454875056
-0.6022545487679909	0.7761459931938125	0.8324184840730863
-0.6139685714638277	0.7670145827062498	0.9195286783726816
-0.62582213282348	0.7570428076070046	1.0210406713474633
-0.6371451664101883	0.7473745635735483	1.1183810398418212
-0.6489416614918746	0.7373565808368332	1.205589104570661
-0.6605931579143799	0.7274720743989758	1.2931706154014952
-0.6724163555001468	0.7177571953836279	1.3884740212824156
-0.6846748674798042	0.7066576611824202	1.4797953820146115
-0.6957386808748679	0.6958873758264361	1.5687680376088653
-0.706610449432043	0.6850646740640879	1.661884440917052
-0.7175667194736319	0.6747003094453042	1.7541850444610545
-0.7285373787259194	0.6639119667148687	1.843844197602025
-0.7390530813084161	0.6524656135185504	1.931748454423276
-0.7489768238536065	0.6405432367193018	2.0228299790532644
-0.7588405103077243	0.6283604447338449	2.1200701026995863
-0.7679913432161695	0.6161479206460031	2.222155831525182
-0.7769782958407552	0.6038948176282509	2.3144354678536754
-0.7863876538394005	0.5912417422763958	2.407169870928478
-0.7960685552150966	0.5773900551452582	2.5075745765262094
-0.8043826927662325	0.5644231748433775	2.6015624937767186
-0.8132208450252105	0.5515044410268863	2.6940450663315367
-0.8221360126455901	0.5389525501982074	2.796068227742092
-0.8302714385071158	0.5262487621683243	2.894037776249936
-0.8381918022268637	0.5130627591981594	2.9826430125963213
-0.8459338174186266	0.5001714796163572	3.081523104728035
-0.8537314386519018	0.4869744088339722	-3.10601554114676
-0.8611520186240763	0.47377137007289344	-3.0185390419744915
-0.8683814435514485	0.46057060738180206	-2.9114450016828886
-0.875190326005802	0.4468325596201436	-2.8213977462548825
-0.8827357197128558	0.43203778007355514	-2.7156809080569215
-0.8894698729925835	0.4186375767528686	-2.628086565262365
-0.895790734831025	0.4042159092396616	-2.528680720678152
-0.9013509170310186	0.39018609467470733	-2.427921446183364
-0.9070393869386817	0.3764093855903571	-2.325507710892195
-0.9125283663242388	0.3620855935344932	-2.235466978524903
-0.9179956990494741	0.34775145309905453	-2.142573836138438
-0.9233572578709845	0.3335033594876343	-2.0397720441623792
-0.9284261771288602	0.3197101955419367	-1.9361568786794756
-0.9331841099400874	0.30554593355729853	-1.8391106249251037
-0.93774524680275	0.29065495338794345	-1.759495441086761
-0.9429899637457502	0.2742821962063128	-1.6686240857458385
-0.947485511907171	0.25893650993889866	-1.578206603424826
-0.9512729219425268	0.24379959506230428	-1.48271021063517
-0.9546924664726377	0.22880794374080016	-1.3978040841307227
-0.9581799670559483	0.21353035789109812	-1.3090356307360371
-0.9613530224475326	0.19859437913887323	-1.2205683334997735
-0.9647174927297397	0.18384136865631273	-1.1167652155278003
-0.9680355780582355	0.16872826613332134	-1.0230043837407967
-0.9705895847979578	0.15367155640459712	-0.9261973781137705
-0.972511925637215	0.13878962284702787	-0.8392809868031667
-0.9746651472397149	0.1233433163721328	-0.7431322914210696
-0.9767316315752046	0.10845554269787107	-0.6465437651731187
-0.9780020464110284	0.09170633451039471	-0.5494898093755597
-0.9795651797968745	0.07623910539628911	-0.451772051516995
-0.9808743593154823	0.06138840310693404	-0.3636720913885492
-0.9814371840552537	0.04586530398938966	-0.2647316883248592
-0.9818476222308936	0.030756484245723748	-0.169231612062969
-0.982484787821696	0.015692108238341863	-0.07861608981460858
-0.9829400912264694	0.0005110468871214208	0.007732033089277652
-0.9835479747758268	-0.01469296117059202	0.10172267994935133
-0.9835265088774292	-0.029492169320493204	0.1866146743542223
-0.9827964749580862	-0.04484142633723772	0.2750791530488698
-0.9816519566529058	-0.059930739504688496	0.3698005440168081
-0.9805482707170605	-0.07624981095411078	0.4711551154048911
-0.9798581661798667	-0.09170763081961182	0.5658028385310397
-0.9785508767167427	-0.10749943351048677	0.6516578294849638
-0.9768417841735269	-0.12295242797798013	0.7390600288185896
-0.9746151553461729	-0.1384769512788731	0.8341444930538505
-0.9720098266455655	-0.1536602046801556	0.9296683234101769
-0.9688900894495328	-0.16853639820894148	1.0266489326789985
-0.9659313690510014	-0.18395597558638901	1.1157108558493536
-0.9629451324226113	-0.19917003002430986	1.2070247475501958
-0.959212501914667	-0.21416671288647973	1.3058584959937487
-0.9553539080337541	-0.2289029458489869	1.3920998446077635
-0.9517298428773695	-0.24560808727040315	1.5025820362240132
-0.9479041016363203	-0.26039289682277134	1.6084327415666198
-0.9434951433179543	-0.2753107862324578	1.6974433967198281
-0.9390935745920951	-0.2896950418548667	1.791524984078739
-0.9346305159956115	-0.3040852182250533	1.8957869991994927
-0.9298419845515419	-0.3184017604221628	1.9832171040891324
-0.924643519769646	-0.33263254314861973	2.0876372931672793
-0.9192439009800462	-0.3468522174544412	2.180703215104649
-0.9138209364988521	-0.3609994293466846	2.2710212504015175
-0.9087033241505356	-0.3749142619313439	2.3635978850561186
-0.9023399226840401	-0.38893265459940773	2.4570626614549504
-0.895156533986289	-0.40413241205623707	2.562259550268654
-0.8886719513514953	-0.4179981377546616	2.669051893802566
-0.8819804467073517	-0.43187901573327864	2.753154398974494
-0.8754513993874629	-0.44596061299955464	2.8421001688292784
-0.8687260166553884	-0.4597002920085082	2.936341280540405
-0.8618604559753323	-0.4730010928395163	3.0357124386197327
-0.8549607297143542	-0.48627058980454674	3.139512702439015
-0.8469473043858575	-0.49912271999484353	-3.0519304739636484
-0.8386687029439034	-0.5122669587457067	-2.9694505926830828
-0.8304878241592066	-0.5258177971611716	-2.882192511103913
-0.8220018797024917	-0.5389517980120762	-2.7924134113129973
-0.8123482418698214	-0.5528123023605445	-2.6894331916602074
-0.8030519828479484	-0.5653075843136192	-2.5985824372937216
-0.7938836326784765	-0.5779176836590622	-2.5133013527888015
-0.7847699793233097	-0.590252316083699	-2.4144448247065404
-0.7760696869327227	-0.6024146571687372	-2.316258801936797
-0.7665319199014721	-0.6148436075130429	-2.2194622138375566
-0.7570763210028977	-0.6265167763472848	-2.1270168726751004
-0.7469705359650964	-0.6379116069350823	-2.0387778006152195
-0.7372417474998174	-0.6497841584342208	-1.9452200764261502
-0.7270871730886725	-0.6608956123271845	-1.8431131173691535
-0.716564395696749	-0.6721919581805099	-1.7532254150784992
-0.7054062425976803	-0.684467724813261	-1.6523292208185532
-0.6943467894150462	-0.695048070244773	-1.5559127012900014
-0.6830623064950886	-0.705872012054061	-1.4597115195656012
-0.6723784742776766	-0.716222613762363	-1.3649723845205957
-0.6616147508518112	-0.7268167641054339	-1.2774094469200212
-0.6505587578942487	-0.7373025898466163	-1.1908192992873112
-0.6391818714595725	-0.7470543886670306	-1.0915429690307321
-0.6273779283215069	-0.7563492266083491	-0.9856059220635415
-0.6149114543664563	-0.7653151939862131	-0.8894901647985489
-0.6024122745957915	-0.7742870088489349	-0.7873969110633523
-0.5903063792409406	-0.7834310266949263	-0.6970658005507213
-0.5773582970483689	-0.794200493095472	-0.6003170879152948
-0.5653361665118183	-0.804138796256709	-0.5012009877654654
-0.552854300171565	-0.8132053980211115	-0.414032107543214
-0.5400267617471324	-0.8215729158160493	-0.3292612192707384
-0.526682612205892	-0.8293173827929265	-0.2397731153663395
-0.5133581469492312	-0.8373935497426724	-0.15797717016857651
-0.5001339930889357	-0.8455109376631477	-0.0677868194384164
-0.4872825223937462	-0.8534685876238066	0.04213613281554533
-0.47409005302475876	-0.8614279044756531	0.13711347377447236
-0.460386402224587	-0.8689372432245477	0.23292831422515906
-0.44699944249548573	-0.8755465605507535	0.32637635507434615
-0.4317116675785759	-0.8827606375495501	0.42178516954219336
-0.41780792317314436	-0.8897880602519853	0.5216419784734266
-0.4038535102078854	-0.8959621400463597	0.6163749304710119
-0.3896912824794623	-0.9019204914365213	0.7072429185513283
-0.3761549582239525	-0.9081396744189345	0.8033170144613722
-0.3619510888458622	-0.9134660969814837	0.8932164293921149
-0.3474391184387257	-0.9190530898872011	0.9909644766898515
-0.3335628346303708	-0.9242529269573437	1.083381344088005
-0.319169333361279	-0.9297641062824085	1.1707844467358879
-0.30484342231476125	-0.9345725851577056	1.2619343165612051
-0.2904070234227756	-0.9389625771346037	1.3715774396765246
-0.27398588001941765	-0.9431326983089559	1.4750210452642916
-0.2589100725260111	-0.9468870088497328	1.5709387545413802
-0.24411120124479102	-0.9506351890894291	1.6759759722237046
-0.22994758163158388	-0.9542232054861356	1.779147557136828
-0.2151088837538585	-0.9571738645713124	1.870662775255654
-0.19983028288015717	-0.9604776687909816	1.9513605699951877
-0.18462952772731575	-0.9639778615938187	2.034407960483812
-0.16928730527105992	-0.9671977486360048	2.1256881980425217
-0.15406862269567909	-0.9698144650707508	2.2190907747559554
-0.13912717921765602	-0.9718968355179596	2.311986891347661
-0.12356694243037428	-0.974174644541771	2.4000255894051956
-0.10679405252149479	-0.9761904951761597	2.4977362963353498
-0.09136786026331029	-0.9772095036899539	2.592378842001278
-0.07581553382758024	-0.9786027481378252	2.6796660278688957
-0.06033489801801391	-0.9803401776124401	2.7790488629840073
-0.045486474543070025	-0.9813035036755513	2.8779991168836507
-0.030186941413531558	-0.9817605768779037	2.964757775124322
-0.015146183450856564	-0.9821729550981163	3.0602252878320537
6.481680959621922e-05	-0.9824010680183909	-3.1259047323272595
0.015272374093039299	-0.9823181716676762	-3.0394085173371197
0.03043281039883654	-0.9820117420816807	-2.933277583649627
0.0457421292112976	-0.9812535286306288	-2.8443299009101737
0.06103140242744932	-0.9806242318377304	-2.7501296808363804
0.07718161566445413	-0.9800972075175196	-2.653832715130263
0.09278175280734381	-0.978498951936338	-2.5565180840478456
0.10796830871285304	-0.9763064145104434	-2.45812793156955
0.12284014787345313	-0.9744568415160536	-2.355264863111925
0.13790969327109942	-0.9721296951655708	-2.2672577172088575
0.15310288265634284	-0.9697722033610193	-2.1740132361046456
0.16827789390450557	-0.9673030410456389	-2.074933203341377
0.18301183395122864	-0.9649519613425476	-1.974802076257869
0.19784896486022047	-0.961997086901402	-1.8825103628201845
0.21274242873815094	-0.9582905858383926	-1.7917369761631607
0.22803593032302094	-0.9549035435236404	-1.7110346116897595
0.2448461672719523	-0.951135659687764	-1.6130615958411754
0.2600205127106139	-0.9470923802583782	-1.5212405040602384
0.27458600952418966	-0.9427191258544653	-1.4255585847508996
0.28938473344542426	-0.938189086674188	-1.339220484322147
0.30398563975146004	-0.9336363148114991	-1.2525856780246962
0.31833630840474725	-0.9286546525132997	-1.1564550619733949
0.3327951660467785	-0.9241406225868841	-1.061881568103157
0.3475588453240194	-0.9191386924702462	-0.963943896096053
0.3614691597425813	-0.9137052110505736	-0.8671462074525242
0.3755711927320241	-0.9075795820858764	-0.7800008083939943
0.38983991620972597	-0.9019921525886112	-0.6846176307347954
0.404925466811667	-0.8950995450527264	-0.5770154158790654
0.4189608907447578	-0.8884429208237664	-0.4849186194702964
0.4327010916670514	-0.8821977762854352	-0.38764491869468914
0.446103590600755	-0.8749973939942826	-0.29710209598299436
0.45992824229410406	-0.867990729954479	-0.20230644310662507
0.4731198679431503	-0.8612200827302143	-0.10967285836654189
0.48674765671951653	-0.8541685249509754	-0.02572718171726433
0.49989960496563546	-0.8466968526011002	0.06566428159094925
0.5125706867441346	-0.8386376615964094	0.17422389369179742
0.5251813465528193	-0.8300227683806555	0.27295047159440855
0.5377463845865669	-0.8211744615175279	0.368410562792706
0.5513287219763063	-0.81143222177865	0.4805545946977224
0.5637181476004333	-0.8026584378872207	0.5810257963173736
0.5765760959987147	-0.7945150060158042	0.669723862152576
0.5895086269715468	-0.7859642777362579	0.7529537235108241
0.6018434921320343	-0.776693683062315	0.8384231099353164
0.6138706110380446	-0.767032925747573	0.9256316838163862
0.6254681005226499	-0.7569386087225355	1.0199456090654364
0.6373349939798507	-0.7468230197640026	1.1013416872727892
0.6490905186703677	-0.73661833539204	1.189764263037627
0.6605398184938361	-0.7267756915177023	1.2942241162204566
0.672224879345333	-0.7167376211335723	1.3901245701310923
0.6847951800485894	-0.7051419927794182	1.4965367042332114
0.6953892086482892	-0.6943812054217412	1.5923752706509071
0.7058628892697564	-0.6829109710388628	1.678545825015242
0.7166217158317888	-0.672113320403003	1.7758132094659127
0.7268206254322629	-0.6611553207561236	1.8697919744071345
0.7369172759266835	-0.6495668751604854	1.959985108432829
0.7471922356370192	-0.6385789981003822	2.056778690806946
0.7567495850761056	-0.6267892454692935	2.1450704510903824
0.7664859175039271	-0.6147585842834828	2.2426169502482662
0.775742828758781	-0.6031567798356512	2.3383624283222737
0.7854477348805938	-0.5911828884636163	2.424328685045135
0.7954371465568911	-0.5780326652996179	2.521998142716798
0.804072403474529	-0.565372411606411	2.633618821701591
0.8122934061156126	-0.5521515306821215	2.7273363056373037
0.8203445657198641	-0.5391803237068523	2.824288474960053
0.8282628718061429	-0.5264510964356034	2.9287982587121504
0.835952153830023	-0.5139891068822621	3.0355700682278997
0.8434449141899795	-0.5008459985770749	3.1287500326083237
0.8514074642553124	-0.4873484248736739	-3.074201354877573
0.8594877250749351	-0.4739551908581945	-2.991271613100064
0.8673107042494141	-0.46022436856715554	-2.899868119446647
0.8745023327623732	-0.4465713307105638	-2.806060853505294
0.8818137612948502	-0.4316513372015484	-2.708901644126296
0.8888485084134227	-0.4173062064226336	-2.6181494754389285
0.8952791671834877	-0.40309441514365296	-2.5285069960626756
0.900958648631292	-0.3890288468091153	-2.4357260393773523
0.9072939046179833	-0.37496278106149455	-2.3466752992717583
0.9136628946214516	-0.360883759444944	-2.2464590890763634
0.9191011617667697	-0.3469618855746292	-2.1520997947737426
0.9242367392457279	-0.332331922099786	-2.0640235566029275
0.9294301111600715	-0.3180161924378995	-1.966926940158364
0.9342887630069582	-0.30352221992075495	-1.8707608590175964
0.9385580548053006	-0.28898618201045717	-1.7837851160376843
0.9428900080897782	-0.2745372767402945	-1.6798103772627124
0.9472365858146895	-0.2583195000378399	-1.582880444594945
0.9514268293225955	-0.2434693700192022	-1.4847418712819236
0.9553456451209124	-0.2290778750674785	-1.396775624785129
0.9587956527410502	-0.21406616535514683	-1.301332376697463
0.9615512058499123	-0.19924948647005375	-1.2021736663638352
0.964386445053942	-0.18460640005768703	-1.099271475695352
0.9668370437969017	-0.16947554554508934	-1.0097221128514504
0.9693667196375395	-0.154246306495926	-0.9170818794245118
0.9717255583076679	-0.13924066055256296	-0.8168516831283857
0.9740072861068166	-0.12464645600452497	-0.7156095101851142
0.9756202402577838	-0.10948679863272008	-0.6242085736676777
0.9770143625400154	-0.09262876939072319	-0.5292877447887214
0.9786431699777083	-0.07686327328065318	-0.44538288500010675
0.9799754451492645	-0.06106975242929503	-0.3538369059867496
0.9808493371354714	-0.04562115143408538	-0.26285307373365024
0.981162564111294	-0.03052931636602017	-0.16893396259079402
0.9815690381040563	-0.014889826136392819	-0.08367723040342072
0.9816842535644164	0.0005610566741217114	0.0033575908459470847
0.9812048158127412	0.01581226187885598	0.09843249569394259
0.9813773694905258	0.031107933845185523	0.19306141100519647
0.9812599542854397	0.04669242050885867	0.29167470544136725
0.9804150155535917	0.061545625807862325	0.38855407876351356
0.9788803125307882	0.07835831054715749	0.4831542728696573
0.9778521430424998	0.09372201668706882	0.581640857057524
0.9760954227032492	0.10889557733655825	0.6784936267679774
0.9741281901925366	0.12389173107920387	0.7682195283511808
0.9724333280313117	0.13865646677921878	0.8660983766709794
0.969817773816193	0.15368654223841482	0.9543143652186389
0.9674540747471367	0.16884308772266818	1.0508583817105779
0.9650735410194681	0.18337878856988052	1.1435290782908667
0.962601614498544	0.1986205193594668	1.2285908042585674
0.9594861764576635	0.21343418431179384	1.3216442829659663
0.9559017167163247	0.22798188749518947	1.4309187546269213
0.9511917803620972	0.24408403748133878	1.5356656864179759
0.9467810094340864	0.25897955945775003	1.631413533781808
0.9421386799848842	0.2736134097351994	1.7375804386450635
0.9376513827866216	0.2877480519140477	1.8416796094077372
0.9338244206026374	0.30215978770227453	1.9260378648277554
0.9294988591839626	0.3171775360404433	2.008587662368275
0.9244118342364519	0.33193323070868297	2.0945517141728924
0.9189942489991483	0.3464960070303754	2.183617143866846
0.9130145086039705	0.36061933756204656	2.277818130635252
0.9071919044903641	0.3750083659721572	2.358543300403037
0.9010509384930728	0.38938686453388294	2.4472500450732135
0.8945171242693383	0.4046622679523743	2.5569384959419774
0.8886516176137914	0.41900628095430664	2.6538730564934245
0.8821405336395212	0.4332819764294108	2.7525863902112446
0.8753654257643789	0.4465479936423882	2.8474254749958816
0.8680651247290576	0.45998148730530736	2.932375932299911
0.8610438597912841	0.47361933383914256	3.030243768242858
0.8538413467617857	0.48674171983590414	3.124169427764978
0.8458173196276365	0.49989676729431287	-3.069847922418957
0.8383770603774504	0.5130691876576998	-2.971960286773782
0.8302022666886114	0.5257954974601377	-2.8824281615844356
0.8216702310928399	0.5387653721052041	-2.7834234409903247
0.8126482455122983	0.5522800936171398	-2.680554915225781
0.803915798859914	0.5652892926964126	-2.5925757952363755
0.795203763728267	0.5778830345566259	-2.5048753088947495
0.7860839416045821	0.5898839130829642	-2.395315179851004
0.7761999810296671	0.601617995921549	-2.301723128234404
0.7663122740967432	0.6133614855039546	-2.204356405239113
0.7565504987499967	0.6248017805067972	-2.098105204350274
0.7470200777135287	0.6359425209099123	-1.9912407858870924
