0.490165	0.0121979	0.108268
0.484778	0.0189019	0.150773
0.492938	0.0319953	0.168911
0.527274	0.0359464	0.209316
0.575432	0.0406813	0.305338
0.624978	0.0482837	0.464842
0.674324	0.0579151	0.657191
0.715139	0.0692761	0.818893
0.768301	0.0864198	0.914874
0.838926	0.105073	0.926263
0.900872	0.121229	0.927968
0.950897	0.136237	0.939705
1.0001	0.155284	0.982521
1.03277	0.174827	1.05581
1.0473	0.191547	1.14559
1.04552	0.211911	1.33134
1.03161	0.227288	1.49422
1.01437	0.237555	1.64944
0.991213	0.246394	1.81644
0.968199	0.254795	1.93408
0.946848	0.264366	2.02847
0.929653	0.277618	2.09796
0.91934	0.291462	2.13475
0.914038	0.311576	2.18316
0.913714	0.333965	2.24414
0.913776	0.356378	2.30773
0.914171	0.37823	2.39802
0.913557	0.394906	2.4929
0.910795	0.414476	2.62661
0.908015	0.430009	2.7504
0.903572	0.441779	2.86025
0.895602	0.45419	2.96958
0.887389	0.467345	3.05892
0.878456	0.480969	-3.12617
0.870567	0.492073	-3.06626
0.864315	0.504557	-3.0056
0.858272	0.516369	-2.93242
0.850725	0.528907	-2.83849
0.84358	0.542514	-2.72932
0.835044	0.555279	-2.60829
0.823496	0.567922	-2.49702
0.81218	0.580209	-2.38361
0.804952	0.58815	-2.31537
0.792567	0.603432	-2.22093
0.783342	0.617477	-2.14539
0.774908	0.629149	-2.06725
0.762694	0.64448	-1.94883
0.753279	0.654413	-1.86373
0.741301	0.66624	-1.76244
0.729717	0.678997	-1.66026
0.720652	0.689299	-1.57627
0.709459	0.701293	-1.48845
0.69818	0.712661	-1.42045
0.686685	0.724479	-1.35978
0.675392	0.735877	-1.25051
0.666804	0.745406	-1.15118
0.652962	0.759713	-1.06763
0.644705	0.766983	-1.0436
0.630904	0.779329	-0.970509
0.621267	0.787859	-0.878275
0.607542	0.799813	-0.680207
0.59755	0.808375	-0.550673
0.582277	0.818797	-0.398949
0.57133	0.824891	-0.314968
0.557277	0.832439	-0.244797
0.54293	0.839518	-0.176593
0.52795	0.846714	-0.0873648
0.512869	0.854145	0.0137448
0.500211	0.859516	0.108551
0.48494	0.866007	0.199506
0.47035	0.874007	0.312702
0.455694	0.883122	0.442112
0.441577	0.891941	0.573284
0.429861	0.899124	0.663463
0.413511	0.907613	0.741491
0.399208	0.91414	0.803108
0.387212	0.919307	0.858082
0.373298	0.926094	0.931587
0.361346	0.931423	1.01482
0.346925	0.936478	1.12733
0.331968	0.939768	1.24756
0.315607	0.94423	1.3658
0.297495	0.950213	1.50035
0.287497	0.953067	1.573
0.269816	0.958717	1.66686
0.257445	0.962736	1.73832
0.24257	0.967998	1.82389
0.227045	0.97314	1.915
0.213701	0.977238	2.01259
0.19775	0.981035	2.10909
0.181626	0.984813	2.21685
0.162105	0.987406	2.33931
0.150426	0.988618	2.41011
0.131226	0.990615	2.52341
0.118151	0.992092	2.5884
0.0997888	0.994362	2.68252
0.0840479	0.996547	2.76638
0.066614	0.99824	2.85442
0.0521632	0.99948	2.93249
0.0361449	1.00124	3.02513
0.0196189	1.00301	3.1389
0.000902746	1.00457	-3.00534
-0.0122051	1.00073	-2.91605
-0.0267981	0.99741	-2.8449
-0.0379917	0.996356	-2.79044
-0.0526202	0.995386	-2.71437
-0.067351	0.995773	-2.63321
-0.0832752	0.995871	-2.51103
-0.100209	0.99485	-2.39286
-0.117352	0.992458	-2.26812
-0.133597	0.987743	-2.15861
-0.146437	0.983464	-2.0962
-0.164886	0.980407	-2.003
-0.178252	0.979849	-1.94966
-0.192819	0.978154	-1.8878
-0.204125	0.975958	-1.82006
-0.221459	0.972443	-1.74751
-0.235352	0.969599	-1.69321
-0.251414	0.966336	-1.57097
-0.264577	0.962897	-1.45503
-0.280199	0.958846	-1.34337
-0.299228	0.953714	-1.2516
-0.31652	0.948743	-1.17277
-0.332905	0.943563	-1.05126
-0.346487	0.938212	-0.938207
-0.361645	0.931179	-0.811033
-0.376368	0.923869	-0.702928
-0.391511	0.91781	-0.58954
-0.404142	0.913571	-0.491383
-0.422281	0.907068	-0.374409
-0.437584	0.901063	-0.278709
-0.449389	0.895302	-0.188998
-0.463774	0.887598	-0.0853671
-0.476782	0.879298	-0.0067435
-0.487277	0.871841	0.0614003
-0.500399	0.862576	0.132961
-0.513791	0.853244	0.211693
-0.526563	0.843243	0.301318
-0.539873	0.833923	0.410255
-0.554465	0.825262	0.557974
-0.56526	0.81766	0.6697
-0.578984	0.808307	0.769382
-0.592101	0.799856	0.854019
-0.603773	0.792093	0.920771
-0.616985	0.782705	1.00015
-0.629813	0.773466	1.07929
-0.642698	0.762759	1.16754
-0.655342	0.752227	1.27906
-0.666093	0.743782	1.37016
-0.678791	0.733352	1.4707
-0.69279	0.720951	1.59389
-0.702862	0.711993	1.68606
-0.713708	0.701158	1.80666
-0.722649	0.689233	1.89755
-0.72955	0.678419	1.97517
-0.740941	0.663436	2.06696
-0.750341	0.652898	2.13302
-0.762343	0.640888	2.225
-0.774148	0.629248	2.33129
-0.784372	0.619315	2.40736
-0.797897	0.604306	2.5252
-0.806879	0.593974	2.61409
-0.816601	0.581027	2.72769
-0.824782	0.567574	2.83532
-0.830856	0.555736	2.91613
-0.839655	0.538874	3.01362
-0.846164	0.527651	3.08872
-0.854322	0.513387	-3.11628
-0.86496	0.497525	-3.02336
-0.871845	0.489215	-2.97211
-0.882505	0.475467	-2.87617
-0.890901	0.464742	-2.78782
-0.897914	0.451259	-2.66977
-0.902682	0.43856	-2.56576
-0.907612	0.420834	-2.43647
-0.910945	0.408033	-2.35526
-0.916629	0.392376	-2.26834
-0.92381	0.376361	-2.17805
-0.929475	0.363454	-2.09504
-0.935964	0.346896	-2.00637
-0.942876	0.330116	-1.90265
-0.949473	0.313967	-1.79669
-0.954489	0.297892	-1.67864
-0.957845	0.281953	-1.57224
-0.961097	0.266336	-1.47727
-0.964017	0.250916	-1.38517
-0.966823	0.235783	-1.29904
-0.968816	0.225047	-1.23885
-0.973452	0.207674	-1.18414
-0.977063	0.19533	-1.15326
-0.982368	0.17771	-1.07079
-0.98654	0.165003	-0.985573
-0.990554	0.149581	-0.845367
-0.992279	0.133301	-0.707402
-0.99315	0.119873	-0.57089
-0.993033	0.107318	-0.454123
-0.993526	0.0876276	-0.368644
-0.994848	0.0705855	-0.309918
-0.996357	0.0558066	-0.244404
-0.998237	0.0383277	-0.149491
-0.999888	0.0242831	-0.0701995
-1.00147	0.00762361	0.0214128
-1.00273	-0.00809398	0.13142
-1.00317	-0.024668	0.27874
-1.00246	-0.0386392	0.393292
-1.00075	-0.0552899	0.519667
-0.998171	-0.0723024	0.612258
-0.996042	-0.0858659	0.669364
-0.993994	-0.103119	0.747259
-0.992489	-0.118936	0.837459
-0.991491	-0.135411	0.916136
-0.98928	-0.152291	1.00913
-0.986725	-0.165303	1.09656
-0.986188	-0.181702	1.21327
-0.988491	-0.198716	1.31875
-0.987037	-0.212545	1.41402
-0.982675	-0.225057	1.49242
-0.976902	-0.240035	1.58948
-0.970449	-0.255712	1.71001
-0.962098	-0.27362	1.83012
-0.954179	-0.288765	1.93043
-0.946825	-0.304216	2.02692
-0.941192	-0.316606	2.10032
-0.934969	-0.330555	2.18777
-0.930243	-0.343293	2.25927
-0.924954	-0.361733	2.36911
-0.922843	-0.371962	2.43065
-0.919143	-0.387803	2.51676
-0.914785	-0.403405	2.61446
-0.908304	-0.419915	2.74205
-0.901482	-0.43305	2.84116
-0.892577	-0.44876	2.94231
-0.88466	-0.464088	3.03266
-0.878505	-0.477511	3.10803
-0.869747	-0.496211	-3.067
-0.862877	-0.509021	-2.99781
-0.855265	-0.521924	-2.94682
-0.848392	-0.533878	-2.90725
-0.841426	-0.546454	-2.80219
-0.833929	-0.55934	-2.68093
-0.825776	-0.569511	-2.56819
-0.815846	-0.580998	-2.41669
-0.804735	-0.593374	-2.28443
-0.793322	-0.605654	-2.17822
-0.782417	-0.617881	-2.08829
-0.772264	-0.62853	-2.01928
-0.761541	-0.640978	-1.94785
-0.751369	-0.654168	-1.88782
-0.74077	-0.666894	-1.79948
-0.731931	-0.677451	-1.72293
-0.721571	-0.690032	-1.61206
-0.711509	-0.702116	-1.47201
-0.699854	-0.713401	-1.34719
-0.68728	-0.723473	-1.22919
-0.67478	-0.733214	-1.12113
-0.664238	-0.740918	-1.06181
-0.651751	-0.750552	-1.02604
-0.640206	-0.761741	-0.985151
-0.629155	-0.77423	-0.917805
-0.619927	-0.784481	-0.84021
-0.606449	-0.798243	-0.691527
-0.59449	-0.809703	-0.551124
-0.582878	-0.817881	-0.407197
-0.568789	-0.824836	-0.279309
-0.5544	-0.83143	-0.20899
-0.539696	-0.838566	-0.153354
-0.5249	-0.845938	-0.10544
-0.510859	-0.853646	-0.0448844
-0.496284	-0.861346	0.0446454
-0.484411	-0.868058	0.151501
-0.470583	-0.875688	0.291186
-0.456825	-0.884783	0.433244
-0.443453	-0.893221	0.579265
-0.429063	-0.900526	0.718249
-0.416724	-0.90558	0.807846
-0.401966	-0.910772	0.876631
-0.387587	-0.917043	0.919668
-0.375607	-0.921967	0.9632
-0.359026	-0.929961	1.04298
-0.346815	-0.935338	1.11725
-0.328438	-0.941657	1.26592
-0.315891	-0.945722	1.36594
-0.302929	-0.948806	1.47156
-0.287089	-0.952526	1.58339
-0.268725	-0.958605	1.6928
-0.255147	-0.963289	1.77657
-0.24067	-0.967391	1.85093
-0.223901	-0.971683	1.93322
-0.20835	-0.976294	2.01973
-0.192731	-0.980719	2.11844
-0.176282	-0.984056	2.22248
-0.162387	-0.98599	2.31075
-0.146225	-0.989019	2.39994
-0.130927	-0.992008	2.48768
-0.115354	-0.994104	2.58039
-0.0989833	-0.99673	2.67712
-0.0846742	-0.998104	2.77171
-0.0675456	-0.999405	2.87015
-0.0478342	-1.00131	2.989
-0.0345361	-1.00196	3.08116
-0.020506	-1.00139	-3.11942
-0.000866912	-0.996392	-3.01762
0.0148871	-0.99288	-2.9326
0.0297065	-0.991886	-2.84913
0.0394268	-0.99178	-2.78924
0.0555711	-0.993489	-2.7085
0.0711835	-0.996067	-2.60555
0.0871288	-0.997596	-2.49207
0.100898	-0.997099	-2.38719
0.116845	-0.993538	-2.2809
0.131616	-0.988636	-2.18356
0.143815	-0.984578	-2.10122
0.162025	-0.979376	-2.04343
0.175641	-0.976252	-2.00894
0.191723	-0.974068	-1.96535
0.20788	-0.973391	-1.90775
0.222745	-0.972459	-1.79467
0.236473	-0.97128	-1.6673
0.250948	-0.968377	-1.46711
0.266257	-0.962588	-1.26961
0.279551	-0.956615	-1.13161
0.294702	-0.94791	-1.01682
0.306759	-0.940175	-0.964769
0.325809	-0.93128	-0.946578
0.343772	-0.926703	-0.926765
0.359247	-0.924036	-0.904334
0.377747	-0.921694	-0.85882
0.394939	-0.918945	-0.705601
0.410841	-0.917033	-0.528411
0.425411	-0.912256	-0.338782
0.436523	-0.905219	-0.199191
0.449077	-0.895846	-0.0559101
0.46091	-0.886309	-0.00178883
0.473276	-0.875962	0.0397726
0.483451	-0.867248	0.061478
0.499264	-0.856789	0.112861
0.51348	-0.849362	0.16673
0.52536	-0.842824	0.248587
0.539772	-0.834876	0.376046
0.553677	-0.826611	0.523142
0.566769	-0.816848	0.682583
0.577414	-0.808329	0.797933
0.59062	-0.798478	0.882429
0.604227	-0.788945	0.949682
0.617582	-0.779497	1.01936
0.631313	-0.770516	1.08945
0.645376	-0.761486	1.16727
0.655711	-0.753639	1.23799
0.670001	-0.742061	1.3409
0.681997	-0.732391	1.4519
0.691059	-0.72367	1.56644
0.701464	-0.712577	1.67068
0.71167	-0.700194	1.78295
0.720561	-0.690226	1.87855
0.730577	-0.677208	1.97804
0.741643	-0.662053	2.09039
0.749879	-0.651065	2.15662
0.758558	-0.640374	2.23019
0.769897	-0.628979	2.33047
0.782299	-0.616475	2.42537
0.795431	-0.602746	2.53364
0.807328	-0.589447	2.63779
0.817069	-0.575935	2.73451
0.824709	-0.565042	2.81025
0.834123	-0.552152	2.90578
0.843322	-0.539231	2.99848
0.852182	-0.525574	3.08571
0.861609	-0.51273	-3.11718
0.869515	-0.503078	-3.05472
0.878903	-0.490038	-2.97762
0.887008	-0.476443	-2.8724
0.893898	-0.462334	-2.74601
0.899465	-0.448279	-2.6139
0.90309	-0.433906	-2.49335
0.905303	-0.421088	-2.42529
0.909615	-0.405376	-2.36681
0.915811	-0.389827	-2.31924
0.9229	-0.373884	-2.24139
0.929883	-0.358226	-2.13863
0.935689	-0.345224	-2.03916
0.943573	-0.327235	-1.88446
0.948828	-0.315151	-1.78327
0.954273	-0.299818	-1.67623
0.959319	-0.28515	-1.57644
0.963337	-0.270351	-1.48855
0.965904	-0.254348	-1.39861
0.967936	-0.238769	-1.30437
0.969719	-0.225307	-1.23503
0.97296	-0.207069	-1.15716
0.97643	-0.192334	-1.09967
0.978745	-0.181507	-1.05346
0.983017	-0.163487	-0.96838
0.987552	-0.148364	-0.887791
0.991576	-0.132796	-0.726659
0.993501	-0.11968	-0.600148
0.993998	-0.103887	-0.451768
0.992813	-0.0880016	-0.316028
0.990878	-0.0719501	-0.213347
0.989402	-0.0550532	-0.140145
0.988523	-0.0379929	-0.0675065
0.988491	-0.0209373	-0.0115184
0.989068	-0.00616159	0.0156993
0.991607	0.0132831	0.0978875
0.994438	0.0276237	0.180538
0.996996	0.0444992	0.328033
0.998003	0.0601044	0.502357
0.99768	0.0731646	0.633618
0.994851	0.0909376	0.75445
0.993152	0.102975	0.820419
0.991167	0.117579	0.871325
0.989205	0.132695	0.931048
0.987055	0.145536	0.981323
0.98455	0.164439	1.08291
0.983372	0.177674	1.16159
0.981015	0.194434	1.26331
0.976974	0.21305	1.39961
0.973118	0.225753	1.51057
0.969436	0.234626	1.58436
